"created per month",filters,filters,Count
"2015-01-01 00:00:00","first_app:topfacemobappandroid","*","1,340"
"2015-01-01 00:00:00","first_app:topfacemobappandroid","_exists_:(user_mau.1501.topfacemobappandroid OR user_mau.1501.topfacemobappios OR user_mau.1501.topface OR user_mau.1501.standalonetf)","1,225"
"2015-01-01 00:00:00","first_app:topfacemobappandroid","_exists_:(user_mau.1502.topfacemobappandroid OR user_mau.1502.topfacemobappios OR user_mau.1502.topface OR user_mau.1502.standalonetf)",415
"2015-01-01 00:00:00","first_app:topfacemobappandroid","_exists_:(user_mau.1503.topfacemobappandroid OR user_mau.1503.topfacemobappios OR user_mau.1503.topface OR user_mau.1503.standalonetf)",202
"2015-01-01 00:00:00","first_app:topfacemobappandroid","_exists_:(user_mau.1504.topfacemobappandroid OR user_mau.1504.topfacemobappios OR user_mau.1504.topface OR user_mau.1504.standalonetf)",131
"2015-01-01 00:00:00","first_app:topfacemobappandroid","_exists_:(user_mau.1505.topfacemobappandroid OR user_mau.1505.topfacemobappios OR user_mau.1505.topface OR user_mau.1505.standalonetf)",99
"2015-01-01 00:00:00","first_app:topfacemobappandroid","_exists_:(user_mau.1506.topfacemobappandroid OR user_mau.1506.topfacemobappios OR user_mau.1506.topface OR user_mau.1506.standalonetf)",87
"2015-01-01 00:00:00","first_app:topfacemobappandroid","_exists_:(user_mau.1507.topfacemobappandroid OR user_mau.1507.topfacemobappios OR user_mau.1507.topface OR user_mau.1507.standalonetf)",103
"2015-01-01 00:00:00","first_app:topfacemobappandroid","_exists_:(user_mau.1508.topfacemobappandroid OR user_mau.1508.topfacemobappios OR user_mau.1508.topface OR user_mau.1508.standalonetf)",88
"2015-01-01 00:00:00","first_app:topfacemobappandroid","_exists_:(user_mau.1509.topfacemobappandroid OR user_mau.1509.topfacemobappios OR user_mau.1509.topface OR user_mau.1509.standalonetf)",76
"2015-01-01 00:00:00","first_app:topfacemobappandroid","_exists_:(user_mau.1510.topfacemobappandroid OR user_mau.1510.topfacemobappios OR user_mau.1510.topface OR user_mau.1510.standalonetf)",53
"2015-01-01 00:00:00","first_app:topfacemobappandroid","_exists_:(user_mau.1511.topfacemobappandroid OR user_mau.1511.topfacemobappios OR user_mau.1511.topface OR user_mau.1511.standalonetf)",40
"2015-01-01 00:00:00","first_app:topfacemobappandroid","_exists_:(user_mau.1512.topfacemobappandroid OR user_mau.1512.topfacemobappios OR user_mau.1512.topface OR user_mau.1512.standalonetf)",19
"2015-01-01 00:00:00","first_app:topfacemobappandroid","_exists_:(user_mau.1601.topfacemobappandroid OR user_mau.1601.topfacemobappios OR user_mau.1601.topface OR user_mau.1601.standalonetf)",77
"2015-01-01 00:00:00","first_app:topfacemobappandroid","_exists_:(user_mau.1602.topfacemobappandroid OR user_mau.1602.topfacemobappios OR user_mau.1602.topface OR user_mau.1602.standalonetf)",61
"2015-01-01 00:00:00","first_app:topfacemobappandroid","_exists_:(user_mau.1603.topfacemobappandroid OR user_mau.1603.topfacemobappios OR user_mau.1603.topface OR user_mau.1603.standalonetf)",49
"2015-01-01 00:00:00","first_app:topfacemobappandroid","_exists_:(user_mau.1604.topfacemobappandroid OR user_mau.1604.topfacemobappios OR user_mau.1604.topface OR user_mau.1604.standalonetf)",44
"2015-01-01 00:00:00","first_app:topfacemobappandroid","_exists_:(user_mau.1605.topfacemobappandroid OR user_mau.1605.topfacemobappios OR user_mau.1605.topface OR user_mau.1605.standalonetf)",46
"2015-01-01 00:00:00","first_app:topfacemobappandroid","_exists_:(user_mau.1606.topfacemobappandroid OR user_mau.1606.topfacemobappios OR user_mau.1606.topface OR user_mau.1606.standalonetf)",38
"2015-01-01 00:00:00","first_app:topfacemobappandroid","_exists_:(user_mau.1607.topfacemobappandroid OR user_mau.1607.topfacemobappios OR user_mau.1607.topface OR user_mau.1607.standalonetf)",35
"2015-01-01 00:00:00","first_app:topfacemobappandroid","_exists_:(user_mau.1608.topfacemobappandroid OR user_mau.1608.topfacemobappios OR user_mau.1608.topface OR user_mau.1608.standalonetf)",39
"2015-01-01 00:00:00","first_app:topfacemobappandroid","_exists_:(user_mau.1609.topfacemobappandroid OR user_mau.1609.topfacemobappios OR user_mau.1609.topface OR user_mau.1609.standalonetf)",37
"2015-01-01 00:00:00","first_app:topfacemobappandroid","_exists_:(user_mau.1610.topfacemobappandroid OR user_mau.1610.topfacemobappios OR user_mau.1610.topface OR user_mau.1610.standalonetf)",37
"2015-01-01 00:00:00","first_app:topfacemobappandroid","_exists_:(user_mau.1611.topfacemobappandroid OR user_mau.1611.topfacemobappios OR user_mau.1611.topface OR user_mau.1611.standalonetf)",35
"2015-01-01 00:00:00","first_app:topfacemobappandroid","_exists_:(user_mau.1612.topfacemobappandroid OR user_mau.1612.topfacemobappios OR user_mau.1612.topface OR user_mau.1612.standalonetf)",28
"2015-01-01 00:00:00","first_app:topfacemobappandroid","_exists_:(user_mau.1701.topfacemobappandroid OR user_mau.1701.topfacemobappios OR user_mau.1701.topface OR user_mau.1701.standalonetf)",25
"2015-01-01 00:00:00","first_app:topfacemobappandroid","_exists_:(user_mau.1702.topfacemobappandroid OR user_mau.1702.topfacemobappios OR user_mau.1702.topface OR user_mau.1702.standalonetf)",19
"2015-01-01 00:00:00","first_app:topfacemobappandroid","_exists_:(user_mau.1703.topfacemobappandroid OR user_mau.1703.topfacemobappios OR user_mau.1703.topface OR user_mau.1703.standalonetf)",30
"2015-01-01 00:00:00","first_app:topfacemobappandroid","_exists_:(user_mau.1704.topfacemobappandroid OR user_mau.1704.topfacemobappios OR user_mau.1704.topface OR user_mau.1704.standalonetf)",25
"2015-01-01 00:00:00","first_app:topfacemobappandroid","_exists_:(user_mau.1705.topfacemobappandroid OR user_mau.1705.topfacemobappios OR user_mau.1705.topface OR user_mau.1705.standalonetf)",25
"2015-01-01 00:00:00","first_app:topfacemobappandroid","_exists_:(user_mau.1706.topfacemobappandroid OR user_mau.1706.topfacemobappios OR user_mau.1706.topface OR user_mau.1706.standalonetf)",18
"2015-01-01 00:00:00","first_app:topfacemobappandroid","_exists_:(user_mau.1707.topfacemobappandroid OR user_mau.1707.topfacemobappios OR user_mau.1707.topface OR user_mau.1707.standalonetf)",21
"2015-01-01 00:00:00","first_app:topfacemobappandroid","_exists_:(user_mau.1708.topfacemobappandroid OR user_mau.1708.topfacemobappios OR user_mau.1708.topface OR user_mau.1708.standalonetf)",22
"2015-01-01 00:00:00","first_app:topfacemobappandroid","_exists_:(user_mau.1709.topfacemobappandroid OR user_mau.1709.topfacemobappios OR user_mau.1709.topface OR user_mau.1709.standalonetf)",20
"2015-01-01 00:00:00","first_app:topfacemobappandroid","_exists_:(user_mau.1710.topfacemobappandroid OR user_mau.1710.topfacemobappios OR user_mau.1710.topface OR user_mau.1710.standalonetf)",21
"2015-01-01 00:00:00","first_app:topfacemobappandroid","_exists_:(user_mau.1711.topfacemobappandroid OR user_mau.1711.topfacemobappios OR user_mau.1711.topface OR user_mau.1711.standalonetf)",25
"2015-01-01 00:00:00","first_app:topfacemobappandroid","_exists_:(user_mau.1712.topfacemobappandroid OR user_mau.1712.topfacemobappios OR user_mau.1712.topface OR user_mau.1712.standalonetf)",23
"2015-01-01 00:00:00","first_app:topfacemobappandroid","_exists_:(user_mau.1801.topfacemobappandroid OR user_mau.1801.topfacemobappios OR user_mau.1801.topface OR user_mau.1801.standalonetf)",26
"2015-01-01 00:00:00","first_app:topfacemobappandroid","_exists_:(user_mau.1802.topfacemobappandroid OR user_mau.1802.topfacemobappios OR user_mau.1802.topface OR user_mau.1802.standalonetf)",26
"2015-01-01 00:00:00","first_app:topfacemobappios","*",869
"2015-01-01 00:00:00","first_app:topfacemobappios","_exists_:(user_mau.1501.topfacemobappandroid OR user_mau.1501.topfacemobappios OR user_mau.1501.topface OR user_mau.1501.standalonetf)",760
"2015-01-01 00:00:00","first_app:topfacemobappios","_exists_:(user_mau.1502.topfacemobappandroid OR user_mau.1502.topfacemobappios OR user_mau.1502.topface OR user_mau.1502.standalonetf)",276
"2015-01-01 00:00:00","first_app:topfacemobappios","_exists_:(user_mau.1503.topfacemobappandroid OR user_mau.1503.topfacemobappios OR user_mau.1503.topface OR user_mau.1503.standalonetf)",170
"2015-01-01 00:00:00","first_app:topfacemobappios","_exists_:(user_mau.1504.topfacemobappandroid OR user_mau.1504.topfacemobappios OR user_mau.1504.topface OR user_mau.1504.standalonetf)",114
"2015-01-01 00:00:00","first_app:topfacemobappios","_exists_:(user_mau.1505.topfacemobappandroid OR user_mau.1505.topfacemobappios OR user_mau.1505.topface OR user_mau.1505.standalonetf)",91
"2015-01-01 00:00:00","first_app:topfacemobappios","_exists_:(user_mau.1506.topfacemobappandroid OR user_mau.1506.topfacemobappios OR user_mau.1506.topface OR user_mau.1506.standalonetf)",66
"2015-01-01 00:00:00","first_app:topfacemobappios","_exists_:(user_mau.1507.topfacemobappandroid OR user_mau.1507.topfacemobappios OR user_mau.1507.topface OR user_mau.1507.standalonetf)",56
"2015-01-01 00:00:00","first_app:topfacemobappios","_exists_:(user_mau.1508.topfacemobappandroid OR user_mau.1508.topfacemobappios OR user_mau.1508.topface OR user_mau.1508.standalonetf)",37
"2015-01-01 00:00:00","first_app:topfacemobappios","_exists_:(user_mau.1509.topfacemobappandroid OR user_mau.1509.topfacemobappios OR user_mau.1509.topface OR user_mau.1509.standalonetf)",39
"2015-01-01 00:00:00","first_app:topfacemobappios","_exists_:(user_mau.1510.topfacemobappandroid OR user_mau.1510.topfacemobappios OR user_mau.1510.topface OR user_mau.1510.standalonetf)",24
"2015-01-01 00:00:00","first_app:topfacemobappios","_exists_:(user_mau.1511.topfacemobappandroid OR user_mau.1511.topfacemobappios OR user_mau.1511.topface OR user_mau.1511.standalonetf)",30
"2015-01-01 00:00:00","first_app:topfacemobappios","_exists_:(user_mau.1512.topfacemobappandroid OR user_mau.1512.topfacemobappios OR user_mau.1512.topface OR user_mau.1512.standalonetf)",14
"2015-01-01 00:00:00","first_app:topfacemobappios","_exists_:(user_mau.1601.topfacemobappandroid OR user_mau.1601.topfacemobappios OR user_mau.1601.topface OR user_mau.1601.standalonetf)",76
"2015-01-01 00:00:00","first_app:topfacemobappios","_exists_:(user_mau.1602.topfacemobappandroid OR user_mau.1602.topfacemobappios OR user_mau.1602.topface OR user_mau.1602.standalonetf)",53
"2015-01-01 00:00:00","first_app:topfacemobappios","_exists_:(user_mau.1603.topfacemobappandroid OR user_mau.1603.topfacemobappios OR user_mau.1603.topface OR user_mau.1603.standalonetf)",54
"2015-01-01 00:00:00","first_app:topfacemobappios","_exists_:(user_mau.1604.topfacemobappandroid OR user_mau.1604.topfacemobappios OR user_mau.1604.topface OR user_mau.1604.standalonetf)",45
"2015-01-01 00:00:00","first_app:topfacemobappios","_exists_:(user_mau.1605.topfacemobappandroid OR user_mau.1605.topfacemobappios OR user_mau.1605.topface OR user_mau.1605.standalonetf)",44
"2015-01-01 00:00:00","first_app:topfacemobappios","_exists_:(user_mau.1606.topfacemobappandroid OR user_mau.1606.topfacemobappios OR user_mau.1606.topface OR user_mau.1606.standalonetf)",37
"2015-01-01 00:00:00","first_app:topfacemobappios","_exists_:(user_mau.1607.topfacemobappandroid OR user_mau.1607.topfacemobappios OR user_mau.1607.topface OR user_mau.1607.standalonetf)",42
"2015-01-01 00:00:00","first_app:topfacemobappios","_exists_:(user_mau.1608.topfacemobappandroid OR user_mau.1608.topfacemobappios OR user_mau.1608.topface OR user_mau.1608.standalonetf)",37
"2015-01-01 00:00:00","first_app:topfacemobappios","_exists_:(user_mau.1609.topfacemobappandroid OR user_mau.1609.topfacemobappios OR user_mau.1609.topface OR user_mau.1609.standalonetf)",33
"2015-01-01 00:00:00","first_app:topfacemobappios","_exists_:(user_mau.1610.topfacemobappandroid OR user_mau.1610.topfacemobappios OR user_mau.1610.topface OR user_mau.1610.standalonetf)",37
"2015-01-01 00:00:00","first_app:topfacemobappios","_exists_:(user_mau.1611.topfacemobappandroid OR user_mau.1611.topfacemobappios OR user_mau.1611.topface OR user_mau.1611.standalonetf)",33
"2015-01-01 00:00:00","first_app:topfacemobappios","_exists_:(user_mau.1612.topfacemobappandroid OR user_mau.1612.topfacemobappios OR user_mau.1612.topface OR user_mau.1612.standalonetf)",22
"2015-01-01 00:00:00","first_app:topfacemobappios","_exists_:(user_mau.1701.topfacemobappandroid OR user_mau.1701.topfacemobappios OR user_mau.1701.topface OR user_mau.1701.standalonetf)",31
"2015-01-01 00:00:00","first_app:topfacemobappios","_exists_:(user_mau.1702.topfacemobappandroid OR user_mau.1702.topfacemobappios OR user_mau.1702.topface OR user_mau.1702.standalonetf)",28
"2015-01-01 00:00:00","first_app:topfacemobappios","_exists_:(user_mau.1703.topfacemobappandroid OR user_mau.1703.topfacemobappios OR user_mau.1703.topface OR user_mau.1703.standalonetf)",31
"2015-01-01 00:00:00","first_app:topfacemobappios","_exists_:(user_mau.1704.topfacemobappandroid OR user_mau.1704.topfacemobappios OR user_mau.1704.topface OR user_mau.1704.standalonetf)",23
"2015-01-01 00:00:00","first_app:topfacemobappios","_exists_:(user_mau.1705.topfacemobappandroid OR user_mau.1705.topfacemobappios OR user_mau.1705.topface OR user_mau.1705.standalonetf)",23
"2015-01-01 00:00:00","first_app:topfacemobappios","_exists_:(user_mau.1706.topfacemobappandroid OR user_mau.1706.topfacemobappios OR user_mau.1706.topface OR user_mau.1706.standalonetf)",21
"2015-01-01 00:00:00","first_app:topfacemobappios","_exists_:(user_mau.1707.topfacemobappandroid OR user_mau.1707.topfacemobappios OR user_mau.1707.topface OR user_mau.1707.standalonetf)",24
"2015-01-01 00:00:00","first_app:topfacemobappios","_exists_:(user_mau.1708.topfacemobappandroid OR user_mau.1708.topfacemobappios OR user_mau.1708.topface OR user_mau.1708.standalonetf)",22
"2015-01-01 00:00:00","first_app:topfacemobappios","_exists_:(user_mau.1709.topfacemobappandroid OR user_mau.1709.topfacemobappios OR user_mau.1709.topface OR user_mau.1709.standalonetf)",21
"2015-01-01 00:00:00","first_app:topfacemobappios","_exists_:(user_mau.1710.topfacemobappandroid OR user_mau.1710.topfacemobappios OR user_mau.1710.topface OR user_mau.1710.standalonetf)",16
"2015-01-01 00:00:00","first_app:topfacemobappios","_exists_:(user_mau.1711.topfacemobappandroid OR user_mau.1711.topfacemobappios OR user_mau.1711.topface OR user_mau.1711.standalonetf)",14
"2015-01-01 00:00:00","first_app:topfacemobappios","_exists_:(user_mau.1712.topfacemobappandroid OR user_mau.1712.topfacemobappios OR user_mau.1712.topface OR user_mau.1712.standalonetf)",13
"2015-01-01 00:00:00","first_app:topfacemobappios","_exists_:(user_mau.1801.topfacemobappandroid OR user_mau.1801.topfacemobappios OR user_mau.1801.topface OR user_mau.1801.standalonetf)",17
"2015-01-01 00:00:00","first_app:topfacemobappios","_exists_:(user_mau.1802.topfacemobappandroid OR user_mau.1802.topfacemobappios OR user_mau.1802.topface OR user_mau.1802.standalonetf)",11
"2015-01-01 00:00:00","first_app:standalonetf","*","85,182"
"2015-01-01 00:00:00","first_app:standalonetf","_exists_:(user_mau.1501.topfacemobappandroid OR user_mau.1501.topfacemobappios OR user_mau.1501.topface OR user_mau.1501.standalonetf)","57,554"
"2015-01-01 00:00:00","first_app:standalonetf","_exists_:(user_mau.1502.topfacemobappandroid OR user_mau.1502.topfacemobappios OR user_mau.1502.topface OR user_mau.1502.standalonetf)","3,689"
"2015-01-01 00:00:00","first_app:standalonetf","_exists_:(user_mau.1503.topfacemobappandroid OR user_mau.1503.topfacemobappios OR user_mau.1503.topface OR user_mau.1503.standalonetf)",827
"2015-01-01 00:00:00","first_app:standalonetf","_exists_:(user_mau.1504.topfacemobappandroid OR user_mau.1504.topfacemobappios OR user_mau.1504.topface OR user_mau.1504.standalonetf)",209
"2015-01-01 00:00:00","first_app:standalonetf","_exists_:(user_mau.1505.topfacemobappandroid OR user_mau.1505.topfacemobappios OR user_mau.1505.topface OR user_mau.1505.standalonetf)",165
"2015-01-01 00:00:00","first_app:standalonetf","_exists_:(user_mau.1506.topfacemobappandroid OR user_mau.1506.topfacemobappios OR user_mau.1506.topface OR user_mau.1506.standalonetf)",154
"2015-01-01 00:00:00","first_app:standalonetf","_exists_:(user_mau.1507.topfacemobappandroid OR user_mau.1507.topfacemobappios OR user_mau.1507.topface OR user_mau.1507.standalonetf)",172
"2015-01-01 00:00:00","first_app:standalonetf","_exists_:(user_mau.1508.topfacemobappandroid OR user_mau.1508.topfacemobappios OR user_mau.1508.topface OR user_mau.1508.standalonetf)",181
"2015-01-01 00:00:00","first_app:standalonetf","_exists_:(user_mau.1509.topfacemobappandroid OR user_mau.1509.topfacemobappios OR user_mau.1509.topface OR user_mau.1509.standalonetf)",147
"2015-01-01 00:00:00","first_app:standalonetf","_exists_:(user_mau.1510.topfacemobappandroid OR user_mau.1510.topfacemobappios OR user_mau.1510.topface OR user_mau.1510.standalonetf)",131
"2015-01-01 00:00:00","first_app:standalonetf","_exists_:(user_mau.1511.topfacemobappandroid OR user_mau.1511.topfacemobappios OR user_mau.1511.topface OR user_mau.1511.standalonetf)",159
"2015-01-01 00:00:00","first_app:standalonetf","_exists_:(user_mau.1512.topfacemobappandroid OR user_mau.1512.topfacemobappios OR user_mau.1512.topface OR user_mau.1512.standalonetf)",90
"2015-01-01 00:00:00","first_app:standalonetf","_exists_:(user_mau.1601.topfacemobappandroid OR user_mau.1601.topfacemobappios OR user_mau.1601.topface OR user_mau.1601.standalonetf)",400
"2015-01-01 00:00:00","first_app:standalonetf","_exists_:(user_mau.1602.topfacemobappandroid OR user_mau.1602.topfacemobappios OR user_mau.1602.topface OR user_mau.1602.standalonetf)",521
"2015-01-01 00:00:00","first_app:standalonetf","_exists_:(user_mau.1603.topfacemobappandroid OR user_mau.1603.topfacemobappios OR user_mau.1603.topface OR user_mau.1603.standalonetf)",452
"2015-01-01 00:00:00","first_app:standalonetf","_exists_:(user_mau.1604.topfacemobappandroid OR user_mau.1604.topfacemobappios OR user_mau.1604.topface OR user_mau.1604.standalonetf)",404
"2015-01-01 00:00:00","first_app:standalonetf","_exists_:(user_mau.1605.topfacemobappandroid OR user_mau.1605.topfacemobappios OR user_mau.1605.topface OR user_mau.1605.standalonetf)",388
"2015-01-01 00:00:00","first_app:standalonetf","_exists_:(user_mau.1606.topfacemobappandroid OR user_mau.1606.topfacemobappios OR user_mau.1606.topface OR user_mau.1606.standalonetf)",396
"2015-01-01 00:00:00","first_app:standalonetf","_exists_:(user_mau.1607.topfacemobappandroid OR user_mau.1607.topfacemobappios OR user_mau.1607.topface OR user_mau.1607.standalonetf)",402
"2015-01-01 00:00:00","first_app:standalonetf","_exists_:(user_mau.1608.topfacemobappandroid OR user_mau.1608.topfacemobappios OR user_mau.1608.topface OR user_mau.1608.standalonetf)",353
"2015-01-01 00:00:00","first_app:standalonetf","_exists_:(user_mau.1609.topfacemobappandroid OR user_mau.1609.topfacemobappios OR user_mau.1609.topface OR user_mau.1609.standalonetf)",316
"2015-01-01 00:00:00","first_app:standalonetf","_exists_:(user_mau.1610.topfacemobappandroid OR user_mau.1610.topfacemobappios OR user_mau.1610.topface OR user_mau.1610.standalonetf)",282
"2015-01-01 00:00:00","first_app:standalonetf","_exists_:(user_mau.1611.topfacemobappandroid OR user_mau.1611.topfacemobappios OR user_mau.1611.topface OR user_mau.1611.standalonetf)",289
"2015-01-01 00:00:00","first_app:standalonetf","_exists_:(user_mau.1612.topfacemobappandroid OR user_mau.1612.topfacemobappios OR user_mau.1612.topface OR user_mau.1612.standalonetf)",233
"2015-01-01 00:00:00","first_app:standalonetf","_exists_:(user_mau.1701.topfacemobappandroid OR user_mau.1701.topfacemobappios OR user_mau.1701.topface OR user_mau.1701.standalonetf)",290
"2015-01-01 00:00:00","first_app:standalonetf","_exists_:(user_mau.1702.topfacemobappandroid OR user_mau.1702.topfacemobappios OR user_mau.1702.topface OR user_mau.1702.standalonetf)",237
"2015-01-01 00:00:00","first_app:standalonetf","_exists_:(user_mau.1703.topfacemobappandroid OR user_mau.1703.topfacemobappios OR user_mau.1703.topface OR user_mau.1703.standalonetf)",213
"2015-01-01 00:00:00","first_app:standalonetf","_exists_:(user_mau.1704.topfacemobappandroid OR user_mau.1704.topfacemobappios OR user_mau.1704.topface OR user_mau.1704.standalonetf)",188
"2015-01-01 00:00:00","first_app:standalonetf","_exists_:(user_mau.1705.topfacemobappandroid OR user_mau.1705.topfacemobappios OR user_mau.1705.topface OR user_mau.1705.standalonetf)",195
"2015-01-01 00:00:00","first_app:standalonetf","_exists_:(user_mau.1706.topfacemobappandroid OR user_mau.1706.topfacemobappios OR user_mau.1706.topface OR user_mau.1706.standalonetf)",163
"2015-01-01 00:00:00","first_app:standalonetf","_exists_:(user_mau.1707.topfacemobappandroid OR user_mau.1707.topfacemobappios OR user_mau.1707.topface OR user_mau.1707.standalonetf)",159
"2015-01-01 00:00:00","first_app:standalonetf","_exists_:(user_mau.1708.topfacemobappandroid OR user_mau.1708.topfacemobappios OR user_mau.1708.topface OR user_mau.1708.standalonetf)",155
"2015-01-01 00:00:00","first_app:standalonetf","_exists_:(user_mau.1709.topfacemobappandroid OR user_mau.1709.topfacemobappios OR user_mau.1709.topface OR user_mau.1709.standalonetf)",156
"2015-01-01 00:00:00","first_app:standalonetf","_exists_:(user_mau.1710.topfacemobappandroid OR user_mau.1710.topfacemobappios OR user_mau.1710.topface OR user_mau.1710.standalonetf)",184
"2015-01-01 00:00:00","first_app:standalonetf","_exists_:(user_mau.1711.topfacemobappandroid OR user_mau.1711.topfacemobappios OR user_mau.1711.topface OR user_mau.1711.standalonetf)",173
"2015-01-01 00:00:00","first_app:standalonetf","_exists_:(user_mau.1712.topfacemobappandroid OR user_mau.1712.topfacemobappios OR user_mau.1712.topface OR user_mau.1712.standalonetf)",154
"2015-01-01 00:00:00","first_app:standalonetf","_exists_:(user_mau.1801.topfacemobappandroid OR user_mau.1801.topfacemobappios OR user_mau.1801.topface OR user_mau.1801.standalonetf)",152
"2015-01-01 00:00:00","first_app:standalonetf","_exists_:(user_mau.1802.topfacemobappandroid OR user_mau.1802.topfacemobappios OR user_mau.1802.topface OR user_mau.1802.standalonetf)",137
"2015-01-01 00:00:00","first_app:topface AND platform:vk","*",178
"2015-01-01 00:00:00","first_app:topface AND platform:vk","_exists_:(user_mau.1501.topfacemobappandroid OR user_mau.1501.topfacemobappios OR user_mau.1501.topface OR user_mau.1501.standalonetf)",125
"2015-01-01 00:00:00","first_app:topface AND platform:vk","_exists_:(user_mau.1502.topfacemobappandroid OR user_mau.1502.topfacemobappios OR user_mau.1502.topface OR user_mau.1502.standalonetf)",58
"2015-01-01 00:00:00","first_app:topface AND platform:vk","_exists_:(user_mau.1503.topfacemobappandroid OR user_mau.1503.topfacemobappios OR user_mau.1503.topface OR user_mau.1503.standalonetf)",37
"2015-01-01 00:00:00","first_app:topface AND platform:vk","_exists_:(user_mau.1504.topfacemobappandroid OR user_mau.1504.topfacemobappios OR user_mau.1504.topface OR user_mau.1504.standalonetf)",22
"2015-01-01 00:00:00","first_app:topface AND platform:vk","_exists_:(user_mau.1505.topfacemobappandroid OR user_mau.1505.topfacemobappios OR user_mau.1505.topface OR user_mau.1505.standalonetf)",21
"2015-01-01 00:00:00","first_app:topface AND platform:vk","_exists_:(user_mau.1506.topfacemobappandroid OR user_mau.1506.topfacemobappios OR user_mau.1506.topface OR user_mau.1506.standalonetf)",17
"2015-01-01 00:00:00","first_app:topface AND platform:vk","_exists_:(user_mau.1507.topfacemobappandroid OR user_mau.1507.topfacemobappios OR user_mau.1507.topface OR user_mau.1507.standalonetf)",14
"2015-01-01 00:00:00","first_app:topface AND platform:vk","_exists_:(user_mau.1508.topfacemobappandroid OR user_mau.1508.topfacemobappios OR user_mau.1508.topface OR user_mau.1508.standalonetf)",11
"2015-01-01 00:00:00","first_app:topface AND platform:vk","_exists_:(user_mau.1509.topfacemobappandroid OR user_mau.1509.topfacemobappios OR user_mau.1509.topface OR user_mau.1509.standalonetf)",11
"2015-01-01 00:00:00","first_app:topface AND platform:vk","_exists_:(user_mau.1510.topfacemobappandroid OR user_mau.1510.topfacemobappios OR user_mau.1510.topface OR user_mau.1510.standalonetf)",9
"2015-01-01 00:00:00","first_app:topface AND platform:vk","_exists_:(user_mau.1511.topfacemobappandroid OR user_mau.1511.topfacemobappios OR user_mau.1511.topface OR user_mau.1511.standalonetf)",3
"2015-01-01 00:00:00","first_app:topface AND platform:vk","_exists_:(user_mau.1512.topfacemobappandroid OR user_mau.1512.topfacemobappios OR user_mau.1512.topface OR user_mau.1512.standalonetf)",4
"2015-01-01 00:00:00","first_app:topface AND platform:vk","_exists_:(user_mau.1601.topfacemobappandroid OR user_mau.1601.topfacemobappios OR user_mau.1601.topface OR user_mau.1601.standalonetf)",35
"2015-01-01 00:00:00","first_app:topface AND platform:vk","_exists_:(user_mau.1602.topfacemobappandroid OR user_mau.1602.topfacemobappios OR user_mau.1602.topface OR user_mau.1602.standalonetf)",30
"2015-01-01 00:00:00","first_app:topface AND platform:vk","_exists_:(user_mau.1603.topfacemobappandroid OR user_mau.1603.topfacemobappios OR user_mau.1603.topface OR user_mau.1603.standalonetf)",30
"2015-01-01 00:00:00","first_app:topface AND platform:vk","_exists_:(user_mau.1604.topfacemobappandroid OR user_mau.1604.topfacemobappios OR user_mau.1604.topface OR user_mau.1604.standalonetf)",31
"2015-01-01 00:00:00","first_app:topface AND platform:vk","_exists_:(user_mau.1605.topfacemobappandroid OR user_mau.1605.topfacemobappios OR user_mau.1605.topface OR user_mau.1605.standalonetf)",28
"2015-01-01 00:00:00","first_app:topface AND platform:vk","_exists_:(user_mau.1606.topfacemobappandroid OR user_mau.1606.topfacemobappios OR user_mau.1606.topface OR user_mau.1606.standalonetf)",21
"2015-01-01 00:00:00","first_app:topface AND platform:vk","_exists_:(user_mau.1607.topfacemobappandroid OR user_mau.1607.topfacemobappios OR user_mau.1607.topface OR user_mau.1607.standalonetf)",22
"2015-01-01 00:00:00","first_app:topface AND platform:vk","_exists_:(user_mau.1608.topfacemobappandroid OR user_mau.1608.topfacemobappios OR user_mau.1608.topface OR user_mau.1608.standalonetf)",21
"2015-01-01 00:00:00","first_app:topface AND platform:vk","_exists_:(user_mau.1609.topfacemobappandroid OR user_mau.1609.topfacemobappios OR user_mau.1609.topface OR user_mau.1609.standalonetf)",11
"2015-01-01 00:00:00","first_app:topface AND platform:vk","_exists_:(user_mau.1610.topfacemobappandroid OR user_mau.1610.topfacemobappios OR user_mau.1610.topface OR user_mau.1610.standalonetf)",17
"2015-01-01 00:00:00","first_app:topface AND platform:vk","_exists_:(user_mau.1611.topfacemobappandroid OR user_mau.1611.topfacemobappios OR user_mau.1611.topface OR user_mau.1611.standalonetf)",16
"2015-01-01 00:00:00","first_app:topface AND platform:vk","_exists_:(user_mau.1612.topfacemobappandroid OR user_mau.1612.topfacemobappios OR user_mau.1612.topface OR user_mau.1612.standalonetf)",15
"2015-01-01 00:00:00","first_app:topface AND platform:vk","_exists_:(user_mau.1701.topfacemobappandroid OR user_mau.1701.topfacemobappios OR user_mau.1701.topface OR user_mau.1701.standalonetf)",15
"2015-01-01 00:00:00","first_app:topface AND platform:vk","_exists_:(user_mau.1702.topfacemobappandroid OR user_mau.1702.topfacemobappios OR user_mau.1702.topface OR user_mau.1702.standalonetf)",11
"2015-01-01 00:00:00","first_app:topface AND platform:vk","_exists_:(user_mau.1703.topfacemobappandroid OR user_mau.1703.topfacemobappios OR user_mau.1703.topface OR user_mau.1703.standalonetf)",9
"2015-01-01 00:00:00","first_app:topface AND platform:vk","_exists_:(user_mau.1704.topfacemobappandroid OR user_mau.1704.topfacemobappios OR user_mau.1704.topface OR user_mau.1704.standalonetf)",10
"2015-01-01 00:00:00","first_app:topface AND platform:vk","_exists_:(user_mau.1705.topfacemobappandroid OR user_mau.1705.topfacemobappios OR user_mau.1705.topface OR user_mau.1705.standalonetf)",11
"2015-01-01 00:00:00","first_app:topface AND platform:vk","_exists_:(user_mau.1706.topfacemobappandroid OR user_mau.1706.topfacemobappios OR user_mau.1706.topface OR user_mau.1706.standalonetf)",9
"2015-01-01 00:00:00","first_app:topface AND platform:vk","_exists_:(user_mau.1707.topfacemobappandroid OR user_mau.1707.topfacemobappios OR user_mau.1707.topface OR user_mau.1707.standalonetf)",4
"2015-01-01 00:00:00","first_app:topface AND platform:vk","_exists_:(user_mau.1708.topfacemobappandroid OR user_mau.1708.topfacemobappios OR user_mau.1708.topface OR user_mau.1708.standalonetf)",5
"2015-01-01 00:00:00","first_app:topface AND platform:vk","_exists_:(user_mau.1709.topfacemobappandroid OR user_mau.1709.topfacemobappios OR user_mau.1709.topface OR user_mau.1709.standalonetf)",10
"2015-01-01 00:00:00","first_app:topface AND platform:vk","_exists_:(user_mau.1710.topfacemobappandroid OR user_mau.1710.topfacemobappios OR user_mau.1710.topface OR user_mau.1710.standalonetf)",6
"2015-01-01 00:00:00","first_app:topface AND platform:vk","_exists_:(user_mau.1711.topfacemobappandroid OR user_mau.1711.topfacemobappios OR user_mau.1711.topface OR user_mau.1711.standalonetf)",8
"2015-01-01 00:00:00","first_app:topface AND platform:vk","_exists_:(user_mau.1712.topfacemobappandroid OR user_mau.1712.topfacemobappios OR user_mau.1712.topface OR user_mau.1712.standalonetf)",7
"2015-01-01 00:00:00","first_app:topface AND platform:vk","_exists_:(user_mau.1801.topfacemobappandroid OR user_mau.1801.topfacemobappios OR user_mau.1801.topface OR user_mau.1801.standalonetf)",6
"2015-01-01 00:00:00","first_app:topface AND platform:vk","_exists_:(user_mau.1802.topfacemobappandroid OR user_mau.1802.topfacemobappios OR user_mau.1802.topface OR user_mau.1802.standalonetf)",5
"2015-01-01 00:00:00","first_app:topface AND platform:ok","*","95,637"
"2015-01-01 00:00:00","first_app:topface AND platform:ok","_exists_:(user_mau.1501.topfacemobappandroid OR user_mau.1501.topfacemobappios OR user_mau.1501.topface OR user_mau.1501.standalonetf)","87,446"
"2015-01-01 00:00:00","first_app:topface AND platform:ok","_exists_:(user_mau.1502.topfacemobappandroid OR user_mau.1502.topfacemobappios OR user_mau.1502.topface OR user_mau.1502.standalonetf)","26,593"
"2015-01-01 00:00:00","first_app:topface AND platform:ok","_exists_:(user_mau.1503.topfacemobappandroid OR user_mau.1503.topfacemobappios OR user_mau.1503.topface OR user_mau.1503.standalonetf)","14,914"
"2015-01-01 00:00:00","first_app:topface AND platform:ok","_exists_:(user_mau.1504.topfacemobappandroid OR user_mau.1504.topfacemobappios OR user_mau.1504.topface OR user_mau.1504.standalonetf)","10,903"
"2015-01-01 00:00:00","first_app:topface AND platform:ok","_exists_:(user_mau.1505.topfacemobappandroid OR user_mau.1505.topfacemobappios OR user_mau.1505.topface OR user_mau.1505.standalonetf)","9,639"
"2015-01-01 00:00:00","first_app:topface AND platform:ok","_exists_:(user_mau.1506.topfacemobappandroid OR user_mau.1506.topfacemobappios OR user_mau.1506.topface OR user_mau.1506.standalonetf)","7,006"
"2015-01-01 00:00:00","first_app:topface AND platform:ok","_exists_:(user_mau.1507.topfacemobappandroid OR user_mau.1507.topfacemobappios OR user_mau.1507.topface OR user_mau.1507.standalonetf)","6,526"
"2015-01-01 00:00:00","first_app:topface AND platform:ok","_exists_:(user_mau.1508.topfacemobappandroid OR user_mau.1508.topfacemobappios OR user_mau.1508.topface OR user_mau.1508.standalonetf)","5,942"
"2015-01-01 00:00:00","first_app:topface AND platform:ok","_exists_:(user_mau.1509.topfacemobappandroid OR user_mau.1509.topfacemobappios OR user_mau.1509.topface OR user_mau.1509.standalonetf)","6,094"
"2015-01-01 00:00:00","first_app:topface AND platform:ok","_exists_:(user_mau.1510.topfacemobappandroid OR user_mau.1510.topfacemobappios OR user_mau.1510.topface OR user_mau.1510.standalonetf)","3,706"
"2015-01-01 00:00:00","first_app:topface AND platform:ok","_exists_:(user_mau.1511.topfacemobappandroid OR user_mau.1511.topfacemobappios OR user_mau.1511.topface OR user_mau.1511.standalonetf)","3,256"
"2015-01-01 00:00:00","first_app:topface AND platform:ok","_exists_:(user_mau.1512.topfacemobappandroid OR user_mau.1512.topfacemobappios OR user_mau.1512.topface OR user_mau.1512.standalonetf)","2,386"
"2015-01-01 00:00:00","first_app:topface AND platform:ok","_exists_:(user_mau.1601.topfacemobappandroid OR user_mau.1601.topfacemobappios OR user_mau.1601.topface OR user_mau.1601.standalonetf)","4,253"
"2015-01-01 00:00:00","first_app:topface AND platform:ok","_exists_:(user_mau.1602.topfacemobappandroid OR user_mau.1602.topfacemobappios OR user_mau.1602.topface OR user_mau.1602.standalonetf)","3,409"
"2015-01-01 00:00:00","first_app:topface AND platform:ok","_exists_:(user_mau.1603.topfacemobappandroid OR user_mau.1603.topfacemobappios OR user_mau.1603.topface OR user_mau.1603.standalonetf)","3,097"
"2015-01-01 00:00:00","first_app:topface AND platform:ok","_exists_:(user_mau.1604.topfacemobappandroid OR user_mau.1604.topfacemobappios OR user_mau.1604.topface OR user_mau.1604.standalonetf)","2,376"
"2015-01-01 00:00:00","first_app:topface AND platform:ok","_exists_:(user_mau.1605.topfacemobappandroid OR user_mau.1605.topfacemobappios OR user_mau.1605.topface OR user_mau.1605.standalonetf)","1,743"
"2015-01-01 00:00:00","first_app:topface AND platform:ok","_exists_:(user_mau.1606.topfacemobappandroid OR user_mau.1606.topfacemobappios OR user_mau.1606.topface OR user_mau.1606.standalonetf)","1,501"
"2015-01-01 00:00:00","first_app:topface AND platform:ok","_exists_:(user_mau.1607.topfacemobappandroid OR user_mau.1607.topfacemobappios OR user_mau.1607.topface OR user_mau.1607.standalonetf)","1,500"
"2015-01-01 00:00:00","first_app:topface AND platform:ok","_exists_:(user_mau.1608.topfacemobappandroid OR user_mau.1608.topfacemobappios OR user_mau.1608.topface OR user_mau.1608.standalonetf)","1,316"
"2015-01-01 00:00:00","first_app:topface AND platform:ok","_exists_:(user_mau.1609.topfacemobappandroid OR user_mau.1609.topfacemobappios OR user_mau.1609.topface OR user_mau.1609.standalonetf)","1,340"
"2015-01-01 00:00:00","first_app:topface AND platform:ok","_exists_:(user_mau.1610.topfacemobappandroid OR user_mau.1610.topfacemobappios OR user_mau.1610.topface OR user_mau.1610.standalonetf)","1,231"
"2015-01-01 00:00:00","first_app:topface AND platform:ok","_exists_:(user_mau.1611.topfacemobappandroid OR user_mau.1611.topfacemobappios OR user_mau.1611.topface OR user_mau.1611.standalonetf)","1,115"
"2015-01-01 00:00:00","first_app:topface AND platform:ok","_exists_:(user_mau.1612.topfacemobappandroid OR user_mau.1612.topfacemobappios OR user_mau.1612.topface OR user_mau.1612.standalonetf)","1,164"
"2015-01-01 00:00:00","first_app:topface AND platform:ok","_exists_:(user_mau.1701.topfacemobappandroid OR user_mau.1701.topfacemobappios OR user_mau.1701.topface OR user_mau.1701.standalonetf)","1,115"
"2015-01-01 00:00:00","first_app:topface AND platform:ok","_exists_:(user_mau.1702.topfacemobappandroid OR user_mau.1702.topfacemobappios OR user_mau.1702.topface OR user_mau.1702.standalonetf)",961
"2015-01-01 00:00:00","first_app:topface AND platform:ok","_exists_:(user_mau.1703.topfacemobappandroid OR user_mau.1703.topfacemobappios OR user_mau.1703.topface OR user_mau.1703.standalonetf)",929
"2015-01-01 00:00:00","first_app:topface AND platform:ok","_exists_:(user_mau.1704.topfacemobappandroid OR user_mau.1704.topfacemobappios OR user_mau.1704.topface OR user_mau.1704.standalonetf)",873
"2015-01-01 00:00:00","first_app:topface AND platform:ok","_exists_:(user_mau.1705.topfacemobappandroid OR user_mau.1705.topfacemobappios OR user_mau.1705.topface OR user_mau.1705.standalonetf)",754
"2015-01-01 00:00:00","first_app:topface AND platform:ok","_exists_:(user_mau.1706.topfacemobappandroid OR user_mau.1706.topfacemobappios OR user_mau.1706.topface OR user_mau.1706.standalonetf)",750
"2015-01-01 00:00:00","first_app:topface AND platform:ok","_exists_:(user_mau.1707.topfacemobappandroid OR user_mau.1707.topfacemobappios OR user_mau.1707.topface OR user_mau.1707.standalonetf)",746
"2015-01-01 00:00:00","first_app:topface AND platform:ok","_exists_:(user_mau.1708.topfacemobappandroid OR user_mau.1708.topfacemobappios OR user_mau.1708.topface OR user_mau.1708.standalonetf)",704
"2015-01-01 00:00:00","first_app:topface AND platform:ok","_exists_:(user_mau.1709.topfacemobappandroid OR user_mau.1709.topfacemobappios OR user_mau.1709.topface OR user_mau.1709.standalonetf)",667
"2015-01-01 00:00:00","first_app:topface AND platform:ok","_exists_:(user_mau.1710.topfacemobappandroid OR user_mau.1710.topfacemobappios OR user_mau.1710.topface OR user_mau.1710.standalonetf)",658
"2015-01-01 00:00:00","first_app:topface AND platform:ok","_exists_:(user_mau.1711.topfacemobappandroid OR user_mau.1711.topfacemobappios OR user_mau.1711.topface OR user_mau.1711.standalonetf)",634
"2015-01-01 00:00:00","first_app:topface AND platform:ok","_exists_:(user_mau.1712.topfacemobappandroid OR user_mau.1712.topfacemobappios OR user_mau.1712.topface OR user_mau.1712.standalonetf)",587
"2015-01-01 00:00:00","first_app:topface AND platform:ok","_exists_:(user_mau.1801.topfacemobappandroid OR user_mau.1801.topfacemobappios OR user_mau.1801.topface OR user_mau.1801.standalonetf)",557
"2015-01-01 00:00:00","first_app:topface AND platform:ok","_exists_:(user_mau.1802.topfacemobappandroid OR user_mau.1802.topfacemobappios OR user_mau.1802.topface OR user_mau.1802.standalonetf)",536
"2015-01-01 00:00:00","first_app:topface AND platform:fb","*",14
"2015-01-01 00:00:00","first_app:topface AND platform:fb","_exists_:(user_mau.1501.topfacemobappandroid OR user_mau.1501.topfacemobappios OR user_mau.1501.topface OR user_mau.1501.standalonetf)",9
"2015-01-01 00:00:00","first_app:topface AND platform:fb","_exists_:(user_mau.1502.topfacemobappandroid OR user_mau.1502.topfacemobappios OR user_mau.1502.topface OR user_mau.1502.standalonetf)",5
"2015-01-01 00:00:00","first_app:topface AND platform:fb","_exists_:(user_mau.1503.topfacemobappandroid OR user_mau.1503.topfacemobappios OR user_mau.1503.topface OR user_mau.1503.standalonetf)",3
"2015-01-01 00:00:00","first_app:topface AND platform:fb","_exists_:(user_mau.1504.topfacemobappandroid OR user_mau.1504.topfacemobappios OR user_mau.1504.topface OR user_mau.1504.standalonetf)",2
"2015-01-01 00:00:00","first_app:topface AND platform:fb","_exists_:(user_mau.1505.topfacemobappandroid OR user_mau.1505.topfacemobappios OR user_mau.1505.topface OR user_mau.1505.standalonetf)",1
"2015-01-01 00:00:00","first_app:topface AND platform:fb","_exists_:(user_mau.1506.topfacemobappandroid OR user_mau.1506.topfacemobappios OR user_mau.1506.topface OR user_mau.1506.standalonetf)",0
"2015-01-01 00:00:00","first_app:topface AND platform:fb","_exists_:(user_mau.1507.topfacemobappandroid OR user_mau.1507.topfacemobappios OR user_mau.1507.topface OR user_mau.1507.standalonetf)",2
"2015-01-01 00:00:00","first_app:topface AND platform:fb","_exists_:(user_mau.1508.topfacemobappandroid OR user_mau.1508.topfacemobappios OR user_mau.1508.topface OR user_mau.1508.standalonetf)",2
"2015-01-01 00:00:00","first_app:topface AND platform:fb","_exists_:(user_mau.1509.topfacemobappandroid OR user_mau.1509.topfacemobappios OR user_mau.1509.topface OR user_mau.1509.standalonetf)",1
"2015-01-01 00:00:00","first_app:topface AND platform:fb","_exists_:(user_mau.1510.topfacemobappandroid OR user_mau.1510.topfacemobappios OR user_mau.1510.topface OR user_mau.1510.standalonetf)",1
"2015-01-01 00:00:00","first_app:topface AND platform:fb","_exists_:(user_mau.1511.topfacemobappandroid OR user_mau.1511.topfacemobappios OR user_mau.1511.topface OR user_mau.1511.standalonetf)",1
"2015-01-01 00:00:00","first_app:topface AND platform:fb","_exists_:(user_mau.1512.topfacemobappandroid OR user_mau.1512.topfacemobappios OR user_mau.1512.topface OR user_mau.1512.standalonetf)",0
"2015-01-01 00:00:00","first_app:topface AND platform:fb","_exists_:(user_mau.1601.topfacemobappandroid OR user_mau.1601.topfacemobappios OR user_mau.1601.topface OR user_mau.1601.standalonetf)",1
"2015-01-01 00:00:00","first_app:topface AND platform:fb","_exists_:(user_mau.1602.topfacemobappandroid OR user_mau.1602.topfacemobappios OR user_mau.1602.topface OR user_mau.1602.standalonetf)",3
"2015-01-01 00:00:00","first_app:topface AND platform:fb","_exists_:(user_mau.1603.topfacemobappandroid OR user_mau.1603.topfacemobappios OR user_mau.1603.topface OR user_mau.1603.standalonetf)",2
"2015-01-01 00:00:00","first_app:topface AND platform:fb","_exists_:(user_mau.1604.topfacemobappandroid OR user_mau.1604.topfacemobappios OR user_mau.1604.topface OR user_mau.1604.standalonetf)",1
"2015-01-01 00:00:00","first_app:topface AND platform:fb","_exists_:(user_mau.1605.topfacemobappandroid OR user_mau.1605.topfacemobappios OR user_mau.1605.topface OR user_mau.1605.standalonetf)",1
"2015-01-01 00:00:00","first_app:topface AND platform:fb","_exists_:(user_mau.1606.topfacemobappandroid OR user_mau.1606.topfacemobappios OR user_mau.1606.topface OR user_mau.1606.standalonetf)",1
"2015-01-01 00:00:00","first_app:topface AND platform:fb","_exists_:(user_mau.1607.topfacemobappandroid OR user_mau.1607.topfacemobappios OR user_mau.1607.topface OR user_mau.1607.standalonetf)",1
"2015-01-01 00:00:00","first_app:topface AND platform:fb","_exists_:(user_mau.1608.topfacemobappandroid OR user_mau.1608.topfacemobappios OR user_mau.1608.topface OR user_mau.1608.standalonetf)",1
"2015-01-01 00:00:00","first_app:topface AND platform:fb","_exists_:(user_mau.1609.topfacemobappandroid OR user_mau.1609.topfacemobappios OR user_mau.1609.topface OR user_mau.1609.standalonetf)",1
"2015-01-01 00:00:00","first_app:topface AND platform:fb","_exists_:(user_mau.1610.topfacemobappandroid OR user_mau.1610.topfacemobappios OR user_mau.1610.topface OR user_mau.1610.standalonetf)",1
"2015-01-01 00:00:00","first_app:topface AND platform:fb","_exists_:(user_mau.1611.topfacemobappandroid OR user_mau.1611.topfacemobappios OR user_mau.1611.topface OR user_mau.1611.standalonetf)",0
"2015-01-01 00:00:00","first_app:topface AND platform:fb","_exists_:(user_mau.1612.topfacemobappandroid OR user_mau.1612.topfacemobappios OR user_mau.1612.topface OR user_mau.1612.standalonetf)",1
"2015-01-01 00:00:00","first_app:topface AND platform:fb","_exists_:(user_mau.1701.topfacemobappandroid OR user_mau.1701.topfacemobappios OR user_mau.1701.topface OR user_mau.1701.standalonetf)",0
"2015-01-01 00:00:00","first_app:topface AND platform:fb","_exists_:(user_mau.1702.topfacemobappandroid OR user_mau.1702.topfacemobappios OR user_mau.1702.topface OR user_mau.1702.standalonetf)",0
"2015-01-01 00:00:00","first_app:topface AND platform:fb","_exists_:(user_mau.1703.topfacemobappandroid OR user_mau.1703.topfacemobappios OR user_mau.1703.topface OR user_mau.1703.standalonetf)",0
"2015-01-01 00:00:00","first_app:topface AND platform:fb","_exists_:(user_mau.1704.topfacemobappandroid OR user_mau.1704.topfacemobappios OR user_mau.1704.topface OR user_mau.1704.standalonetf)",0
"2015-01-01 00:00:00","first_app:topface AND platform:fb","_exists_:(user_mau.1705.topfacemobappandroid OR user_mau.1705.topfacemobappios OR user_mau.1705.topface OR user_mau.1705.standalonetf)",0
"2015-01-01 00:00:00","first_app:topface AND platform:fb","_exists_:(user_mau.1706.topfacemobappandroid OR user_mau.1706.topfacemobappios OR user_mau.1706.topface OR user_mau.1706.standalonetf)",1
"2015-01-01 00:00:00","first_app:topface AND platform:fb","_exists_:(user_mau.1707.topfacemobappandroid OR user_mau.1707.topfacemobappios OR user_mau.1707.topface OR user_mau.1707.standalonetf)",0
"2015-01-01 00:00:00","first_app:topface AND platform:fb","_exists_:(user_mau.1708.topfacemobappandroid OR user_mau.1708.topfacemobappios OR user_mau.1708.topface OR user_mau.1708.standalonetf)",1
"2015-01-01 00:00:00","first_app:topface AND platform:fb","_exists_:(user_mau.1709.topfacemobappandroid OR user_mau.1709.topfacemobappios OR user_mau.1709.topface OR user_mau.1709.standalonetf)",1
"2015-01-01 00:00:00","first_app:topface AND platform:fb","_exists_:(user_mau.1710.topfacemobappandroid OR user_mau.1710.topfacemobappios OR user_mau.1710.topface OR user_mau.1710.standalonetf)",1
"2015-01-01 00:00:00","first_app:topface AND platform:fb","_exists_:(user_mau.1711.topfacemobappandroid OR user_mau.1711.topfacemobappios OR user_mau.1711.topface OR user_mau.1711.standalonetf)",0
"2015-01-01 00:00:00","first_app:topface AND platform:fb","_exists_:(user_mau.1712.topfacemobappandroid OR user_mau.1712.topfacemobappios OR user_mau.1712.topface OR user_mau.1712.standalonetf)",1
"2015-01-01 00:00:00","first_app:topface AND platform:fb","_exists_:(user_mau.1801.topfacemobappandroid OR user_mau.1801.topfacemobappios OR user_mau.1801.topface OR user_mau.1801.standalonetf)",0
"2015-01-01 00:00:00","first_app:topface AND platform:fb","_exists_:(user_mau.1802.topfacemobappandroid OR user_mau.1802.topfacemobappios OR user_mau.1802.topface OR user_mau.1802.standalonetf)",0
"2015-02-01 00:00:00","first_app:topfacemobappandroid","*","4,968"
"2015-02-01 00:00:00","first_app:topfacemobappandroid","_exists_:(user_mau.1501.topfacemobappandroid OR user_mau.1501.topfacemobappios OR user_mau.1501.topface OR user_mau.1501.standalonetf)",5
"2015-02-01 00:00:00","first_app:topfacemobappandroid","_exists_:(user_mau.1502.topfacemobappandroid OR user_mau.1502.topfacemobappios OR user_mau.1502.topface OR user_mau.1502.standalonetf)","4,484"
"2015-02-01 00:00:00","first_app:topfacemobappandroid","_exists_:(user_mau.1503.topfacemobappandroid OR user_mau.1503.topfacemobappios OR user_mau.1503.topface OR user_mau.1503.standalonetf)","1,538"
"2015-02-01 00:00:00","first_app:topfacemobappandroid","_exists_:(user_mau.1504.topfacemobappandroid OR user_mau.1504.topfacemobappios OR user_mau.1504.topface OR user_mau.1504.standalonetf)",723
"2015-02-01 00:00:00","first_app:topfacemobappandroid","_exists_:(user_mau.1505.topfacemobappandroid OR user_mau.1505.topfacemobappios OR user_mau.1505.topface OR user_mau.1505.standalonetf)",477
"2015-02-01 00:00:00","first_app:topfacemobappandroid","_exists_:(user_mau.1506.topfacemobappandroid OR user_mau.1506.topfacemobappios OR user_mau.1506.topface OR user_mau.1506.standalonetf)",384
"2015-02-01 00:00:00","first_app:topfacemobappandroid","_exists_:(user_mau.1507.topfacemobappandroid OR user_mau.1507.topfacemobappios OR user_mau.1507.topface OR user_mau.1507.standalonetf)",407
"2015-02-01 00:00:00","first_app:topfacemobappandroid","_exists_:(user_mau.1508.topfacemobappandroid OR user_mau.1508.topfacemobappios OR user_mau.1508.topface OR user_mau.1508.standalonetf)",337
"2015-02-01 00:00:00","first_app:topfacemobappandroid","_exists_:(user_mau.1509.topfacemobappandroid OR user_mau.1509.topfacemobappios OR user_mau.1509.topface OR user_mau.1509.standalonetf)",280
"2015-02-01 00:00:00","first_app:topfacemobappandroid","_exists_:(user_mau.1510.topfacemobappandroid OR user_mau.1510.topfacemobappios OR user_mau.1510.topface OR user_mau.1510.standalonetf)",241
"2015-02-01 00:00:00","first_app:topfacemobappandroid","_exists_:(user_mau.1511.topfacemobappandroid OR user_mau.1511.topfacemobappios OR user_mau.1511.topface OR user_mau.1511.standalonetf)",178
"2015-02-01 00:00:00","first_app:topfacemobappandroid","_exists_:(user_mau.1512.topfacemobappandroid OR user_mau.1512.topfacemobappios OR user_mau.1512.topface OR user_mau.1512.standalonetf)",116
"2015-02-01 00:00:00","first_app:topfacemobappandroid","_exists_:(user_mau.1601.topfacemobappandroid OR user_mau.1601.topfacemobappios OR user_mau.1601.topface OR user_mau.1601.standalonetf)",289
"2015-02-01 00:00:00","first_app:topfacemobappandroid","_exists_:(user_mau.1602.topfacemobappandroid OR user_mau.1602.topfacemobappios OR user_mau.1602.topface OR user_mau.1602.standalonetf)",260
"2015-02-01 00:00:00","first_app:topfacemobappandroid","_exists_:(user_mau.1603.topfacemobappandroid OR user_mau.1603.topfacemobappios OR user_mau.1603.topface OR user_mau.1603.standalonetf)",227
"2015-02-01 00:00:00","first_app:topfacemobappandroid","_exists_:(user_mau.1604.topfacemobappandroid OR user_mau.1604.topfacemobappios OR user_mau.1604.topface OR user_mau.1604.standalonetf)",184
"2015-02-01 00:00:00","first_app:topfacemobappandroid","_exists_:(user_mau.1605.topfacemobappandroid OR user_mau.1605.topfacemobappios OR user_mau.1605.topface OR user_mau.1605.standalonetf)",171
"2015-02-01 00:00:00","first_app:topfacemobappandroid","_exists_:(user_mau.1606.topfacemobappandroid OR user_mau.1606.topfacemobappios OR user_mau.1606.topface OR user_mau.1606.standalonetf)",151
"2015-02-01 00:00:00","first_app:topfacemobappandroid","_exists_:(user_mau.1607.topfacemobappandroid OR user_mau.1607.topfacemobappios OR user_mau.1607.topface OR user_mau.1607.standalonetf)",156
"2015-02-01 00:00:00","first_app:topfacemobappandroid","_exists_:(user_mau.1608.topfacemobappandroid OR user_mau.1608.topfacemobappios OR user_mau.1608.topface OR user_mau.1608.standalonetf)",138
"2015-02-01 00:00:00","first_app:topfacemobappandroid","_exists_:(user_mau.1609.topfacemobappandroid OR user_mau.1609.topfacemobappios OR user_mau.1609.topface OR user_mau.1609.standalonetf)",104
"2015-02-01 00:00:00","first_app:topfacemobappandroid","_exists_:(user_mau.1610.topfacemobappandroid OR user_mau.1610.topfacemobappios OR user_mau.1610.topface OR user_mau.1610.standalonetf)",98
"2015-02-01 00:00:00","first_app:topfacemobappandroid","_exists_:(user_mau.1611.topfacemobappandroid OR user_mau.1611.topfacemobappios OR user_mau.1611.topface OR user_mau.1611.standalonetf)",89
"2015-02-01 00:00:00","first_app:topfacemobappandroid","_exists_:(user_mau.1612.topfacemobappandroid OR user_mau.1612.topfacemobappios OR user_mau.1612.topface OR user_mau.1612.standalonetf)",88
"2015-02-01 00:00:00","first_app:topfacemobappandroid","_exists_:(user_mau.1701.topfacemobappandroid OR user_mau.1701.topfacemobappios OR user_mau.1701.topface OR user_mau.1701.standalonetf)",91
"2015-02-01 00:00:00","first_app:topfacemobappandroid","_exists_:(user_mau.1702.topfacemobappandroid OR user_mau.1702.topfacemobappios OR user_mau.1702.topface OR user_mau.1702.standalonetf)",80
"2015-02-01 00:00:00","first_app:topfacemobappandroid","_exists_:(user_mau.1703.topfacemobappandroid OR user_mau.1703.topfacemobappios OR user_mau.1703.topface OR user_mau.1703.standalonetf)",68
"2015-02-01 00:00:00","first_app:topfacemobappandroid","_exists_:(user_mau.1704.topfacemobappandroid OR user_mau.1704.topfacemobappios OR user_mau.1704.topface OR user_mau.1704.standalonetf)",83
"2015-02-01 00:00:00","first_app:topfacemobappandroid","_exists_:(user_mau.1705.topfacemobappandroid OR user_mau.1705.topfacemobappios OR user_mau.1705.topface OR user_mau.1705.standalonetf)",73
"2015-02-01 00:00:00","first_app:topfacemobappandroid","_exists_:(user_mau.1706.topfacemobappandroid OR user_mau.1706.topfacemobappios OR user_mau.1706.topface OR user_mau.1706.standalonetf)",67
"2015-02-01 00:00:00","first_app:topfacemobappandroid","_exists_:(user_mau.1707.topfacemobappandroid OR user_mau.1707.topfacemobappios OR user_mau.1707.topface OR user_mau.1707.standalonetf)",77
"2015-02-01 00:00:00","first_app:topfacemobappandroid","_exists_:(user_mau.1708.topfacemobappandroid OR user_mau.1708.topfacemobappios OR user_mau.1708.topface OR user_mau.1708.standalonetf)",65
"2015-02-01 00:00:00","first_app:topfacemobappandroid","_exists_:(user_mau.1709.topfacemobappandroid OR user_mau.1709.topfacemobappios OR user_mau.1709.topface OR user_mau.1709.standalonetf)",74
"2015-02-01 00:00:00","first_app:topfacemobappandroid","_exists_:(user_mau.1710.topfacemobappandroid OR user_mau.1710.topfacemobappios OR user_mau.1710.topface OR user_mau.1710.standalonetf)",83
"2015-02-01 00:00:00","first_app:topfacemobappandroid","_exists_:(user_mau.1711.topfacemobappandroid OR user_mau.1711.topfacemobappios OR user_mau.1711.topface OR user_mau.1711.standalonetf)",77
"2015-02-01 00:00:00","first_app:topfacemobappandroid","_exists_:(user_mau.1712.topfacemobappandroid OR user_mau.1712.topfacemobappios OR user_mau.1712.topface OR user_mau.1712.standalonetf)",75
"2015-02-01 00:00:00","first_app:topfacemobappandroid","_exists_:(user_mau.1801.topfacemobappandroid OR user_mau.1801.topfacemobappios OR user_mau.1801.topface OR user_mau.1801.standalonetf)",55
"2015-02-01 00:00:00","first_app:topfacemobappandroid","_exists_:(user_mau.1802.topfacemobappandroid OR user_mau.1802.topfacemobappios OR user_mau.1802.topface OR user_mau.1802.standalonetf)",56
"2015-02-01 00:00:00","first_app:topfacemobappios","*","5,411"
"2015-02-01 00:00:00","first_app:topfacemobappios","_exists_:(user_mau.1501.topfacemobappandroid OR user_mau.1501.topfacemobappios OR user_mau.1501.topface OR user_mau.1501.standalonetf)",1
"2015-02-01 00:00:00","first_app:topfacemobappios","_exists_:(user_mau.1502.topfacemobappandroid OR user_mau.1502.topfacemobappios OR user_mau.1502.topface OR user_mau.1502.standalonetf)","4,907"
"2015-02-01 00:00:00","first_app:topfacemobappios","_exists_:(user_mau.1503.topfacemobappandroid OR user_mau.1503.topfacemobappios OR user_mau.1503.topface OR user_mau.1503.standalonetf)","1,753"
"2015-02-01 00:00:00","first_app:topfacemobappios","_exists_:(user_mau.1504.topfacemobappandroid OR user_mau.1504.topfacemobappios OR user_mau.1504.topface OR user_mau.1504.standalonetf)",840
"2015-02-01 00:00:00","first_app:topfacemobappios","_exists_:(user_mau.1505.topfacemobappandroid OR user_mau.1505.topfacemobappios OR user_mau.1505.topface OR user_mau.1505.standalonetf)",619
"2015-02-01 00:00:00","first_app:topfacemobappios","_exists_:(user_mau.1506.topfacemobappandroid OR user_mau.1506.topfacemobappios OR user_mau.1506.topface OR user_mau.1506.standalonetf)",461
"2015-02-01 00:00:00","first_app:topfacemobappios","_exists_:(user_mau.1507.topfacemobappandroid OR user_mau.1507.topfacemobappios OR user_mau.1507.topface OR user_mau.1507.standalonetf)",378
"2015-02-01 00:00:00","first_app:topfacemobappios","_exists_:(user_mau.1508.topfacemobappandroid OR user_mau.1508.topfacemobappios OR user_mau.1508.topface OR user_mau.1508.standalonetf)",319
"2015-02-01 00:00:00","first_app:topfacemobappios","_exists_:(user_mau.1509.topfacemobappandroid OR user_mau.1509.topfacemobappios OR user_mau.1509.topface OR user_mau.1509.standalonetf)",269
"2015-02-01 00:00:00","first_app:topfacemobappios","_exists_:(user_mau.1510.topfacemobappandroid OR user_mau.1510.topfacemobappios OR user_mau.1510.topface OR user_mau.1510.standalonetf)",192
"2015-02-01 00:00:00","first_app:topfacemobappios","_exists_:(user_mau.1511.topfacemobappandroid OR user_mau.1511.topfacemobappios OR user_mau.1511.topface OR user_mau.1511.standalonetf)",210
"2015-02-01 00:00:00","first_app:topfacemobappios","_exists_:(user_mau.1512.topfacemobappandroid OR user_mau.1512.topfacemobappios OR user_mau.1512.topface OR user_mau.1512.standalonetf)",110
"2015-02-01 00:00:00","first_app:topfacemobappios","_exists_:(user_mau.1601.topfacemobappandroid OR user_mau.1601.topfacemobappios OR user_mau.1601.topface OR user_mau.1601.standalonetf)",323
"2015-02-01 00:00:00","first_app:topfacemobappios","_exists_:(user_mau.1602.topfacemobappandroid OR user_mau.1602.topfacemobappios OR user_mau.1602.topface OR user_mau.1602.standalonetf)",287
"2015-02-01 00:00:00","first_app:topfacemobappios","_exists_:(user_mau.1603.topfacemobappandroid OR user_mau.1603.topfacemobappios OR user_mau.1603.topface OR user_mau.1603.standalonetf)",238
"2015-02-01 00:00:00","first_app:topfacemobappios","_exists_:(user_mau.1604.topfacemobappandroid OR user_mau.1604.topfacemobappios OR user_mau.1604.topface OR user_mau.1604.standalonetf)",214
"2015-02-01 00:00:00","first_app:topfacemobappios","_exists_:(user_mau.1605.topfacemobappandroid OR user_mau.1605.topfacemobappios OR user_mau.1605.topface OR user_mau.1605.standalonetf)",188
"2015-02-01 00:00:00","first_app:topfacemobappios","_exists_:(user_mau.1606.topfacemobappandroid OR user_mau.1606.topfacemobappios OR user_mau.1606.topface OR user_mau.1606.standalonetf)",194
"2015-02-01 00:00:00","first_app:topfacemobappios","_exists_:(user_mau.1607.topfacemobappandroid OR user_mau.1607.topfacemobappios OR user_mau.1607.topface OR user_mau.1607.standalonetf)",190
"2015-02-01 00:00:00","first_app:topfacemobappios","_exists_:(user_mau.1608.topfacemobappandroid OR user_mau.1608.topfacemobappios OR user_mau.1608.topface OR user_mau.1608.standalonetf)",153
"2015-02-01 00:00:00","first_app:topfacemobappios","_exists_:(user_mau.1609.topfacemobappandroid OR user_mau.1609.topfacemobappios OR user_mau.1609.topface OR user_mau.1609.standalonetf)",138
"2015-02-01 00:00:00","first_app:topfacemobappios","_exists_:(user_mau.1610.topfacemobappandroid OR user_mau.1610.topfacemobappios OR user_mau.1610.topface OR user_mau.1610.standalonetf)",142
"2015-02-01 00:00:00","first_app:topfacemobappios","_exists_:(user_mau.1611.topfacemobappandroid OR user_mau.1611.topfacemobappios OR user_mau.1611.topface OR user_mau.1611.standalonetf)",137
"2015-02-01 00:00:00","first_app:topfacemobappios","_exists_:(user_mau.1612.topfacemobappandroid OR user_mau.1612.topfacemobappios OR user_mau.1612.topface OR user_mau.1612.standalonetf)",121
"2015-02-01 00:00:00","first_app:topfacemobappios","_exists_:(user_mau.1701.topfacemobappandroid OR user_mau.1701.topfacemobappios OR user_mau.1701.topface OR user_mau.1701.standalonetf)",116
"2015-02-01 00:00:00","first_app:topfacemobappios","_exists_:(user_mau.1702.topfacemobappandroid OR user_mau.1702.topfacemobappios OR user_mau.1702.topface OR user_mau.1702.standalonetf)",114
"2015-02-01 00:00:00","first_app:topfacemobappios","_exists_:(user_mau.1703.topfacemobappandroid OR user_mau.1703.topfacemobappios OR user_mau.1703.topface OR user_mau.1703.standalonetf)",98
"2015-02-01 00:00:00","first_app:topfacemobappios","_exists_:(user_mau.1704.topfacemobappandroid OR user_mau.1704.topfacemobappios OR user_mau.1704.topface OR user_mau.1704.standalonetf)",93
"2015-02-01 00:00:00","first_app:topfacemobappios","_exists_:(user_mau.1705.topfacemobappandroid OR user_mau.1705.topfacemobappios OR user_mau.1705.topface OR user_mau.1705.standalonetf)",100
"2015-02-01 00:00:00","first_app:topfacemobappios","_exists_:(user_mau.1706.topfacemobappandroid OR user_mau.1706.topfacemobappios OR user_mau.1706.topface OR user_mau.1706.standalonetf)",84
"2015-02-01 00:00:00","first_app:topfacemobappios","_exists_:(user_mau.1707.topfacemobappandroid OR user_mau.1707.topfacemobappios OR user_mau.1707.topface OR user_mau.1707.standalonetf)",85
"2015-02-01 00:00:00","first_app:topfacemobappios","_exists_:(user_mau.1708.topfacemobappandroid OR user_mau.1708.topfacemobappios OR user_mau.1708.topface OR user_mau.1708.standalonetf)",81
"2015-02-01 00:00:00","first_app:topfacemobappios","_exists_:(user_mau.1709.topfacemobappandroid OR user_mau.1709.topfacemobappios OR user_mau.1709.topface OR user_mau.1709.standalonetf)",79
"2015-02-01 00:00:00","first_app:topfacemobappios","_exists_:(user_mau.1710.topfacemobappandroid OR user_mau.1710.topfacemobappios OR user_mau.1710.topface OR user_mau.1710.standalonetf)",87
"2015-02-01 00:00:00","first_app:topfacemobappios","_exists_:(user_mau.1711.topfacemobappandroid OR user_mau.1711.topfacemobappios OR user_mau.1711.topface OR user_mau.1711.standalonetf)",76
"2015-02-01 00:00:00","first_app:topfacemobappios","_exists_:(user_mau.1712.topfacemobappandroid OR user_mau.1712.topfacemobappios OR user_mau.1712.topface OR user_mau.1712.standalonetf)",63
"2015-02-01 00:00:00","first_app:topfacemobappios","_exists_:(user_mau.1801.topfacemobappandroid OR user_mau.1801.topfacemobappios OR user_mau.1801.topface OR user_mau.1801.standalonetf)",70
"2015-02-01 00:00:00","first_app:topfacemobappios","_exists_:(user_mau.1802.topfacemobappandroid OR user_mau.1802.topfacemobappios OR user_mau.1802.topface OR user_mau.1802.standalonetf)",56
"2015-02-01 00:00:00","first_app:standalonetf","*","46,539"
"2015-02-01 00:00:00","first_app:standalonetf","_exists_:(user_mau.1501.topfacemobappandroid OR user_mau.1501.topfacemobappios OR user_mau.1501.topface OR user_mau.1501.standalonetf)",74
"2015-02-01 00:00:00","first_app:standalonetf","_exists_:(user_mau.1502.topfacemobappandroid OR user_mau.1502.topfacemobappios OR user_mau.1502.topface OR user_mau.1502.standalonetf)","22,721"
"2015-02-01 00:00:00","first_app:standalonetf","_exists_:(user_mau.1503.topfacemobappandroid OR user_mau.1503.topfacemobappios OR user_mau.1503.topface OR user_mau.1503.standalonetf)","2,180"
"2015-02-01 00:00:00","first_app:standalonetf","_exists_:(user_mau.1504.topfacemobappandroid OR user_mau.1504.topfacemobappios OR user_mau.1504.topface OR user_mau.1504.standalonetf)",174
"2015-02-01 00:00:00","first_app:standalonetf","_exists_:(user_mau.1505.topfacemobappandroid OR user_mau.1505.topfacemobappios OR user_mau.1505.topface OR user_mau.1505.standalonetf)",155
"2015-02-01 00:00:00","first_app:standalonetf","_exists_:(user_mau.1506.topfacemobappandroid OR user_mau.1506.topfacemobappios OR user_mau.1506.topface OR user_mau.1506.standalonetf)",162
"2015-02-01 00:00:00","first_app:standalonetf","_exists_:(user_mau.1507.topfacemobappandroid OR user_mau.1507.topfacemobappios OR user_mau.1507.topface OR user_mau.1507.standalonetf)",160
"2015-02-01 00:00:00","first_app:standalonetf","_exists_:(user_mau.1508.topfacemobappandroid OR user_mau.1508.topfacemobappios OR user_mau.1508.topface OR user_mau.1508.standalonetf)",158
"2015-02-01 00:00:00","first_app:standalonetf","_exists_:(user_mau.1509.topfacemobappandroid OR user_mau.1509.topfacemobappios OR user_mau.1509.topface OR user_mau.1509.standalonetf)",124
"2015-02-01 00:00:00","first_app:standalonetf","_exists_:(user_mau.1510.topfacemobappandroid OR user_mau.1510.topfacemobappios OR user_mau.1510.topface OR user_mau.1510.standalonetf)",107
"2015-02-01 00:00:00","first_app:standalonetf","_exists_:(user_mau.1511.topfacemobappandroid OR user_mau.1511.topfacemobappios OR user_mau.1511.topface OR user_mau.1511.standalonetf)",101
"2015-02-01 00:00:00","first_app:standalonetf","_exists_:(user_mau.1512.topfacemobappandroid OR user_mau.1512.topfacemobappios OR user_mau.1512.topface OR user_mau.1512.standalonetf)",64
"2015-02-01 00:00:00","first_app:standalonetf","_exists_:(user_mau.1601.topfacemobappandroid OR user_mau.1601.topfacemobappios OR user_mau.1601.topface OR user_mau.1601.standalonetf)",296
"2015-02-01 00:00:00","first_app:standalonetf","_exists_:(user_mau.1602.topfacemobappandroid OR user_mau.1602.topfacemobappios OR user_mau.1602.topface OR user_mau.1602.standalonetf)",284
"2015-02-01 00:00:00","first_app:standalonetf","_exists_:(user_mau.1603.topfacemobappandroid OR user_mau.1603.topfacemobappios OR user_mau.1603.topface OR user_mau.1603.standalonetf)",312
"2015-02-01 00:00:00","first_app:standalonetf","_exists_:(user_mau.1604.topfacemobappandroid OR user_mau.1604.topfacemobappios OR user_mau.1604.topface OR user_mau.1604.standalonetf)",277
"2015-02-01 00:00:00","first_app:standalonetf","_exists_:(user_mau.1605.topfacemobappandroid OR user_mau.1605.topfacemobappios OR user_mau.1605.topface OR user_mau.1605.standalonetf)",275
"2015-02-01 00:00:00","first_app:standalonetf","_exists_:(user_mau.1606.topfacemobappandroid OR user_mau.1606.topfacemobappios OR user_mau.1606.topface OR user_mau.1606.standalonetf)",278
"2015-02-01 00:00:00","first_app:standalonetf","_exists_:(user_mau.1607.topfacemobappandroid OR user_mau.1607.topfacemobappios OR user_mau.1607.topface OR user_mau.1607.standalonetf)",273
"2015-02-01 00:00:00","first_app:standalonetf","_exists_:(user_mau.1608.topfacemobappandroid OR user_mau.1608.topfacemobappios OR user_mau.1608.topface OR user_mau.1608.standalonetf)",278
"2015-02-01 00:00:00","first_app:standalonetf","_exists_:(user_mau.1609.topfacemobappandroid OR user_mau.1609.topfacemobappios OR user_mau.1609.topface OR user_mau.1609.standalonetf)",240
"2015-02-01 00:00:00","first_app:standalonetf","_exists_:(user_mau.1610.topfacemobappandroid OR user_mau.1610.topfacemobappios OR user_mau.1610.topface OR user_mau.1610.standalonetf)",202
"2015-02-01 00:00:00","first_app:standalonetf","_exists_:(user_mau.1611.topfacemobappandroid OR user_mau.1611.topfacemobappios OR user_mau.1611.topface OR user_mau.1611.standalonetf)",206
"2015-02-01 00:00:00","first_app:standalonetf","_exists_:(user_mau.1612.topfacemobappandroid OR user_mau.1612.topfacemobappios OR user_mau.1612.topface OR user_mau.1612.standalonetf)",211
"2015-02-01 00:00:00","first_app:standalonetf","_exists_:(user_mau.1701.topfacemobappandroid OR user_mau.1701.topfacemobappios OR user_mau.1701.topface OR user_mau.1701.standalonetf)",214
"2015-02-01 00:00:00","first_app:standalonetf","_exists_:(user_mau.1702.topfacemobappandroid OR user_mau.1702.topfacemobappios OR user_mau.1702.topface OR user_mau.1702.standalonetf)",168
"2015-02-01 00:00:00","first_app:standalonetf","_exists_:(user_mau.1703.topfacemobappandroid OR user_mau.1703.topfacemobappios OR user_mau.1703.topface OR user_mau.1703.standalonetf)",178
"2015-02-01 00:00:00","first_app:standalonetf","_exists_:(user_mau.1704.topfacemobappandroid OR user_mau.1704.topfacemobappios OR user_mau.1704.topface OR user_mau.1704.standalonetf)",159
"2015-02-01 00:00:00","first_app:standalonetf","_exists_:(user_mau.1705.topfacemobappandroid OR user_mau.1705.topfacemobappios OR user_mau.1705.topface OR user_mau.1705.standalonetf)",169
"2015-02-01 00:00:00","first_app:standalonetf","_exists_:(user_mau.1706.topfacemobappandroid OR user_mau.1706.topfacemobappios OR user_mau.1706.topface OR user_mau.1706.standalonetf)",158
"2015-02-01 00:00:00","first_app:standalonetf","_exists_:(user_mau.1707.topfacemobappandroid OR user_mau.1707.topfacemobappios OR user_mau.1707.topface OR user_mau.1707.standalonetf)",145
"2015-02-01 00:00:00","first_app:standalonetf","_exists_:(user_mau.1708.topfacemobappandroid OR user_mau.1708.topfacemobappios OR user_mau.1708.topface OR user_mau.1708.standalonetf)",123
"2015-02-01 00:00:00","first_app:standalonetf","_exists_:(user_mau.1709.topfacemobappandroid OR user_mau.1709.topfacemobappios OR user_mau.1709.topface OR user_mau.1709.standalonetf)",137
"2015-02-01 00:00:00","first_app:standalonetf","_exists_:(user_mau.1710.topfacemobappandroid OR user_mau.1710.topfacemobappios OR user_mau.1710.topface OR user_mau.1710.standalonetf)",140
"2015-02-01 00:00:00","first_app:standalonetf","_exists_:(user_mau.1711.topfacemobappandroid OR user_mau.1711.topfacemobappios OR user_mau.1711.topface OR user_mau.1711.standalonetf)",127
"2015-02-01 00:00:00","first_app:standalonetf","_exists_:(user_mau.1712.topfacemobappandroid OR user_mau.1712.topfacemobappios OR user_mau.1712.topface OR user_mau.1712.standalonetf)",111
"2015-02-01 00:00:00","first_app:standalonetf","_exists_:(user_mau.1801.topfacemobappandroid OR user_mau.1801.topfacemobappios OR user_mau.1801.topface OR user_mau.1801.standalonetf)",114
"2015-02-01 00:00:00","first_app:standalonetf","_exists_:(user_mau.1802.topfacemobappandroid OR user_mau.1802.topfacemobappios OR user_mau.1802.topface OR user_mau.1802.standalonetf)",112
"2015-02-01 00:00:00","first_app:topface AND platform:vk","*","1,559"
"2015-02-01 00:00:00","first_app:topface AND platform:vk","_exists_:(user_mau.1501.topfacemobappandroid OR user_mau.1501.topfacemobappios OR user_mau.1501.topface OR user_mau.1501.standalonetf)",0
"2015-02-01 00:00:00","first_app:topface AND platform:vk","_exists_:(user_mau.1502.topfacemobappandroid OR user_mau.1502.topfacemobappios OR user_mau.1502.topface OR user_mau.1502.standalonetf)","1,242"
"2015-02-01 00:00:00","first_app:topface AND platform:vk","_exists_:(user_mau.1503.topfacemobappandroid OR user_mau.1503.topfacemobappios OR user_mau.1503.topface OR user_mau.1503.standalonetf)",495
"2015-02-01 00:00:00","first_app:topface AND platform:vk","_exists_:(user_mau.1504.topfacemobappandroid OR user_mau.1504.topfacemobappios OR user_mau.1504.topface OR user_mau.1504.standalonetf)",308
"2015-02-01 00:00:00","first_app:topface AND platform:vk","_exists_:(user_mau.1505.topfacemobappandroid OR user_mau.1505.topfacemobappios OR user_mau.1505.topface OR user_mau.1505.standalonetf)",228
"2015-02-01 00:00:00","first_app:topface AND platform:vk","_exists_:(user_mau.1506.topfacemobappandroid OR user_mau.1506.topfacemobappios OR user_mau.1506.topface OR user_mau.1506.standalonetf)",175
"2015-02-01 00:00:00","first_app:topface AND platform:vk","_exists_:(user_mau.1507.topfacemobappandroid OR user_mau.1507.topfacemobappios OR user_mau.1507.topface OR user_mau.1507.standalonetf)",162
"2015-02-01 00:00:00","first_app:topface AND platform:vk","_exists_:(user_mau.1508.topfacemobappandroid OR user_mau.1508.topfacemobappios OR user_mau.1508.topface OR user_mau.1508.standalonetf)",111
"2015-02-01 00:00:00","first_app:topface AND platform:vk","_exists_:(user_mau.1509.topfacemobappandroid OR user_mau.1509.topfacemobappios OR user_mau.1509.topface OR user_mau.1509.standalonetf)",101
"2015-02-01 00:00:00","first_app:topface AND platform:vk","_exists_:(user_mau.1510.topfacemobappandroid OR user_mau.1510.topfacemobappios OR user_mau.1510.topface OR user_mau.1510.standalonetf)",121
"2015-02-01 00:00:00","first_app:topface AND platform:vk","_exists_:(user_mau.1511.topfacemobappandroid OR user_mau.1511.topfacemobappios OR user_mau.1511.topface OR user_mau.1511.standalonetf)",80
"2015-02-01 00:00:00","first_app:topface AND platform:vk","_exists_:(user_mau.1512.topfacemobappandroid OR user_mau.1512.topfacemobappios OR user_mau.1512.topface OR user_mau.1512.standalonetf)",50
"2015-02-01 00:00:00","first_app:topface AND platform:vk","_exists_:(user_mau.1601.topfacemobappandroid OR user_mau.1601.topfacemobappios OR user_mau.1601.topface OR user_mau.1601.standalonetf)",197
"2015-02-01 00:00:00","first_app:topface AND platform:vk","_exists_:(user_mau.1602.topfacemobappandroid OR user_mau.1602.topfacemobappios OR user_mau.1602.topface OR user_mau.1602.standalonetf)",162
"2015-02-01 00:00:00","first_app:topface AND platform:vk","_exists_:(user_mau.1603.topfacemobappandroid OR user_mau.1603.topfacemobappios OR user_mau.1603.topface OR user_mau.1603.standalonetf)",143
"2015-02-01 00:00:00","first_app:topface AND platform:vk","_exists_:(user_mau.1604.topfacemobappandroid OR user_mau.1604.topfacemobappios OR user_mau.1604.topface OR user_mau.1604.standalonetf)",121
"2015-02-01 00:00:00","first_app:topface AND platform:vk","_exists_:(user_mau.1605.topfacemobappandroid OR user_mau.1605.topfacemobappios OR user_mau.1605.topface OR user_mau.1605.standalonetf)",102
"2015-02-01 00:00:00","first_app:topface AND platform:vk","_exists_:(user_mau.1606.topfacemobappandroid OR user_mau.1606.topfacemobappios OR user_mau.1606.topface OR user_mau.1606.standalonetf)",87
"2015-02-01 00:00:00","first_app:topface AND platform:vk","_exists_:(user_mau.1607.topfacemobappandroid OR user_mau.1607.topfacemobappios OR user_mau.1607.topface OR user_mau.1607.standalonetf)",81
"2015-02-01 00:00:00","first_app:topface AND platform:vk","_exists_:(user_mau.1608.topfacemobappandroid OR user_mau.1608.topfacemobappios OR user_mau.1608.topface OR user_mau.1608.standalonetf)",84
"2015-02-01 00:00:00","first_app:topface AND platform:vk","_exists_:(user_mau.1609.topfacemobappandroid OR user_mau.1609.topfacemobappios OR user_mau.1609.topface OR user_mau.1609.standalonetf)",98
"2015-02-01 00:00:00","first_app:topface AND platform:vk","_exists_:(user_mau.1610.topfacemobappandroid OR user_mau.1610.topfacemobappios OR user_mau.1610.topface OR user_mau.1610.standalonetf)",70
"2015-02-01 00:00:00","first_app:topface AND platform:vk","_exists_:(user_mau.1611.topfacemobappandroid OR user_mau.1611.topfacemobappios OR user_mau.1611.topface OR user_mau.1611.standalonetf)",57
"2015-02-01 00:00:00","first_app:topface AND platform:vk","_exists_:(user_mau.1612.topfacemobappandroid OR user_mau.1612.topfacemobappios OR user_mau.1612.topface OR user_mau.1612.standalonetf)",61
"2015-02-01 00:00:00","first_app:topface AND platform:vk","_exists_:(user_mau.1701.topfacemobappandroid OR user_mau.1701.topfacemobappios OR user_mau.1701.topface OR user_mau.1701.standalonetf)",53
"2015-02-01 00:00:00","first_app:topface AND platform:vk","_exists_:(user_mau.1702.topfacemobappandroid OR user_mau.1702.topfacemobappios OR user_mau.1702.topface OR user_mau.1702.standalonetf)",43
"2015-02-01 00:00:00","first_app:topface AND platform:vk","_exists_:(user_mau.1703.topfacemobappandroid OR user_mau.1703.topfacemobappios OR user_mau.1703.topface OR user_mau.1703.standalonetf)",46
"2015-02-01 00:00:00","first_app:topface AND platform:vk","_exists_:(user_mau.1704.topfacemobappandroid OR user_mau.1704.topfacemobappios OR user_mau.1704.topface OR user_mau.1704.standalonetf)",40
"2015-02-01 00:00:00","first_app:topface AND platform:vk","_exists_:(user_mau.1705.topfacemobappandroid OR user_mau.1705.topfacemobappios OR user_mau.1705.topface OR user_mau.1705.standalonetf)",50
"2015-02-01 00:00:00","first_app:topface AND platform:vk","_exists_:(user_mau.1706.topfacemobappandroid OR user_mau.1706.topfacemobappios OR user_mau.1706.topface OR user_mau.1706.standalonetf)",44
"2015-02-01 00:00:00","first_app:topface AND platform:vk","_exists_:(user_mau.1707.topfacemobappandroid OR user_mau.1707.topfacemobappios OR user_mau.1707.topface OR user_mau.1707.standalonetf)",35
"2015-02-01 00:00:00","first_app:topface AND platform:vk","_exists_:(user_mau.1708.topfacemobappandroid OR user_mau.1708.topfacemobappios OR user_mau.1708.topface OR user_mau.1708.standalonetf)",34
"2015-02-01 00:00:00","first_app:topface AND platform:vk","_exists_:(user_mau.1709.topfacemobappandroid OR user_mau.1709.topfacemobappios OR user_mau.1709.topface OR user_mau.1709.standalonetf)",36
"2015-02-01 00:00:00","first_app:topface AND platform:vk","_exists_:(user_mau.1710.topfacemobappandroid OR user_mau.1710.topfacemobappios OR user_mau.1710.topface OR user_mau.1710.standalonetf)",41
"2015-02-01 00:00:00","first_app:topface AND platform:vk","_exists_:(user_mau.1711.topfacemobappandroid OR user_mau.1711.topfacemobappios OR user_mau.1711.topface OR user_mau.1711.standalonetf)",31
"2015-02-01 00:00:00","first_app:topface AND platform:vk","_exists_:(user_mau.1712.topfacemobappandroid OR user_mau.1712.topfacemobappios OR user_mau.1712.topface OR user_mau.1712.standalonetf)",32
"2015-02-01 00:00:00","first_app:topface AND platform:vk","_exists_:(user_mau.1801.topfacemobappandroid OR user_mau.1801.topfacemobappios OR user_mau.1801.topface OR user_mau.1801.standalonetf)",31
"2015-02-01 00:00:00","first_app:topface AND platform:vk","_exists_:(user_mau.1802.topfacemobappandroid OR user_mau.1802.topfacemobappios OR user_mau.1802.topface OR user_mau.1802.standalonetf)",35
"2015-02-01 00:00:00","first_app:topface AND platform:ok","*","115,793"
"2015-02-01 00:00:00","first_app:topface AND platform:ok","_exists_:(user_mau.1501.topfacemobappandroid OR user_mau.1501.topfacemobappios OR user_mau.1501.topface OR user_mau.1501.standalonetf)",343
"2015-02-01 00:00:00","first_app:topface AND platform:ok","_exists_:(user_mau.1502.topfacemobappandroid OR user_mau.1502.topfacemobappios OR user_mau.1502.topface OR user_mau.1502.standalonetf)","106,829"
"2015-02-01 00:00:00","first_app:topface AND platform:ok","_exists_:(user_mau.1503.topfacemobappandroid OR user_mau.1503.topfacemobappios OR user_mau.1503.topface OR user_mau.1503.standalonetf)","27,679"
"2015-02-01 00:00:00","first_app:topface AND platform:ok","_exists_:(user_mau.1504.topfacemobappandroid OR user_mau.1504.topfacemobappios OR user_mau.1504.topface OR user_mau.1504.standalonetf)","15,809"
"2015-02-01 00:00:00","first_app:topface AND platform:ok","_exists_:(user_mau.1505.topfacemobappandroid OR user_mau.1505.topfacemobappios OR user_mau.1505.topface OR user_mau.1505.standalonetf)","12,172"
"2015-02-01 00:00:00","first_app:topface AND platform:ok","_exists_:(user_mau.1506.topfacemobappandroid OR user_mau.1506.topfacemobappios OR user_mau.1506.topface OR user_mau.1506.standalonetf)","8,595"
"2015-02-01 00:00:00","first_app:topface AND platform:ok","_exists_:(user_mau.1507.topfacemobappandroid OR user_mau.1507.topfacemobappios OR user_mau.1507.topface OR user_mau.1507.standalonetf)","7,509"
"2015-02-01 00:00:00","first_app:topface AND platform:ok","_exists_:(user_mau.1508.topfacemobappandroid OR user_mau.1508.topfacemobappios OR user_mau.1508.topface OR user_mau.1508.standalonetf)","6,457"
"2015-02-01 00:00:00","first_app:topface AND platform:ok","_exists_:(user_mau.1509.topfacemobappandroid OR user_mau.1509.topfacemobappios OR user_mau.1509.topface OR user_mau.1509.standalonetf)","6,096"
"2015-02-01 00:00:00","first_app:topface AND platform:ok","_exists_:(user_mau.1510.topfacemobappandroid OR user_mau.1510.topfacemobappios OR user_mau.1510.topface OR user_mau.1510.standalonetf)","3,829"
"2015-02-01 00:00:00","first_app:topface AND platform:ok","_exists_:(user_mau.1511.topfacemobappandroid OR user_mau.1511.topfacemobappios OR user_mau.1511.topface OR user_mau.1511.standalonetf)","3,353"
"2015-02-01 00:00:00","first_app:topface AND platform:ok","_exists_:(user_mau.1512.topfacemobappandroid OR user_mau.1512.topfacemobappios OR user_mau.1512.topface OR user_mau.1512.standalonetf)","2,521"
"2015-02-01 00:00:00","first_app:topface AND platform:ok","_exists_:(user_mau.1601.topfacemobappandroid OR user_mau.1601.topfacemobappios OR user_mau.1601.topface OR user_mau.1601.standalonetf)","4,489"
"2015-02-01 00:00:00","first_app:topface AND platform:ok","_exists_:(user_mau.1602.topfacemobappandroid OR user_mau.1602.topfacemobappios OR user_mau.1602.topface OR user_mau.1602.standalonetf)","3,799"
"2015-02-01 00:00:00","first_app:topface AND platform:ok","_exists_:(user_mau.1603.topfacemobappandroid OR user_mau.1603.topfacemobappios OR user_mau.1603.topface OR user_mau.1603.standalonetf)","3,622"
"2015-02-01 00:00:00","first_app:topface AND platform:ok","_exists_:(user_mau.1604.topfacemobappandroid OR user_mau.1604.topfacemobappios OR user_mau.1604.topface OR user_mau.1604.standalonetf)","2,837"
"2015-02-01 00:00:00","first_app:topface AND platform:ok","_exists_:(user_mau.1605.topfacemobappandroid OR user_mau.1605.topfacemobappios OR user_mau.1605.topface OR user_mau.1605.standalonetf)","2,172"
"2015-02-01 00:00:00","first_app:topface AND platform:ok","_exists_:(user_mau.1606.topfacemobappandroid OR user_mau.1606.topfacemobappios OR user_mau.1606.topface OR user_mau.1606.standalonetf)","1,954"
"2015-02-01 00:00:00","first_app:topface AND platform:ok","_exists_:(user_mau.1607.topfacemobappandroid OR user_mau.1607.topfacemobappios OR user_mau.1607.topface OR user_mau.1607.standalonetf)","1,858"
"2015-02-01 00:00:00","first_app:topface AND platform:ok","_exists_:(user_mau.1608.topfacemobappandroid OR user_mau.1608.topfacemobappios OR user_mau.1608.topface OR user_mau.1608.standalonetf)","1,661"
"2015-02-01 00:00:00","first_app:topface AND platform:ok","_exists_:(user_mau.1609.topfacemobappandroid OR user_mau.1609.topfacemobappios OR user_mau.1609.topface OR user_mau.1609.standalonetf)","1,641"
"2015-02-01 00:00:00","first_app:topface AND platform:ok","_exists_:(user_mau.1610.topfacemobappandroid OR user_mau.1610.topfacemobappios OR user_mau.1610.topface OR user_mau.1610.standalonetf)","1,571"
"2015-02-01 00:00:00","first_app:topface AND platform:ok","_exists_:(user_mau.1611.topfacemobappandroid OR user_mau.1611.topfacemobappios OR user_mau.1611.topface OR user_mau.1611.standalonetf)","1,398"
"2015-02-01 00:00:00","first_app:topface AND platform:ok","_exists_:(user_mau.1612.topfacemobappandroid OR user_mau.1612.topfacemobappios OR user_mau.1612.topface OR user_mau.1612.standalonetf)","1,397"
"2015-02-01 00:00:00","first_app:topface AND platform:ok","_exists_:(user_mau.1701.topfacemobappandroid OR user_mau.1701.topfacemobappios OR user_mau.1701.topface OR user_mau.1701.standalonetf)","1,351"
"2015-02-01 00:00:00","first_app:topface AND platform:ok","_exists_:(user_mau.1702.topfacemobappandroid OR user_mau.1702.topfacemobappios OR user_mau.1702.topface OR user_mau.1702.standalonetf)","1,222"
"2015-02-01 00:00:00","first_app:topface AND platform:ok","_exists_:(user_mau.1703.topfacemobappandroid OR user_mau.1703.topfacemobappios OR user_mau.1703.topface OR user_mau.1703.standalonetf)","1,178"
"2015-02-01 00:00:00","first_app:topface AND platform:ok","_exists_:(user_mau.1704.topfacemobappandroid OR user_mau.1704.topfacemobappios OR user_mau.1704.topface OR user_mau.1704.standalonetf)","1,103"
"2015-02-01 00:00:00","first_app:topface AND platform:ok","_exists_:(user_mau.1705.topfacemobappandroid OR user_mau.1705.topfacemobappios OR user_mau.1705.topface OR user_mau.1705.standalonetf)","1,012"
"2015-02-01 00:00:00","first_app:topface AND platform:ok","_exists_:(user_mau.1706.topfacemobappandroid OR user_mau.1706.topfacemobappios OR user_mau.1706.topface OR user_mau.1706.standalonetf)","1,002"
"2015-02-01 00:00:00","first_app:topface AND platform:ok","_exists_:(user_mau.1707.topfacemobappandroid OR user_mau.1707.topfacemobappios OR user_mau.1707.topface OR user_mau.1707.standalonetf)",895
"2015-02-01 00:00:00","first_app:topface AND platform:ok","_exists_:(user_mau.1708.topfacemobappandroid OR user_mau.1708.topfacemobappios OR user_mau.1708.topface OR user_mau.1708.standalonetf)",856
"2015-02-01 00:00:00","first_app:topface AND platform:ok","_exists_:(user_mau.1709.topfacemobappandroid OR user_mau.1709.topfacemobappios OR user_mau.1709.topface OR user_mau.1709.standalonetf)",831
"2015-02-01 00:00:00","first_app:topface AND platform:ok","_exists_:(user_mau.1710.topfacemobappandroid OR user_mau.1710.topfacemobappios OR user_mau.1710.topface OR user_mau.1710.standalonetf)",834
"2015-02-01 00:00:00","first_app:topface AND platform:ok","_exists_:(user_mau.1711.topfacemobappandroid OR user_mau.1711.topfacemobappios OR user_mau.1711.topface OR user_mau.1711.standalonetf)",829
"2015-02-01 00:00:00","first_app:topface AND platform:ok","_exists_:(user_mau.1712.topfacemobappandroid OR user_mau.1712.topfacemobappios OR user_mau.1712.topface OR user_mau.1712.standalonetf)",721
"2015-02-01 00:00:00","first_app:topface AND platform:ok","_exists_:(user_mau.1801.topfacemobappandroid OR user_mau.1801.topfacemobappios OR user_mau.1801.topface OR user_mau.1801.standalonetf)",696
"2015-02-01 00:00:00","first_app:topface AND platform:ok","_exists_:(user_mau.1802.topfacemobappandroid OR user_mau.1802.topfacemobappios OR user_mau.1802.topface OR user_mau.1802.standalonetf)",666
"2015-02-01 00:00:00","first_app:topface AND platform:fb","*",240
"2015-02-01 00:00:00","first_app:topface AND platform:fb","_exists_:(user_mau.1501.topfacemobappandroid OR user_mau.1501.topfacemobappios OR user_mau.1501.topface OR user_mau.1501.standalonetf)",0
"2015-02-01 00:00:00","first_app:topface AND platform:fb","_exists_:(user_mau.1502.topfacemobappandroid OR user_mau.1502.topfacemobappios OR user_mau.1502.topface OR user_mau.1502.standalonetf)",183
"2015-02-01 00:00:00","first_app:topface AND platform:fb","_exists_:(user_mau.1503.topfacemobappandroid OR user_mau.1503.topfacemobappios OR user_mau.1503.topface OR user_mau.1503.standalonetf)",101
"2015-02-01 00:00:00","first_app:topface AND platform:fb","_exists_:(user_mau.1504.topfacemobappandroid OR user_mau.1504.topfacemobappios OR user_mau.1504.topface OR user_mau.1504.standalonetf)",47
"2015-02-01 00:00:00","first_app:topface AND platform:fb","_exists_:(user_mau.1505.topfacemobappandroid OR user_mau.1505.topfacemobappios OR user_mau.1505.topface OR user_mau.1505.standalonetf)",42
"2015-02-01 00:00:00","first_app:topface AND platform:fb","_exists_:(user_mau.1506.topfacemobappandroid OR user_mau.1506.topfacemobappios OR user_mau.1506.topface OR user_mau.1506.standalonetf)",32
"2015-02-01 00:00:00","first_app:topface AND platform:fb","_exists_:(user_mau.1507.topfacemobappandroid OR user_mau.1507.topfacemobappios OR user_mau.1507.topface OR user_mau.1507.standalonetf)",30
"2015-02-01 00:00:00","first_app:topface AND platform:fb","_exists_:(user_mau.1508.topfacemobappandroid OR user_mau.1508.topfacemobappios OR user_mau.1508.topface OR user_mau.1508.standalonetf)",18
"2015-02-01 00:00:00","first_app:topface AND platform:fb","_exists_:(user_mau.1509.topfacemobappandroid OR user_mau.1509.topfacemobappios OR user_mau.1509.topface OR user_mau.1509.standalonetf)",16
"2015-02-01 00:00:00","first_app:topface AND platform:fb","_exists_:(user_mau.1510.topfacemobappandroid OR user_mau.1510.topfacemobappios OR user_mau.1510.topface OR user_mau.1510.standalonetf)",18
"2015-02-01 00:00:00","first_app:topface AND platform:fb","_exists_:(user_mau.1511.topfacemobappandroid OR user_mau.1511.topfacemobappios OR user_mau.1511.topface OR user_mau.1511.standalonetf)",16
"2015-02-01 00:00:00","first_app:topface AND platform:fb","_exists_:(user_mau.1512.topfacemobappandroid OR user_mau.1512.topfacemobappios OR user_mau.1512.topface OR user_mau.1512.standalonetf)",9
"2015-02-01 00:00:00","first_app:topface AND platform:fb","_exists_:(user_mau.1601.topfacemobappandroid OR user_mau.1601.topfacemobappios OR user_mau.1601.topface OR user_mau.1601.standalonetf)",40
"2015-02-01 00:00:00","first_app:topface AND platform:fb","_exists_:(user_mau.1602.topfacemobappandroid OR user_mau.1602.topfacemobappios OR user_mau.1602.topface OR user_mau.1602.standalonetf)",36
"2015-02-01 00:00:00","first_app:topface AND platform:fb","_exists_:(user_mau.1603.topfacemobappandroid OR user_mau.1603.topfacemobappios OR user_mau.1603.topface OR user_mau.1603.standalonetf)",31
"2015-02-01 00:00:00","first_app:topface AND platform:fb","_exists_:(user_mau.1604.topfacemobappandroid OR user_mau.1604.topfacemobappios OR user_mau.1604.topface OR user_mau.1604.standalonetf)",28
"2015-02-01 00:00:00","first_app:topface AND platform:fb","_exists_:(user_mau.1605.topfacemobappandroid OR user_mau.1605.topfacemobappios OR user_mau.1605.topface OR user_mau.1605.standalonetf)",22
"2015-02-01 00:00:00","first_app:topface AND platform:fb","_exists_:(user_mau.1606.topfacemobappandroid OR user_mau.1606.topfacemobappios OR user_mau.1606.topface OR user_mau.1606.standalonetf)",14
"2015-02-01 00:00:00","first_app:topface AND platform:fb","_exists_:(user_mau.1607.topfacemobappandroid OR user_mau.1607.topfacemobappios OR user_mau.1607.topface OR user_mau.1607.standalonetf)",16
"2015-02-01 00:00:00","first_app:topface AND platform:fb","_exists_:(user_mau.1608.topfacemobappandroid OR user_mau.1608.topfacemobappios OR user_mau.1608.topface OR user_mau.1608.standalonetf)",19
"2015-02-01 00:00:00","first_app:topface AND platform:fb","_exists_:(user_mau.1609.topfacemobappandroid OR user_mau.1609.topfacemobappios OR user_mau.1609.topface OR user_mau.1609.standalonetf)",22
"2015-02-01 00:00:00","first_app:topface AND platform:fb","_exists_:(user_mau.1610.topfacemobappandroid OR user_mau.1610.topfacemobappios OR user_mau.1610.topface OR user_mau.1610.standalonetf)",16
"2015-02-01 00:00:00","first_app:topface AND platform:fb","_exists_:(user_mau.1611.topfacemobappandroid OR user_mau.1611.topfacemobappios OR user_mau.1611.topface OR user_mau.1611.standalonetf)",15
"2015-02-01 00:00:00","first_app:topface AND platform:fb","_exists_:(user_mau.1612.topfacemobappandroid OR user_mau.1612.topfacemobappios OR user_mau.1612.topface OR user_mau.1612.standalonetf)",14
"2015-02-01 00:00:00","first_app:topface AND platform:fb","_exists_:(user_mau.1701.topfacemobappandroid OR user_mau.1701.topfacemobappios OR user_mau.1701.topface OR user_mau.1701.standalonetf)",11
"2015-02-01 00:00:00","first_app:topface AND platform:fb","_exists_:(user_mau.1702.topfacemobappandroid OR user_mau.1702.topfacemobappios OR user_mau.1702.topface OR user_mau.1702.standalonetf)",8
"2015-02-01 00:00:00","first_app:topface AND platform:fb","_exists_:(user_mau.1703.topfacemobappandroid OR user_mau.1703.topfacemobappios OR user_mau.1703.topface OR user_mau.1703.standalonetf)",12
"2015-02-01 00:00:00","first_app:topface AND platform:fb","_exists_:(user_mau.1704.topfacemobappandroid OR user_mau.1704.topfacemobappios OR user_mau.1704.topface OR user_mau.1704.standalonetf)",9
"2015-02-01 00:00:00","first_app:topface AND platform:fb","_exists_:(user_mau.1705.topfacemobappandroid OR user_mau.1705.topfacemobappios OR user_mau.1705.topface OR user_mau.1705.standalonetf)",12
"2015-02-01 00:00:00","first_app:topface AND platform:fb","_exists_:(user_mau.1706.topfacemobappandroid OR user_mau.1706.topfacemobappios OR user_mau.1706.topface OR user_mau.1706.standalonetf)",11
"2015-02-01 00:00:00","first_app:topface AND platform:fb","_exists_:(user_mau.1707.topfacemobappandroid OR user_mau.1707.topfacemobappios OR user_mau.1707.topface OR user_mau.1707.standalonetf)",10
"2015-02-01 00:00:00","first_app:topface AND platform:fb","_exists_:(user_mau.1708.topfacemobappandroid OR user_mau.1708.topfacemobappios OR user_mau.1708.topface OR user_mau.1708.standalonetf)",9
"2015-02-01 00:00:00","first_app:topface AND platform:fb","_exists_:(user_mau.1709.topfacemobappandroid OR user_mau.1709.topfacemobappios OR user_mau.1709.topface OR user_mau.1709.standalonetf)",8
"2015-02-01 00:00:00","first_app:topface AND platform:fb","_exists_:(user_mau.1710.topfacemobappandroid OR user_mau.1710.topfacemobappios OR user_mau.1710.topface OR user_mau.1710.standalonetf)",10
"2015-02-01 00:00:00","first_app:topface AND platform:fb","_exists_:(user_mau.1711.topfacemobappandroid OR user_mau.1711.topfacemobappios OR user_mau.1711.topface OR user_mau.1711.standalonetf)",10
"2015-02-01 00:00:00","first_app:topface AND platform:fb","_exists_:(user_mau.1712.topfacemobappandroid OR user_mau.1712.topfacemobappios OR user_mau.1712.topface OR user_mau.1712.standalonetf)",6
"2015-02-01 00:00:00","first_app:topface AND platform:fb","_exists_:(user_mau.1801.topfacemobappandroid OR user_mau.1801.topfacemobappios OR user_mau.1801.topface OR user_mau.1801.standalonetf)",6
"2015-02-01 00:00:00","first_app:topface AND platform:fb","_exists_:(user_mau.1802.topfacemobappandroid OR user_mau.1802.topfacemobappios OR user_mau.1802.topface OR user_mau.1802.standalonetf)",6
"2015-03-01 00:00:00","first_app:topfacemobappandroid","*","2,090"
"2015-03-01 00:00:00","first_app:topfacemobappandroid","_exists_:(user_mau.1501.topfacemobappandroid OR user_mau.1501.topfacemobappios OR user_mau.1501.topface OR user_mau.1501.standalonetf)",0
"2015-03-01 00:00:00","first_app:topfacemobappandroid","_exists_:(user_mau.1502.topfacemobappandroid OR user_mau.1502.topfacemobappios OR user_mau.1502.topface OR user_mau.1502.standalonetf)",8
"2015-03-01 00:00:00","first_app:topfacemobappandroid","_exists_:(user_mau.1503.topfacemobappandroid OR user_mau.1503.topfacemobappios OR user_mau.1503.topface OR user_mau.1503.standalonetf)","1,832"
"2015-03-01 00:00:00","first_app:topfacemobappandroid","_exists_:(user_mau.1504.topfacemobappandroid OR user_mau.1504.topfacemobappios OR user_mau.1504.topface OR user_mau.1504.standalonetf)",569
"2015-03-01 00:00:00","first_app:topfacemobappandroid","_exists_:(user_mau.1505.topfacemobappandroid OR user_mau.1505.topfacemobappios OR user_mau.1505.topface OR user_mau.1505.standalonetf)",337
"2015-03-01 00:00:00","first_app:topfacemobappandroid","_exists_:(user_mau.1506.topfacemobappandroid OR user_mau.1506.topfacemobappios OR user_mau.1506.topface OR user_mau.1506.standalonetf)",212
"2015-03-01 00:00:00","first_app:topfacemobappandroid","_exists_:(user_mau.1507.topfacemobappandroid OR user_mau.1507.topfacemobappios OR user_mau.1507.topface OR user_mau.1507.standalonetf)",171
"2015-03-01 00:00:00","first_app:topfacemobappandroid","_exists_:(user_mau.1508.topfacemobappandroid OR user_mau.1508.topfacemobappios OR user_mau.1508.topface OR user_mau.1508.standalonetf)",161
"2015-03-01 00:00:00","first_app:topfacemobappandroid","_exists_:(user_mau.1509.topfacemobappandroid OR user_mau.1509.topfacemobappios OR user_mau.1509.topface OR user_mau.1509.standalonetf)",137
"2015-03-01 00:00:00","first_app:topfacemobappandroid","_exists_:(user_mau.1510.topfacemobappandroid OR user_mau.1510.topfacemobappios OR user_mau.1510.topface OR user_mau.1510.standalonetf)",124
"2015-03-01 00:00:00","first_app:topfacemobappandroid","_exists_:(user_mau.1511.topfacemobappandroid OR user_mau.1511.topfacemobappios OR user_mau.1511.topface OR user_mau.1511.standalonetf)",99
"2015-03-01 00:00:00","first_app:topfacemobappandroid","_exists_:(user_mau.1512.topfacemobappandroid OR user_mau.1512.topfacemobappios OR user_mau.1512.topface OR user_mau.1512.standalonetf)",56
"2015-03-01 00:00:00","first_app:topfacemobappandroid","_exists_:(user_mau.1601.topfacemobappandroid OR user_mau.1601.topfacemobappios OR user_mau.1601.topface OR user_mau.1601.standalonetf)",143
"2015-03-01 00:00:00","first_app:topfacemobappandroid","_exists_:(user_mau.1602.topfacemobappandroid OR user_mau.1602.topfacemobappios OR user_mau.1602.topface OR user_mau.1602.standalonetf)",142
"2015-03-01 00:00:00","first_app:topfacemobappandroid","_exists_:(user_mau.1603.topfacemobappandroid OR user_mau.1603.topfacemobappios OR user_mau.1603.topface OR user_mau.1603.standalonetf)",112
"2015-03-01 00:00:00","first_app:topfacemobappandroid","_exists_:(user_mau.1604.topfacemobappandroid OR user_mau.1604.topfacemobappios OR user_mau.1604.topface OR user_mau.1604.standalonetf)",96
"2015-03-01 00:00:00","first_app:topfacemobappandroid","_exists_:(user_mau.1605.topfacemobappandroid OR user_mau.1605.topfacemobappios OR user_mau.1605.topface OR user_mau.1605.standalonetf)",86
"2015-03-01 00:00:00","first_app:topfacemobappandroid","_exists_:(user_mau.1606.topfacemobappandroid OR user_mau.1606.topfacemobappios OR user_mau.1606.topface OR user_mau.1606.standalonetf)",70
"2015-03-01 00:00:00","first_app:topfacemobappandroid","_exists_:(user_mau.1607.topfacemobappandroid OR user_mau.1607.topfacemobappios OR user_mau.1607.topface OR user_mau.1607.standalonetf)",79
"2015-03-01 00:00:00","first_app:topfacemobappandroid","_exists_:(user_mau.1608.topfacemobappandroid OR user_mau.1608.topfacemobappios OR user_mau.1608.topface OR user_mau.1608.standalonetf)",83
"2015-03-01 00:00:00","first_app:topfacemobappandroid","_exists_:(user_mau.1609.topfacemobappandroid OR user_mau.1609.topfacemobappios OR user_mau.1609.topface OR user_mau.1609.standalonetf)",72
"2015-03-01 00:00:00","first_app:topfacemobappandroid","_exists_:(user_mau.1610.topfacemobappandroid OR user_mau.1610.topfacemobappios OR user_mau.1610.topface OR user_mau.1610.standalonetf)",77
"2015-03-01 00:00:00","first_app:topfacemobappandroid","_exists_:(user_mau.1611.topfacemobappandroid OR user_mau.1611.topfacemobappios OR user_mau.1611.topface OR user_mau.1611.standalonetf)",70
"2015-03-01 00:00:00","first_app:topfacemobappandroid","_exists_:(user_mau.1612.topfacemobappandroid OR user_mau.1612.topfacemobappios OR user_mau.1612.topface OR user_mau.1612.standalonetf)",54
"2015-03-01 00:00:00","first_app:topfacemobappandroid","_exists_:(user_mau.1701.topfacemobappandroid OR user_mau.1701.topfacemobappios OR user_mau.1701.topface OR user_mau.1701.standalonetf)",48
"2015-03-01 00:00:00","first_app:topfacemobappandroid","_exists_:(user_mau.1702.topfacemobappandroid OR user_mau.1702.topfacemobappios OR user_mau.1702.topface OR user_mau.1702.standalonetf)",48
"2015-03-01 00:00:00","first_app:topfacemobappandroid","_exists_:(user_mau.1703.topfacemobappandroid OR user_mau.1703.topfacemobappios OR user_mau.1703.topface OR user_mau.1703.standalonetf)",39
"2015-03-01 00:00:00","first_app:topfacemobappandroid","_exists_:(user_mau.1704.topfacemobappandroid OR user_mau.1704.topfacemobappios OR user_mau.1704.topface OR user_mau.1704.standalonetf)",59
"2015-03-01 00:00:00","first_app:topfacemobappandroid","_exists_:(user_mau.1705.topfacemobappandroid OR user_mau.1705.topfacemobappios OR user_mau.1705.topface OR user_mau.1705.standalonetf)",48
"2015-03-01 00:00:00","first_app:topfacemobappandroid","_exists_:(user_mau.1706.topfacemobappandroid OR user_mau.1706.topfacemobappios OR user_mau.1706.topface OR user_mau.1706.standalonetf)",42
"2015-03-01 00:00:00","first_app:topfacemobappandroid","_exists_:(user_mau.1707.topfacemobappandroid OR user_mau.1707.topfacemobappios OR user_mau.1707.topface OR user_mau.1707.standalonetf)",37
"2015-03-01 00:00:00","first_app:topfacemobappandroid","_exists_:(user_mau.1708.topfacemobappandroid OR user_mau.1708.topfacemobappios OR user_mau.1708.topface OR user_mau.1708.standalonetf)",39
"2015-03-01 00:00:00","first_app:topfacemobappandroid","_exists_:(user_mau.1709.topfacemobappandroid OR user_mau.1709.topfacemobappios OR user_mau.1709.topface OR user_mau.1709.standalonetf)",42
"2015-03-01 00:00:00","first_app:topfacemobappandroid","_exists_:(user_mau.1710.topfacemobappandroid OR user_mau.1710.topfacemobappios OR user_mau.1710.topface OR user_mau.1710.standalonetf)",40
"2015-03-01 00:00:00","first_app:topfacemobappandroid","_exists_:(user_mau.1711.topfacemobappandroid OR user_mau.1711.topfacemobappios OR user_mau.1711.topface OR user_mau.1711.standalonetf)",44
"2015-03-01 00:00:00","first_app:topfacemobappandroid","_exists_:(user_mau.1712.topfacemobappandroid OR user_mau.1712.topfacemobappios OR user_mau.1712.topface OR user_mau.1712.standalonetf)",35
"2015-03-01 00:00:00","first_app:topfacemobappandroid","_exists_:(user_mau.1801.topfacemobappandroid OR user_mau.1801.topfacemobappios OR user_mau.1801.topface OR user_mau.1801.standalonetf)",33
"2015-03-01 00:00:00","first_app:topfacemobappandroid","_exists_:(user_mau.1802.topfacemobappandroid OR user_mau.1802.topfacemobappios OR user_mau.1802.topface OR user_mau.1802.standalonetf)",26
"2015-03-01 00:00:00","first_app:topfacemobappios","*","2,771"
"2015-03-01 00:00:00","first_app:topfacemobappios","_exists_:(user_mau.1501.topfacemobappandroid OR user_mau.1501.topfacemobappios OR user_mau.1501.topface OR user_mau.1501.standalonetf)",0
"2015-03-01 00:00:00","first_app:topfacemobappios","_exists_:(user_mau.1502.topfacemobappandroid OR user_mau.1502.topfacemobappios OR user_mau.1502.topface OR user_mau.1502.standalonetf)",12
"2015-03-01 00:00:00","first_app:topfacemobappios","_exists_:(user_mau.1503.topfacemobappandroid OR user_mau.1503.topfacemobappios OR user_mau.1503.topface OR user_mau.1503.standalonetf)","2,466"
"2015-03-01 00:00:00","first_app:topfacemobappios","_exists_:(user_mau.1504.topfacemobappandroid OR user_mau.1504.topfacemobappios OR user_mau.1504.topface OR user_mau.1504.standalonetf)",827
"2015-03-01 00:00:00","first_app:topfacemobappios","_exists_:(user_mau.1505.topfacemobappandroid OR user_mau.1505.topfacemobappios OR user_mau.1505.topface OR user_mau.1505.standalonetf)",463
"2015-03-01 00:00:00","first_app:topfacemobappios","_exists_:(user_mau.1506.topfacemobappandroid OR user_mau.1506.topfacemobappios OR user_mau.1506.topface OR user_mau.1506.standalonetf)",320
"2015-03-01 00:00:00","first_app:topfacemobappios","_exists_:(user_mau.1507.topfacemobappandroid OR user_mau.1507.topfacemobappios OR user_mau.1507.topface OR user_mau.1507.standalonetf)",251
"2015-03-01 00:00:00","first_app:topfacemobappios","_exists_:(user_mau.1508.topfacemobappandroid OR user_mau.1508.topfacemobappios OR user_mau.1508.topface OR user_mau.1508.standalonetf)",192
"2015-03-01 00:00:00","first_app:topfacemobappios","_exists_:(user_mau.1509.topfacemobappandroid OR user_mau.1509.topfacemobappios OR user_mau.1509.topface OR user_mau.1509.standalonetf)",171
"2015-03-01 00:00:00","first_app:topfacemobappios","_exists_:(user_mau.1510.topfacemobappandroid OR user_mau.1510.topfacemobappios OR user_mau.1510.topface OR user_mau.1510.standalonetf)",112
"2015-03-01 00:00:00","first_app:topfacemobappios","_exists_:(user_mau.1511.topfacemobappandroid OR user_mau.1511.topfacemobappios OR user_mau.1511.topface OR user_mau.1511.standalonetf)",122
"2015-03-01 00:00:00","first_app:topfacemobappios","_exists_:(user_mau.1512.topfacemobappandroid OR user_mau.1512.topfacemobappios OR user_mau.1512.topface OR user_mau.1512.standalonetf)",71
"2015-03-01 00:00:00","first_app:topfacemobappios","_exists_:(user_mau.1601.topfacemobappandroid OR user_mau.1601.topfacemobappios OR user_mau.1601.topface OR user_mau.1601.standalonetf)",210
"2015-03-01 00:00:00","first_app:topfacemobappios","_exists_:(user_mau.1602.topfacemobappandroid OR user_mau.1602.topfacemobappios OR user_mau.1602.topface OR user_mau.1602.standalonetf)",176
"2015-03-01 00:00:00","first_app:topfacemobappios","_exists_:(user_mau.1603.topfacemobappandroid OR user_mau.1603.topfacemobappios OR user_mau.1603.topface OR user_mau.1603.standalonetf)",144
"2015-03-01 00:00:00","first_app:topfacemobappios","_exists_:(user_mau.1604.topfacemobappandroid OR user_mau.1604.topfacemobappios OR user_mau.1604.topface OR user_mau.1604.standalonetf)",131
"2015-03-01 00:00:00","first_app:topfacemobappios","_exists_:(user_mau.1605.topfacemobappandroid OR user_mau.1605.topfacemobappios OR user_mau.1605.topface OR user_mau.1605.standalonetf)",111
"2015-03-01 00:00:00","first_app:topfacemobappios","_exists_:(user_mau.1606.topfacemobappandroid OR user_mau.1606.topfacemobappios OR user_mau.1606.topface OR user_mau.1606.standalonetf)",117
"2015-03-01 00:00:00","first_app:topfacemobappios","_exists_:(user_mau.1607.topfacemobappandroid OR user_mau.1607.topfacemobappios OR user_mau.1607.topface OR user_mau.1607.standalonetf)",110
"2015-03-01 00:00:00","first_app:topfacemobappios","_exists_:(user_mau.1608.topfacemobappandroid OR user_mau.1608.topfacemobappios OR user_mau.1608.topface OR user_mau.1608.standalonetf)",110
"2015-03-01 00:00:00","first_app:topfacemobappios","_exists_:(user_mau.1609.topfacemobappandroid OR user_mau.1609.topfacemobappios OR user_mau.1609.topface OR user_mau.1609.standalonetf)",105
"2015-03-01 00:00:00","first_app:topfacemobappios","_exists_:(user_mau.1610.topfacemobappandroid OR user_mau.1610.topfacemobappios OR user_mau.1610.topface OR user_mau.1610.standalonetf)",113
"2015-03-01 00:00:00","first_app:topfacemobappios","_exists_:(user_mau.1611.topfacemobappandroid OR user_mau.1611.topfacemobappios OR user_mau.1611.topface OR user_mau.1611.standalonetf)",94
"2015-03-01 00:00:00","first_app:topfacemobappios","_exists_:(user_mau.1612.topfacemobappandroid OR user_mau.1612.topfacemobappios OR user_mau.1612.topface OR user_mau.1612.standalonetf)",87
"2015-03-01 00:00:00","first_app:topfacemobappios","_exists_:(user_mau.1701.topfacemobappandroid OR user_mau.1701.topfacemobappios OR user_mau.1701.topface OR user_mau.1701.standalonetf)",89
"2015-03-01 00:00:00","first_app:topfacemobappios","_exists_:(user_mau.1702.topfacemobappandroid OR user_mau.1702.topfacemobappios OR user_mau.1702.topface OR user_mau.1702.standalonetf)",82
"2015-03-01 00:00:00","first_app:topfacemobappios","_exists_:(user_mau.1703.topfacemobappandroid OR user_mau.1703.topfacemobappios OR user_mau.1703.topface OR user_mau.1703.standalonetf)",83
"2015-03-01 00:00:00","first_app:topfacemobappios","_exists_:(user_mau.1704.topfacemobappandroid OR user_mau.1704.topfacemobappios OR user_mau.1704.topface OR user_mau.1704.standalonetf)",73
"2015-03-01 00:00:00","first_app:topfacemobappios","_exists_:(user_mau.1705.topfacemobappandroid OR user_mau.1705.topfacemobappios OR user_mau.1705.topface OR user_mau.1705.standalonetf)",74
"2015-03-01 00:00:00","first_app:topfacemobappios","_exists_:(user_mau.1706.topfacemobappandroid OR user_mau.1706.topfacemobappios OR user_mau.1706.topface OR user_mau.1706.standalonetf)",73
"2015-03-01 00:00:00","first_app:topfacemobappios","_exists_:(user_mau.1707.topfacemobappandroid OR user_mau.1707.topfacemobappios OR user_mau.1707.topface OR user_mau.1707.standalonetf)",64
"2015-03-01 00:00:00","first_app:topfacemobappios","_exists_:(user_mau.1708.topfacemobappandroid OR user_mau.1708.topfacemobappios OR user_mau.1708.topface OR user_mau.1708.standalonetf)",65
"2015-03-01 00:00:00","first_app:topfacemobappios","_exists_:(user_mau.1709.topfacemobappandroid OR user_mau.1709.topfacemobappios OR user_mau.1709.topface OR user_mau.1709.standalonetf)",71
"2015-03-01 00:00:00","first_app:topfacemobappios","_exists_:(user_mau.1710.topfacemobappandroid OR user_mau.1710.topfacemobappios OR user_mau.1710.topface OR user_mau.1710.standalonetf)",69
"2015-03-01 00:00:00","first_app:topfacemobappios","_exists_:(user_mau.1711.topfacemobappandroid OR user_mau.1711.topfacemobappios OR user_mau.1711.topface OR user_mau.1711.standalonetf)",52
"2015-03-01 00:00:00","first_app:topfacemobappios","_exists_:(user_mau.1712.topfacemobappandroid OR user_mau.1712.topfacemobappios OR user_mau.1712.topface OR user_mau.1712.standalonetf)",52
"2015-03-01 00:00:00","first_app:topfacemobappios","_exists_:(user_mau.1801.topfacemobappandroid OR user_mau.1801.topfacemobappios OR user_mau.1801.topface OR user_mau.1801.standalonetf)",60
"2015-03-01 00:00:00","first_app:topfacemobappios","_exists_:(user_mau.1802.topfacemobappandroid OR user_mau.1802.topfacemobappios OR user_mau.1802.topface OR user_mau.1802.standalonetf)",47
"2015-03-01 00:00:00","first_app:standalonetf","*","21,001"
"2015-03-01 00:00:00","first_app:standalonetf","_exists_:(user_mau.1501.topfacemobappandroid OR user_mau.1501.topfacemobappios OR user_mau.1501.topface OR user_mau.1501.standalonetf)",0
"2015-03-01 00:00:00","first_app:standalonetf","_exists_:(user_mau.1502.topfacemobappandroid OR user_mau.1502.topfacemobappios OR user_mau.1502.topface OR user_mau.1502.standalonetf)",59
"2015-03-01 00:00:00","first_app:standalonetf","_exists_:(user_mau.1503.topfacemobappandroid OR user_mau.1503.topfacemobappios OR user_mau.1503.topface OR user_mau.1503.standalonetf)","9,648"
"2015-03-01 00:00:00","first_app:standalonetf","_exists_:(user_mau.1504.topfacemobappandroid OR user_mau.1504.topfacemobappios OR user_mau.1504.topface OR user_mau.1504.standalonetf)",275
"2015-03-01 00:00:00","first_app:standalonetf","_exists_:(user_mau.1505.topfacemobappandroid OR user_mau.1505.topfacemobappios OR user_mau.1505.topface OR user_mau.1505.standalonetf)",215
"2015-03-01 00:00:00","first_app:standalonetf","_exists_:(user_mau.1506.topfacemobappandroid OR user_mau.1506.topfacemobappios OR user_mau.1506.topface OR user_mau.1506.standalonetf)",197
"2015-03-01 00:00:00","first_app:standalonetf","_exists_:(user_mau.1507.topfacemobappandroid OR user_mau.1507.topfacemobappios OR user_mau.1507.topface OR user_mau.1507.standalonetf)",194
"2015-03-01 00:00:00","first_app:standalonetf","_exists_:(user_mau.1508.topfacemobappandroid OR user_mau.1508.topfacemobappios OR user_mau.1508.topface OR user_mau.1508.standalonetf)",178
"2015-03-01 00:00:00","first_app:standalonetf","_exists_:(user_mau.1509.topfacemobappandroid OR user_mau.1509.topfacemobappios OR user_mau.1509.topface OR user_mau.1509.standalonetf)",157
"2015-03-01 00:00:00","first_app:standalonetf","_exists_:(user_mau.1510.topfacemobappandroid OR user_mau.1510.topfacemobappios OR user_mau.1510.topface OR user_mau.1510.standalonetf)",151
"2015-03-01 00:00:00","first_app:standalonetf","_exists_:(user_mau.1511.topfacemobappandroid OR user_mau.1511.topfacemobappios OR user_mau.1511.topface OR user_mau.1511.standalonetf)",142
"2015-03-01 00:00:00","first_app:standalonetf","_exists_:(user_mau.1512.topfacemobappandroid OR user_mau.1512.topfacemobappios OR user_mau.1512.topface OR user_mau.1512.standalonetf)",89
"2015-03-01 00:00:00","first_app:standalonetf","_exists_:(user_mau.1601.topfacemobappandroid OR user_mau.1601.topfacemobappios OR user_mau.1601.topface OR user_mau.1601.standalonetf)",330
"2015-03-01 00:00:00","first_app:standalonetf","_exists_:(user_mau.1602.topfacemobappandroid OR user_mau.1602.topfacemobappios OR user_mau.1602.topface OR user_mau.1602.standalonetf)",298
"2015-03-01 00:00:00","first_app:standalonetf","_exists_:(user_mau.1603.topfacemobappandroid OR user_mau.1603.topfacemobappios OR user_mau.1603.topface OR user_mau.1603.standalonetf)",251
"2015-03-01 00:00:00","first_app:standalonetf","_exists_:(user_mau.1604.topfacemobappandroid OR user_mau.1604.topfacemobappios OR user_mau.1604.topface OR user_mau.1604.standalonetf)",230
"2015-03-01 00:00:00","first_app:standalonetf","_exists_:(user_mau.1605.topfacemobappandroid OR user_mau.1605.topfacemobappios OR user_mau.1605.topface OR user_mau.1605.standalonetf)",226
"2015-03-01 00:00:00","first_app:standalonetf","_exists_:(user_mau.1606.topfacemobappandroid OR user_mau.1606.topfacemobappios OR user_mau.1606.topface OR user_mau.1606.standalonetf)",199
"2015-03-01 00:00:00","first_app:standalonetf","_exists_:(user_mau.1607.topfacemobappandroid OR user_mau.1607.topfacemobappios OR user_mau.1607.topface OR user_mau.1607.standalonetf)",184
"2015-03-01 00:00:00","first_app:standalonetf","_exists_:(user_mau.1608.topfacemobappandroid OR user_mau.1608.topfacemobappios OR user_mau.1608.topface OR user_mau.1608.standalonetf)",175
"2015-03-01 00:00:00","first_app:standalonetf","_exists_:(user_mau.1609.topfacemobappandroid OR user_mau.1609.topfacemobappios OR user_mau.1609.topface OR user_mau.1609.standalonetf)",174
"2015-03-01 00:00:00","first_app:standalonetf","_exists_:(user_mau.1610.topfacemobappandroid OR user_mau.1610.topfacemobappios OR user_mau.1610.topface OR user_mau.1610.standalonetf)",173
"2015-03-01 00:00:00","first_app:standalonetf","_exists_:(user_mau.1611.topfacemobappandroid OR user_mau.1611.topfacemobappios OR user_mau.1611.topface OR user_mau.1611.standalonetf)",158
"2015-03-01 00:00:00","first_app:standalonetf","_exists_:(user_mau.1612.topfacemobappandroid OR user_mau.1612.topfacemobappios OR user_mau.1612.topface OR user_mau.1612.standalonetf)",144
"2015-03-01 00:00:00","first_app:standalonetf","_exists_:(user_mau.1701.topfacemobappandroid OR user_mau.1701.topfacemobappios OR user_mau.1701.topface OR user_mau.1701.standalonetf)",139
"2015-03-01 00:00:00","first_app:standalonetf","_exists_:(user_mau.1702.topfacemobappandroid OR user_mau.1702.topfacemobappios OR user_mau.1702.topface OR user_mau.1702.standalonetf)",125
"2015-03-01 00:00:00","first_app:standalonetf","_exists_:(user_mau.1703.topfacemobappandroid OR user_mau.1703.topfacemobappios OR user_mau.1703.topface OR user_mau.1703.standalonetf)",118
"2015-03-01 00:00:00","first_app:standalonetf","_exists_:(user_mau.1704.topfacemobappandroid OR user_mau.1704.topfacemobappios OR user_mau.1704.topface OR user_mau.1704.standalonetf)",108
"2015-03-01 00:00:00","first_app:standalonetf","_exists_:(user_mau.1705.topfacemobappandroid OR user_mau.1705.topfacemobappios OR user_mau.1705.topface OR user_mau.1705.standalonetf)",95
"2015-03-01 00:00:00","first_app:standalonetf","_exists_:(user_mau.1706.topfacemobappandroid OR user_mau.1706.topfacemobappios OR user_mau.1706.topface OR user_mau.1706.standalonetf)",96
"2015-03-01 00:00:00","first_app:standalonetf","_exists_:(user_mau.1707.topfacemobappandroid OR user_mau.1707.topfacemobappios OR user_mau.1707.topface OR user_mau.1707.standalonetf)",100
"2015-03-01 00:00:00","first_app:standalonetf","_exists_:(user_mau.1708.topfacemobappandroid OR user_mau.1708.topfacemobappios OR user_mau.1708.topface OR user_mau.1708.standalonetf)",105
"2015-03-01 00:00:00","first_app:standalonetf","_exists_:(user_mau.1709.topfacemobappandroid OR user_mau.1709.topfacemobappios OR user_mau.1709.topface OR user_mau.1709.standalonetf)",83
"2015-03-01 00:00:00","first_app:standalonetf","_exists_:(user_mau.1710.topfacemobappandroid OR user_mau.1710.topfacemobappios OR user_mau.1710.topface OR user_mau.1710.standalonetf)",94
"2015-03-01 00:00:00","first_app:standalonetf","_exists_:(user_mau.1711.topfacemobappandroid OR user_mau.1711.topfacemobappios OR user_mau.1711.topface OR user_mau.1711.standalonetf)",83
"2015-03-01 00:00:00","first_app:standalonetf","_exists_:(user_mau.1712.topfacemobappandroid OR user_mau.1712.topfacemobappios OR user_mau.1712.topface OR user_mau.1712.standalonetf)",87
"2015-03-01 00:00:00","first_app:standalonetf","_exists_:(user_mau.1801.topfacemobappandroid OR user_mau.1801.topfacemobappios OR user_mau.1801.topface OR user_mau.1801.standalonetf)",81
"2015-03-01 00:00:00","first_app:standalonetf","_exists_:(user_mau.1802.topfacemobappandroid OR user_mau.1802.topfacemobappios OR user_mau.1802.topface OR user_mau.1802.standalonetf)",73
"2015-03-01 00:00:00","first_app:topface AND platform:vk","*","54,273"
"2015-03-01 00:00:00","first_app:topface AND platform:vk","_exists_:(user_mau.1501.topfacemobappandroid OR user_mau.1501.topfacemobappios OR user_mau.1501.topface OR user_mau.1501.standalonetf)",0
"2015-03-01 00:00:00","first_app:topface AND platform:vk","_exists_:(user_mau.1502.topfacemobappandroid OR user_mau.1502.topfacemobappios OR user_mau.1502.topface OR user_mau.1502.standalonetf)",1
"2015-03-01 00:00:00","first_app:topface AND platform:vk","_exists_:(user_mau.1503.topfacemobappandroid OR user_mau.1503.topfacemobappios OR user_mau.1503.topface OR user_mau.1503.standalonetf)","43,093"
"2015-03-01 00:00:00","first_app:topface AND platform:vk","_exists_:(user_mau.1504.topfacemobappandroid OR user_mau.1504.topfacemobappios OR user_mau.1504.topface OR user_mau.1504.standalonetf)","16,027"
"2015-03-01 00:00:00","first_app:topface AND platform:vk","_exists_:(user_mau.1505.topfacemobappandroid OR user_mau.1505.topfacemobappios OR user_mau.1505.topface OR user_mau.1505.standalonetf)","9,551"
"2015-03-01 00:00:00","first_app:topface AND platform:vk","_exists_:(user_mau.1506.topfacemobappandroid OR user_mau.1506.topfacemobappios OR user_mau.1506.topface OR user_mau.1506.standalonetf)","7,218"
"2015-03-01 00:00:00","first_app:topface AND platform:vk","_exists_:(user_mau.1507.topfacemobappandroid OR user_mau.1507.topfacemobappios OR user_mau.1507.topface OR user_mau.1507.standalonetf)","5,830"
"2015-03-01 00:00:00","first_app:topface AND platform:vk","_exists_:(user_mau.1508.topfacemobappandroid OR user_mau.1508.topfacemobappios OR user_mau.1508.topface OR user_mau.1508.standalonetf)","4,456"
"2015-03-01 00:00:00","first_app:topface AND platform:vk","_exists_:(user_mau.1509.topfacemobappandroid OR user_mau.1509.topfacemobappios OR user_mau.1509.topface OR user_mau.1509.standalonetf)","3,877"
"2015-03-01 00:00:00","first_app:topface AND platform:vk","_exists_:(user_mau.1510.topfacemobappandroid OR user_mau.1510.topfacemobappios OR user_mau.1510.topface OR user_mau.1510.standalonetf)","3,536"
"2015-03-01 00:00:00","first_app:topface AND platform:vk","_exists_:(user_mau.1511.topfacemobappandroid OR user_mau.1511.topfacemobappios OR user_mau.1511.topface OR user_mau.1511.standalonetf)","2,553"
"2015-03-01 00:00:00","first_app:topface AND platform:vk","_exists_:(user_mau.1512.topfacemobappandroid OR user_mau.1512.topfacemobappios OR user_mau.1512.topface OR user_mau.1512.standalonetf)","1,714"
"2015-03-01 00:00:00","first_app:topface AND platform:vk","_exists_:(user_mau.1601.topfacemobappandroid OR user_mau.1601.topfacemobappios OR user_mau.1601.topface OR user_mau.1601.standalonetf)","6,649"
"2015-03-01 00:00:00","first_app:topface AND platform:vk","_exists_:(user_mau.1602.topfacemobappandroid OR user_mau.1602.topfacemobappios OR user_mau.1602.topface OR user_mau.1602.standalonetf)","6,122"
"2015-03-01 00:00:00","first_app:topface AND platform:vk","_exists_:(user_mau.1603.topfacemobappandroid OR user_mau.1603.topfacemobappios OR user_mau.1603.topface OR user_mau.1603.standalonetf)","5,989"
"2015-03-01 00:00:00","first_app:topface AND platform:vk","_exists_:(user_mau.1604.topfacemobappandroid OR user_mau.1604.topfacemobappios OR user_mau.1604.topface OR user_mau.1604.standalonetf)","4,765"
"2015-03-01 00:00:00","first_app:topface AND platform:vk","_exists_:(user_mau.1605.topfacemobappandroid OR user_mau.1605.topfacemobappios OR user_mau.1605.topface OR user_mau.1605.standalonetf)","4,296"
"2015-03-01 00:00:00","first_app:topface AND platform:vk","_exists_:(user_mau.1606.topfacemobappandroid OR user_mau.1606.topfacemobappios OR user_mau.1606.topface OR user_mau.1606.standalonetf)","3,987"
"2015-03-01 00:00:00","first_app:topface AND platform:vk","_exists_:(user_mau.1607.topfacemobappandroid OR user_mau.1607.topfacemobappios OR user_mau.1607.topface OR user_mau.1607.standalonetf)","3,682"
"2015-03-01 00:00:00","first_app:topface AND platform:vk","_exists_:(user_mau.1608.topfacemobappandroid OR user_mau.1608.topfacemobappios OR user_mau.1608.topface OR user_mau.1608.standalonetf)","3,551"
"2015-03-01 00:00:00","first_app:topface AND platform:vk","_exists_:(user_mau.1609.topfacemobappandroid OR user_mau.1609.topfacemobappios OR user_mau.1609.topface OR user_mau.1609.standalonetf)","3,382"
"2015-03-01 00:00:00","first_app:topface AND platform:vk","_exists_:(user_mau.1610.topfacemobappandroid OR user_mau.1610.topfacemobappios OR user_mau.1610.topface OR user_mau.1610.standalonetf)","3,138"
"2015-03-01 00:00:00","first_app:topface AND platform:vk","_exists_:(user_mau.1611.topfacemobappandroid OR user_mau.1611.topfacemobappios OR user_mau.1611.topface OR user_mau.1611.standalonetf)","2,542"
"2015-03-01 00:00:00","first_app:topface AND platform:vk","_exists_:(user_mau.1612.topfacemobappandroid OR user_mau.1612.topfacemobappios OR user_mau.1612.topface OR user_mau.1612.standalonetf)","2,470"
"2015-03-01 00:00:00","first_app:topface AND platform:vk","_exists_:(user_mau.1701.topfacemobappandroid OR user_mau.1701.topfacemobappios OR user_mau.1701.topface OR user_mau.1701.standalonetf)","2,477"
"2015-03-01 00:00:00","first_app:topface AND platform:vk","_exists_:(user_mau.1702.topfacemobappandroid OR user_mau.1702.topfacemobappios OR user_mau.1702.topface OR user_mau.1702.standalonetf)","2,239"
"2015-03-01 00:00:00","first_app:topface AND platform:vk","_exists_:(user_mau.1703.topfacemobappandroid OR user_mau.1703.topfacemobappios OR user_mau.1703.topface OR user_mau.1703.standalonetf)","2,203"
"2015-03-01 00:00:00","first_app:topface AND platform:vk","_exists_:(user_mau.1704.topfacemobappandroid OR user_mau.1704.topfacemobappios OR user_mau.1704.topface OR user_mau.1704.standalonetf)","2,136"
"2015-03-01 00:00:00","first_app:topface AND platform:vk","_exists_:(user_mau.1705.topfacemobappandroid OR user_mau.1705.topfacemobappios OR user_mau.1705.topface OR user_mau.1705.standalonetf)","1,995"
"2015-03-01 00:00:00","first_app:topface AND platform:vk","_exists_:(user_mau.1706.topfacemobappandroid OR user_mau.1706.topfacemobappios OR user_mau.1706.topface OR user_mau.1706.standalonetf)","1,696"
"2015-03-01 00:00:00","first_app:topface AND platform:vk","_exists_:(user_mau.1707.topfacemobappandroid OR user_mau.1707.topfacemobappios OR user_mau.1707.topface OR user_mau.1707.standalonetf)","1,616"
"2015-03-01 00:00:00","first_app:topface AND platform:vk","_exists_:(user_mau.1708.topfacemobappandroid OR user_mau.1708.topfacemobappios OR user_mau.1708.topface OR user_mau.1708.standalonetf)","1,618"
"2015-03-01 00:00:00","first_app:topface AND platform:vk","_exists_:(user_mau.1709.topfacemobappandroid OR user_mau.1709.topfacemobappios OR user_mau.1709.topface OR user_mau.1709.standalonetf)","1,628"
"2015-03-01 00:00:00","first_app:topface AND platform:vk","_exists_:(user_mau.1710.topfacemobappandroid OR user_mau.1710.topfacemobappios OR user_mau.1710.topface OR user_mau.1710.standalonetf)","1,576"
"2015-03-01 00:00:00","first_app:topface AND platform:vk","_exists_:(user_mau.1711.topfacemobappandroid OR user_mau.1711.topfacemobappios OR user_mau.1711.topface OR user_mau.1711.standalonetf)","1,568"
"2015-03-01 00:00:00","first_app:topface AND platform:vk","_exists_:(user_mau.1712.topfacemobappandroid OR user_mau.1712.topfacemobappios OR user_mau.1712.topface OR user_mau.1712.standalonetf)","1,440"
"2015-03-01 00:00:00","first_app:topface AND platform:vk","_exists_:(user_mau.1801.topfacemobappandroid OR user_mau.1801.topfacemobappios OR user_mau.1801.topface OR user_mau.1801.standalonetf)","1,390"
"2015-03-01 00:00:00","first_app:topface AND platform:vk","_exists_:(user_mau.1802.topfacemobappandroid OR user_mau.1802.topfacemobappios OR user_mau.1802.topface OR user_mau.1802.standalonetf)","1,356"
"2015-03-01 00:00:00","first_app:topface AND platform:ok","*","145,216"
"2015-03-01 00:00:00","first_app:topface AND platform:ok","_exists_:(user_mau.1501.topfacemobappandroid OR user_mau.1501.topfacemobappios OR user_mau.1501.topface OR user_mau.1501.standalonetf)",0
"2015-03-01 00:00:00","first_app:topface AND platform:ok","_exists_:(user_mau.1502.topfacemobappandroid OR user_mau.1502.topfacemobappios OR user_mau.1502.topface OR user_mau.1502.standalonetf)",273
"2015-03-01 00:00:00","first_app:topface AND platform:ok","_exists_:(user_mau.1503.topfacemobappandroid OR user_mau.1503.topfacemobappios OR user_mau.1503.topface OR user_mau.1503.standalonetf)","133,730"
"2015-03-01 00:00:00","first_app:topface AND platform:ok","_exists_:(user_mau.1504.topfacemobappandroid OR user_mau.1504.topfacemobappios OR user_mau.1504.topface OR user_mau.1504.standalonetf)","33,343"
"2015-03-01 00:00:00","first_app:topface AND platform:ok","_exists_:(user_mau.1505.topfacemobappandroid OR user_mau.1505.topfacemobappios OR user_mau.1505.topface OR user_mau.1505.standalonetf)","19,070"
"2015-03-01 00:00:00","first_app:topface AND platform:ok","_exists_:(user_mau.1506.topfacemobappandroid OR user_mau.1506.topfacemobappios OR user_mau.1506.topface OR user_mau.1506.standalonetf)","11,801"
"2015-03-01 00:00:00","first_app:topface AND platform:ok","_exists_:(user_mau.1507.topfacemobappandroid OR user_mau.1507.topfacemobappios OR user_mau.1507.topface OR user_mau.1507.standalonetf)","11,227"
"2015-03-01 00:00:00","first_app:topface AND platform:ok","_exists_:(user_mau.1508.topfacemobappandroid OR user_mau.1508.topfacemobappios OR user_mau.1508.topface OR user_mau.1508.standalonetf)","9,870"
"2015-03-01 00:00:00","first_app:topface AND platform:ok","_exists_:(user_mau.1509.topfacemobappandroid OR user_mau.1509.topfacemobappios OR user_mau.1509.topface OR user_mau.1509.standalonetf)","9,274"
"2015-03-01 00:00:00","first_app:topface AND platform:ok","_exists_:(user_mau.1510.topfacemobappandroid OR user_mau.1510.topfacemobappios OR user_mau.1510.topface OR user_mau.1510.standalonetf)","5,649"
"2015-03-01 00:00:00","first_app:topface AND platform:ok","_exists_:(user_mau.1511.topfacemobappandroid OR user_mau.1511.topfacemobappios OR user_mau.1511.topface OR user_mau.1511.standalonetf)","4,824"
"2015-03-01 00:00:00","first_app:topface AND platform:ok","_exists_:(user_mau.1512.topfacemobappandroid OR user_mau.1512.topfacemobappios OR user_mau.1512.topface OR user_mau.1512.standalonetf)","3,624"
"2015-03-01 00:00:00","first_app:topface AND platform:ok","_exists_:(user_mau.1601.topfacemobappandroid OR user_mau.1601.topfacemobappios OR user_mau.1601.topface OR user_mau.1601.standalonetf)","6,214"
"2015-03-01 00:00:00","first_app:topface AND platform:ok","_exists_:(user_mau.1602.topfacemobappandroid OR user_mau.1602.topfacemobappios OR user_mau.1602.topface OR user_mau.1602.standalonetf)","4,608"
"2015-03-01 00:00:00","first_app:topface AND platform:ok","_exists_:(user_mau.1603.topfacemobappandroid OR user_mau.1603.topfacemobappios OR user_mau.1603.topface OR user_mau.1603.standalonetf)","4,355"
"2015-03-01 00:00:00","first_app:topface AND platform:ok","_exists_:(user_mau.1604.topfacemobappandroid OR user_mau.1604.topfacemobappios OR user_mau.1604.topface OR user_mau.1604.standalonetf)","3,435"
"2015-03-01 00:00:00","first_app:topface AND platform:ok","_exists_:(user_mau.1605.topfacemobappandroid OR user_mau.1605.topfacemobappios OR user_mau.1605.topface OR user_mau.1605.standalonetf)","2,668"
"2015-03-01 00:00:00","first_app:topface AND platform:ok","_exists_:(user_mau.1606.topfacemobappandroid OR user_mau.1606.topfacemobappios OR user_mau.1606.topface OR user_mau.1606.standalonetf)","2,296"
"2015-03-01 00:00:00","first_app:topface AND platform:ok","_exists_:(user_mau.1607.topfacemobappandroid OR user_mau.1607.topfacemobappios OR user_mau.1607.topface OR user_mau.1607.standalonetf)","2,174"
"2015-03-01 00:00:00","first_app:topface AND platform:ok","_exists_:(user_mau.1608.topfacemobappandroid OR user_mau.1608.topfacemobappios OR user_mau.1608.topface OR user_mau.1608.standalonetf)","1,906"
"2015-03-01 00:00:00","first_app:topface AND platform:ok","_exists_:(user_mau.1609.topfacemobappandroid OR user_mau.1609.topfacemobappios OR user_mau.1609.topface OR user_mau.1609.standalonetf)","1,959"
"2015-03-01 00:00:00","first_app:topface AND platform:ok","_exists_:(user_mau.1610.topfacemobappandroid OR user_mau.1610.topfacemobappios OR user_mau.1610.topface OR user_mau.1610.standalonetf)","1,803"
"2015-03-01 00:00:00","first_app:topface AND platform:ok","_exists_:(user_mau.1611.topfacemobappandroid OR user_mau.1611.topfacemobappios OR user_mau.1611.topface OR user_mau.1611.standalonetf)","1,633"
"2015-03-01 00:00:00","first_app:topface AND platform:ok","_exists_:(user_mau.1612.topfacemobappandroid OR user_mau.1612.topfacemobappios OR user_mau.1612.topface OR user_mau.1612.standalonetf)","1,628"
"2015-03-01 00:00:00","first_app:topface AND platform:ok","_exists_:(user_mau.1701.topfacemobappandroid OR user_mau.1701.topfacemobappios OR user_mau.1701.topface OR user_mau.1701.standalonetf)","1,501"
"2015-03-01 00:00:00","first_app:topface AND platform:ok","_exists_:(user_mau.1702.topfacemobappandroid OR user_mau.1702.topfacemobappios OR user_mau.1702.topface OR user_mau.1702.standalonetf)","1,343"
"2015-03-01 00:00:00","first_app:topface AND platform:ok","_exists_:(user_mau.1703.topfacemobappandroid OR user_mau.1703.topfacemobappios OR user_mau.1703.topface OR user_mau.1703.standalonetf)","1,266"
"2015-03-01 00:00:00","first_app:topface AND platform:ok","_exists_:(user_mau.1704.topfacemobappandroid OR user_mau.1704.topfacemobappios OR user_mau.1704.topface OR user_mau.1704.standalonetf)","1,173"
"2015-03-01 00:00:00","first_app:topface AND platform:ok","_exists_:(user_mau.1705.topfacemobappandroid OR user_mau.1705.topfacemobappios OR user_mau.1705.topface OR user_mau.1705.standalonetf)","1,127"
"2015-03-01 00:00:00","first_app:topface AND platform:ok","_exists_:(user_mau.1706.topfacemobappandroid OR user_mau.1706.topfacemobappios OR user_mau.1706.topface OR user_mau.1706.standalonetf)","1,053"
"2015-03-01 00:00:00","first_app:topface AND platform:ok","_exists_:(user_mau.1707.topfacemobappandroid OR user_mau.1707.topfacemobappios OR user_mau.1707.topface OR user_mau.1707.standalonetf)",988
"2015-03-01 00:00:00","first_app:topface AND platform:ok","_exists_:(user_mau.1708.topfacemobappandroid OR user_mau.1708.topfacemobappios OR user_mau.1708.topface OR user_mau.1708.standalonetf)","1,012"
"2015-03-01 00:00:00","first_app:topface AND platform:ok","_exists_:(user_mau.1709.topfacemobappandroid OR user_mau.1709.topfacemobappios OR user_mau.1709.topface OR user_mau.1709.standalonetf)",968
"2015-03-01 00:00:00","first_app:topface AND platform:ok","_exists_:(user_mau.1710.topfacemobappandroid OR user_mau.1710.topfacemobappios OR user_mau.1710.topface OR user_mau.1710.standalonetf)",940
"2015-03-01 00:00:00","first_app:topface AND platform:ok","_exists_:(user_mau.1711.topfacemobappandroid OR user_mau.1711.topfacemobappios OR user_mau.1711.topface OR user_mau.1711.standalonetf)",913
"2015-03-01 00:00:00","first_app:topface AND platform:ok","_exists_:(user_mau.1712.topfacemobappandroid OR user_mau.1712.topfacemobappios OR user_mau.1712.topface OR user_mau.1712.standalonetf)",817
"2015-03-01 00:00:00","first_app:topface AND platform:ok","_exists_:(user_mau.1801.topfacemobappandroid OR user_mau.1801.topfacemobappios OR user_mau.1801.topface OR user_mau.1801.standalonetf)",806
"2015-03-01 00:00:00","first_app:topface AND platform:ok","_exists_:(user_mau.1802.topfacemobappandroid OR user_mau.1802.topfacemobappios OR user_mau.1802.topface OR user_mau.1802.standalonetf)",720
"2015-03-01 00:00:00","first_app:topface AND platform:fb","*","3,851"
"2015-03-01 00:00:00","first_app:topface AND platform:fb","_exists_:(user_mau.1501.topfacemobappandroid OR user_mau.1501.topfacemobappios OR user_mau.1501.topface OR user_mau.1501.standalonetf)",0
"2015-03-01 00:00:00","first_app:topface AND platform:fb","_exists_:(user_mau.1502.topfacemobappandroid OR user_mau.1502.topfacemobappios OR user_mau.1502.topface OR user_mau.1502.standalonetf)",0
"2015-03-01 00:00:00","first_app:topface AND platform:fb","_exists_:(user_mau.1503.topfacemobappandroid OR user_mau.1503.topfacemobappios OR user_mau.1503.topface OR user_mau.1503.standalonetf)","2,929"
"2015-03-01 00:00:00","first_app:topface AND platform:fb","_exists_:(user_mau.1504.topfacemobappandroid OR user_mau.1504.topfacemobappios OR user_mau.1504.topface OR user_mau.1504.standalonetf)",985
"2015-03-01 00:00:00","first_app:topface AND platform:fb","_exists_:(user_mau.1505.topfacemobappandroid OR user_mau.1505.topfacemobappios OR user_mau.1505.topface OR user_mau.1505.standalonetf)",682
"2015-03-01 00:00:00","first_app:topface AND platform:fb","_exists_:(user_mau.1506.topfacemobappandroid OR user_mau.1506.topfacemobappios OR user_mau.1506.topface OR user_mau.1506.standalonetf)",502
"2015-03-01 00:00:00","first_app:topface AND platform:fb","_exists_:(user_mau.1507.topfacemobappandroid OR user_mau.1507.topfacemobappios OR user_mau.1507.topface OR user_mau.1507.standalonetf)",426
"2015-03-01 00:00:00","first_app:topface AND platform:fb","_exists_:(user_mau.1508.topfacemobappandroid OR user_mau.1508.topfacemobappios OR user_mau.1508.topface OR user_mau.1508.standalonetf)",326
"2015-03-01 00:00:00","first_app:topface AND platform:fb","_exists_:(user_mau.1509.topfacemobappandroid OR user_mau.1509.topfacemobappios OR user_mau.1509.topface OR user_mau.1509.standalonetf)",344
"2015-03-01 00:00:00","first_app:topface AND platform:fb","_exists_:(user_mau.1510.topfacemobappandroid OR user_mau.1510.topfacemobappios OR user_mau.1510.topface OR user_mau.1510.standalonetf)",309
"2015-03-01 00:00:00","first_app:topface AND platform:fb","_exists_:(user_mau.1511.topfacemobappandroid OR user_mau.1511.topfacemobappios OR user_mau.1511.topface OR user_mau.1511.standalonetf)",260
"2015-03-01 00:00:00","first_app:topface AND platform:fb","_exists_:(user_mau.1512.topfacemobappandroid OR user_mau.1512.topfacemobappios OR user_mau.1512.topface OR user_mau.1512.standalonetf)",179
"2015-03-01 00:00:00","first_app:topface AND platform:fb","_exists_:(user_mau.1601.topfacemobappandroid OR user_mau.1601.topfacemobappios OR user_mau.1601.topface OR user_mau.1601.standalonetf)",652
"2015-03-01 00:00:00","first_app:topface AND platform:fb","_exists_:(user_mau.1602.topfacemobappandroid OR user_mau.1602.topfacemobappios OR user_mau.1602.topface OR user_mau.1602.standalonetf)",553
"2015-03-01 00:00:00","first_app:topface AND platform:fb","_exists_:(user_mau.1603.topfacemobappandroid OR user_mau.1603.topfacemobappios OR user_mau.1603.topface OR user_mau.1603.standalonetf)",463
"2015-03-01 00:00:00","first_app:topface AND platform:fb","_exists_:(user_mau.1604.topfacemobappandroid OR user_mau.1604.topfacemobappios OR user_mau.1604.topface OR user_mau.1604.standalonetf)",374
"2015-03-01 00:00:00","first_app:topface AND platform:fb","_exists_:(user_mau.1605.topfacemobappandroid OR user_mau.1605.topfacemobappios OR user_mau.1605.topface OR user_mau.1605.standalonetf)",330
"2015-03-01 00:00:00","first_app:topface AND platform:fb","_exists_:(user_mau.1606.topfacemobappandroid OR user_mau.1606.topfacemobappios OR user_mau.1606.topface OR user_mau.1606.standalonetf)",316
"2015-03-01 00:00:00","first_app:topface AND platform:fb","_exists_:(user_mau.1607.topfacemobappandroid OR user_mau.1607.topfacemobappios OR user_mau.1607.topface OR user_mau.1607.standalonetf)",253
"2015-03-01 00:00:00","first_app:topface AND platform:fb","_exists_:(user_mau.1608.topfacemobappandroid OR user_mau.1608.topfacemobappios OR user_mau.1608.topface OR user_mau.1608.standalonetf)",275
"2015-03-01 00:00:00","first_app:topface AND platform:fb","_exists_:(user_mau.1609.topfacemobappandroid OR user_mau.1609.topfacemobappios OR user_mau.1609.topface OR user_mau.1609.standalonetf)",232
"2015-03-01 00:00:00","first_app:topface AND platform:fb","_exists_:(user_mau.1610.topfacemobappandroid OR user_mau.1610.topfacemobappios OR user_mau.1610.topface OR user_mau.1610.standalonetf)",252
"2015-03-01 00:00:00","first_app:topface AND platform:fb","_exists_:(user_mau.1611.topfacemobappandroid OR user_mau.1611.topfacemobappios OR user_mau.1611.topface OR user_mau.1611.standalonetf)",193
"2015-03-01 00:00:00","first_app:topface AND platform:fb","_exists_:(user_mau.1612.topfacemobappandroid OR user_mau.1612.topfacemobappios OR user_mau.1612.topface OR user_mau.1612.standalonetf)",148
"2015-03-01 00:00:00","first_app:topface AND platform:fb","_exists_:(user_mau.1701.topfacemobappandroid OR user_mau.1701.topfacemobappios OR user_mau.1701.topface OR user_mau.1701.standalonetf)",168
"2015-03-01 00:00:00","first_app:topface AND platform:fb","_exists_:(user_mau.1702.topfacemobappandroid OR user_mau.1702.topfacemobappios OR user_mau.1702.topface OR user_mau.1702.standalonetf)",148
"2015-03-01 00:00:00","first_app:topface AND platform:fb","_exists_:(user_mau.1703.topfacemobappandroid OR user_mau.1703.topfacemobappios OR user_mau.1703.topface OR user_mau.1703.standalonetf)",155
"2015-03-01 00:00:00","first_app:topface AND platform:fb","_exists_:(user_mau.1704.topfacemobappandroid OR user_mau.1704.topfacemobappios OR user_mau.1704.topface OR user_mau.1704.standalonetf)",117
"2015-03-01 00:00:00","first_app:topface AND platform:fb","_exists_:(user_mau.1705.topfacemobappandroid OR user_mau.1705.topfacemobappios OR user_mau.1705.topface OR user_mau.1705.standalonetf)",126
"2015-03-01 00:00:00","first_app:topface AND platform:fb","_exists_:(user_mau.1706.topfacemobappandroid OR user_mau.1706.topfacemobappios OR user_mau.1706.topface OR user_mau.1706.standalonetf)",103
"2015-03-01 00:00:00","first_app:topface AND platform:fb","_exists_:(user_mau.1707.topfacemobappandroid OR user_mau.1707.topfacemobappios OR user_mau.1707.topface OR user_mau.1707.standalonetf)",93
"2015-03-01 00:00:00","first_app:topface AND platform:fb","_exists_:(user_mau.1708.topfacemobappandroid OR user_mau.1708.topfacemobappios OR user_mau.1708.topface OR user_mau.1708.standalonetf)",117
"2015-03-01 00:00:00","first_app:topface AND platform:fb","_exists_:(user_mau.1709.topfacemobappandroid OR user_mau.1709.topfacemobappios OR user_mau.1709.topface OR user_mau.1709.standalonetf)",114
"2015-03-01 00:00:00","first_app:topface AND platform:fb","_exists_:(user_mau.1710.topfacemobappandroid OR user_mau.1710.topfacemobappios OR user_mau.1710.topface OR user_mau.1710.standalonetf)",94
"2015-03-01 00:00:00","first_app:topface AND platform:fb","_exists_:(user_mau.1711.topfacemobappandroid OR user_mau.1711.topfacemobappios OR user_mau.1711.topface OR user_mau.1711.standalonetf)",133
"2015-03-01 00:00:00","first_app:topface AND platform:fb","_exists_:(user_mau.1712.topfacemobappandroid OR user_mau.1712.topfacemobappios OR user_mau.1712.topface OR user_mau.1712.standalonetf)",83
"2015-03-01 00:00:00","first_app:topface AND platform:fb","_exists_:(user_mau.1801.topfacemobappandroid OR user_mau.1801.topfacemobappios OR user_mau.1801.topface OR user_mau.1801.standalonetf)",81
"2015-03-01 00:00:00","first_app:topface AND platform:fb","_exists_:(user_mau.1802.topfacemobappandroid OR user_mau.1802.topfacemobappios OR user_mau.1802.topface OR user_mau.1802.standalonetf)",78
"2015-04-01 00:00:00","first_app:topfacemobappandroid","*",83
"2015-04-01 00:00:00","first_app:topfacemobappandroid","_exists_:(user_mau.1501.topfacemobappandroid OR user_mau.1501.topfacemobappios OR user_mau.1501.topface OR user_mau.1501.standalonetf)",0
"2015-04-01 00:00:00","first_app:topfacemobappandroid","_exists_:(user_mau.1502.topfacemobappandroid OR user_mau.1502.topfacemobappios OR user_mau.1502.topface OR user_mau.1502.standalonetf)",0
"2015-04-01 00:00:00","first_app:topfacemobappandroid","_exists_:(user_mau.1503.topfacemobappandroid OR user_mau.1503.topfacemobappios OR user_mau.1503.topface OR user_mau.1503.standalonetf)",1
"2015-04-01 00:00:00","first_app:topfacemobappandroid","_exists_:(user_mau.1504.topfacemobappandroid OR user_mau.1504.topfacemobappios OR user_mau.1504.topface OR user_mau.1504.standalonetf)",67
"2015-04-01 00:00:00","first_app:topfacemobappandroid","_exists_:(user_mau.1505.topfacemobappandroid OR user_mau.1505.topfacemobappios OR user_mau.1505.topface OR user_mau.1505.standalonetf)",33
"2015-04-01 00:00:00","first_app:topfacemobappandroid","_exists_:(user_mau.1506.topfacemobappandroid OR user_mau.1506.topfacemobappios OR user_mau.1506.topface OR user_mau.1506.standalonetf)",19
"2015-04-01 00:00:00","first_app:topfacemobappandroid","_exists_:(user_mau.1507.topfacemobappandroid OR user_mau.1507.topfacemobappios OR user_mau.1507.topface OR user_mau.1507.standalonetf)",17
"2015-04-01 00:00:00","first_app:topfacemobappandroid","_exists_:(user_mau.1508.topfacemobappandroid OR user_mau.1508.topfacemobappios OR user_mau.1508.topface OR user_mau.1508.standalonetf)",11
"2015-04-01 00:00:00","first_app:topfacemobappandroid","_exists_:(user_mau.1509.topfacemobappandroid OR user_mau.1509.topfacemobappios OR user_mau.1509.topface OR user_mau.1509.standalonetf)",6
"2015-04-01 00:00:00","first_app:topfacemobappandroid","_exists_:(user_mau.1510.topfacemobappandroid OR user_mau.1510.topfacemobappios OR user_mau.1510.topface OR user_mau.1510.standalonetf)",2
"2015-04-01 00:00:00","first_app:topfacemobappandroid","_exists_:(user_mau.1511.topfacemobappandroid OR user_mau.1511.topfacemobappios OR user_mau.1511.topface OR user_mau.1511.standalonetf)",3
"2015-04-01 00:00:00","first_app:topfacemobappandroid","_exists_:(user_mau.1512.topfacemobappandroid OR user_mau.1512.topfacemobappios OR user_mau.1512.topface OR user_mau.1512.standalonetf)",2
"2015-04-01 00:00:00","first_app:topfacemobappandroid","_exists_:(user_mau.1601.topfacemobappandroid OR user_mau.1601.topfacemobappios OR user_mau.1601.topface OR user_mau.1601.standalonetf)",12
"2015-04-01 00:00:00","first_app:topfacemobappandroid","_exists_:(user_mau.1602.topfacemobappandroid OR user_mau.1602.topfacemobappios OR user_mau.1602.topface OR user_mau.1602.standalonetf)",10
"2015-04-01 00:00:00","first_app:topfacemobappandroid","_exists_:(user_mau.1603.topfacemobappandroid OR user_mau.1603.topfacemobappios OR user_mau.1603.topface OR user_mau.1603.standalonetf)",7
"2015-04-01 00:00:00","first_app:topfacemobappandroid","_exists_:(user_mau.1604.topfacemobappandroid OR user_mau.1604.topfacemobappios OR user_mau.1604.topface OR user_mau.1604.standalonetf)",5
"2015-04-01 00:00:00","first_app:topfacemobappandroid","_exists_:(user_mau.1605.topfacemobappandroid OR user_mau.1605.topfacemobappios OR user_mau.1605.topface OR user_mau.1605.standalonetf)",4
"2015-04-01 00:00:00","first_app:topfacemobappandroid","_exists_:(user_mau.1606.topfacemobappandroid OR user_mau.1606.topfacemobappios OR user_mau.1606.topface OR user_mau.1606.standalonetf)",6
"2015-04-01 00:00:00","first_app:topfacemobappandroid","_exists_:(user_mau.1607.topfacemobappandroid OR user_mau.1607.topfacemobappios OR user_mau.1607.topface OR user_mau.1607.standalonetf)",5
"2015-04-01 00:00:00","first_app:topfacemobappandroid","_exists_:(user_mau.1608.topfacemobappandroid OR user_mau.1608.topfacemobappios OR user_mau.1608.topface OR user_mau.1608.standalonetf)",5
"2015-04-01 00:00:00","first_app:topfacemobappandroid","_exists_:(user_mau.1609.topfacemobappandroid OR user_mau.1609.topfacemobappios OR user_mau.1609.topface OR user_mau.1609.standalonetf)",5
"2015-04-01 00:00:00","first_app:topfacemobappandroid","_exists_:(user_mau.1610.topfacemobappandroid OR user_mau.1610.topfacemobappios OR user_mau.1610.topface OR user_mau.1610.standalonetf)",4
"2015-04-01 00:00:00","first_app:topfacemobappandroid","_exists_:(user_mau.1611.topfacemobappandroid OR user_mau.1611.topfacemobappios OR user_mau.1611.topface OR user_mau.1611.standalonetf)",3
"2015-04-01 00:00:00","first_app:topfacemobappandroid","_exists_:(user_mau.1612.topfacemobappandroid OR user_mau.1612.topfacemobappios OR user_mau.1612.topface OR user_mau.1612.standalonetf)",4
"2015-04-01 00:00:00","first_app:topfacemobappandroid","_exists_:(user_mau.1701.topfacemobappandroid OR user_mau.1701.topfacemobappios OR user_mau.1701.topface OR user_mau.1701.standalonetf)",5
"2015-04-01 00:00:00","first_app:topfacemobappandroid","_exists_:(user_mau.1702.topfacemobappandroid OR user_mau.1702.topfacemobappios OR user_mau.1702.topface OR user_mau.1702.standalonetf)",3
"2015-04-01 00:00:00","first_app:topfacemobappandroid","_exists_:(user_mau.1703.topfacemobappandroid OR user_mau.1703.topfacemobappios OR user_mau.1703.topface OR user_mau.1703.standalonetf)",3
"2015-04-01 00:00:00","first_app:topfacemobappandroid","_exists_:(user_mau.1704.topfacemobappandroid OR user_mau.1704.topfacemobappios OR user_mau.1704.topface OR user_mau.1704.standalonetf)",3
"2015-04-01 00:00:00","first_app:topfacemobappandroid","_exists_:(user_mau.1705.topfacemobappandroid OR user_mau.1705.topfacemobappios OR user_mau.1705.topface OR user_mau.1705.standalonetf)",3
"2015-04-01 00:00:00","first_app:topfacemobappandroid","_exists_:(user_mau.1706.topfacemobappandroid OR user_mau.1706.topfacemobappios OR user_mau.1706.topface OR user_mau.1706.standalonetf)",3
"2015-04-01 00:00:00","first_app:topfacemobappandroid","_exists_:(user_mau.1707.topfacemobappandroid OR user_mau.1707.topfacemobappios OR user_mau.1707.topface OR user_mau.1707.standalonetf)",4
"2015-04-01 00:00:00","first_app:topfacemobappandroid","_exists_:(user_mau.1708.topfacemobappandroid OR user_mau.1708.topfacemobappios OR user_mau.1708.topface OR user_mau.1708.standalonetf)",6
"2015-04-01 00:00:00","first_app:topfacemobappandroid","_exists_:(user_mau.1709.topfacemobappandroid OR user_mau.1709.topfacemobappios OR user_mau.1709.topface OR user_mau.1709.standalonetf)",4
"2015-04-01 00:00:00","first_app:topfacemobappandroid","_exists_:(user_mau.1710.topfacemobappandroid OR user_mau.1710.topfacemobappios OR user_mau.1710.topface OR user_mau.1710.standalonetf)",5
"2015-04-01 00:00:00","first_app:topfacemobappandroid","_exists_:(user_mau.1711.topfacemobappandroid OR user_mau.1711.topfacemobappios OR user_mau.1711.topface OR user_mau.1711.standalonetf)",2
"2015-04-01 00:00:00","first_app:topfacemobappandroid","_exists_:(user_mau.1712.topfacemobappandroid OR user_mau.1712.topfacemobappios OR user_mau.1712.topface OR user_mau.1712.standalonetf)",2
"2015-04-01 00:00:00","first_app:topfacemobappandroid","_exists_:(user_mau.1801.topfacemobappandroid OR user_mau.1801.topfacemobappios OR user_mau.1801.topface OR user_mau.1801.standalonetf)",2
"2015-04-01 00:00:00","first_app:topfacemobappandroid","_exists_:(user_mau.1802.topfacemobappandroid OR user_mau.1802.topfacemobappios OR user_mau.1802.topface OR user_mau.1802.standalonetf)",2
"2015-04-01 00:00:00","first_app:topfacemobappios","*",749
"2015-04-01 00:00:00","first_app:topfacemobappios","_exists_:(user_mau.1501.topfacemobappandroid OR user_mau.1501.topfacemobappios OR user_mau.1501.topface OR user_mau.1501.standalonetf)",0
"2015-04-01 00:00:00","first_app:topfacemobappios","_exists_:(user_mau.1502.topfacemobappandroid OR user_mau.1502.topfacemobappios OR user_mau.1502.topface OR user_mau.1502.standalonetf)",0
"2015-04-01 00:00:00","first_app:topfacemobappios","_exists_:(user_mau.1503.topfacemobappandroid OR user_mau.1503.topfacemobappios OR user_mau.1503.topface OR user_mau.1503.standalonetf)",2
"2015-04-01 00:00:00","first_app:topfacemobappios","_exists_:(user_mau.1504.topfacemobappandroid OR user_mau.1504.topfacemobappios OR user_mau.1504.topface OR user_mau.1504.standalonetf)",668
"2015-04-01 00:00:00","first_app:topfacemobappios","_exists_:(user_mau.1505.topfacemobappandroid OR user_mau.1505.topfacemobappios OR user_mau.1505.topface OR user_mau.1505.standalonetf)",193
"2015-04-01 00:00:00","first_app:topfacemobappios","_exists_:(user_mau.1506.topfacemobappandroid OR user_mau.1506.topfacemobappios OR user_mau.1506.topface OR user_mau.1506.standalonetf)",104
"2015-04-01 00:00:00","first_app:topfacemobappios","_exists_:(user_mau.1507.topfacemobappandroid OR user_mau.1507.topfacemobappios OR user_mau.1507.topface OR user_mau.1507.standalonetf)",95
"2015-04-01 00:00:00","first_app:topfacemobappios","_exists_:(user_mau.1508.topfacemobappandroid OR user_mau.1508.topfacemobappios OR user_mau.1508.topface OR user_mau.1508.standalonetf)",64
"2015-04-01 00:00:00","first_app:topfacemobappios","_exists_:(user_mau.1509.topfacemobappandroid OR user_mau.1509.topfacemobappios OR user_mau.1509.topface OR user_mau.1509.standalonetf)",51
"2015-04-01 00:00:00","first_app:topfacemobappios","_exists_:(user_mau.1510.topfacemobappandroid OR user_mau.1510.topfacemobappios OR user_mau.1510.topface OR user_mau.1510.standalonetf)",42
"2015-04-01 00:00:00","first_app:topfacemobappios","_exists_:(user_mau.1511.topfacemobappandroid OR user_mau.1511.topfacemobappios OR user_mau.1511.topface OR user_mau.1511.standalonetf)",56
"2015-04-01 00:00:00","first_app:topfacemobappios","_exists_:(user_mau.1512.topfacemobappandroid OR user_mau.1512.topfacemobappios OR user_mau.1512.topface OR user_mau.1512.standalonetf)",29
"2015-04-01 00:00:00","first_app:topfacemobappios","_exists_:(user_mau.1601.topfacemobappandroid OR user_mau.1601.topfacemobappios OR user_mau.1601.topface OR user_mau.1601.standalonetf)",55
"2015-04-01 00:00:00","first_app:topfacemobappios","_exists_:(user_mau.1602.topfacemobappandroid OR user_mau.1602.topfacemobappios OR user_mau.1602.topface OR user_mau.1602.standalonetf)",47
"2015-04-01 00:00:00","first_app:topfacemobappios","_exists_:(user_mau.1603.topfacemobappandroid OR user_mau.1603.topfacemobappios OR user_mau.1603.topface OR user_mau.1603.standalonetf)",40
"2015-04-01 00:00:00","first_app:topfacemobappios","_exists_:(user_mau.1604.topfacemobappandroid OR user_mau.1604.topfacemobappios OR user_mau.1604.topface OR user_mau.1604.standalonetf)",28
"2015-04-01 00:00:00","first_app:topfacemobappios","_exists_:(user_mau.1605.topfacemobappandroid OR user_mau.1605.topfacemobappios OR user_mau.1605.topface OR user_mau.1605.standalonetf)",31
"2015-04-01 00:00:00","first_app:topfacemobappios","_exists_:(user_mau.1606.topfacemobappandroid OR user_mau.1606.topfacemobappios OR user_mau.1606.topface OR user_mau.1606.standalonetf)",34
"2015-04-01 00:00:00","first_app:topfacemobappios","_exists_:(user_mau.1607.topfacemobappandroid OR user_mau.1607.topfacemobappios OR user_mau.1607.topface OR user_mau.1607.standalonetf)",31
"2015-04-01 00:00:00","first_app:topfacemobappios","_exists_:(user_mau.1608.topfacemobappandroid OR user_mau.1608.topfacemobappios OR user_mau.1608.topface OR user_mau.1608.standalonetf)",26
"2015-04-01 00:00:00","first_app:topfacemobappios","_exists_:(user_mau.1609.topfacemobappandroid OR user_mau.1609.topfacemobappios OR user_mau.1609.topface OR user_mau.1609.standalonetf)",28
"2015-04-01 00:00:00","first_app:topfacemobappios","_exists_:(user_mau.1610.topfacemobappandroid OR user_mau.1610.topfacemobappios OR user_mau.1610.topface OR user_mau.1610.standalonetf)",23
"2015-04-01 00:00:00","first_app:topfacemobappios","_exists_:(user_mau.1611.topfacemobappandroid OR user_mau.1611.topfacemobappios OR user_mau.1611.topface OR user_mau.1611.standalonetf)",29
"2015-04-01 00:00:00","first_app:topfacemobappios","_exists_:(user_mau.1612.topfacemobappandroid OR user_mau.1612.topfacemobappios OR user_mau.1612.topface OR user_mau.1612.standalonetf)",21
"2015-04-01 00:00:00","first_app:topfacemobappios","_exists_:(user_mau.1701.topfacemobappandroid OR user_mau.1701.topfacemobappios OR user_mau.1701.topface OR user_mau.1701.standalonetf)",22
"2015-04-01 00:00:00","first_app:topfacemobappios","_exists_:(user_mau.1702.topfacemobappandroid OR user_mau.1702.topfacemobappios OR user_mau.1702.topface OR user_mau.1702.standalonetf)",24
"2015-04-01 00:00:00","first_app:topfacemobappios","_exists_:(user_mau.1703.topfacemobappandroid OR user_mau.1703.topfacemobappios OR user_mau.1703.topface OR user_mau.1703.standalonetf)",19
"2015-04-01 00:00:00","first_app:topfacemobappios","_exists_:(user_mau.1704.topfacemobappandroid OR user_mau.1704.topfacemobappios OR user_mau.1704.topface OR user_mau.1704.standalonetf)",24
"2015-04-01 00:00:00","first_app:topfacemobappios","_exists_:(user_mau.1705.topfacemobappandroid OR user_mau.1705.topfacemobappios OR user_mau.1705.topface OR user_mau.1705.standalonetf)",25
"2015-04-01 00:00:00","first_app:topfacemobappios","_exists_:(user_mau.1706.topfacemobappandroid OR user_mau.1706.topfacemobappios OR user_mau.1706.topface OR user_mau.1706.standalonetf)",26
"2015-04-01 00:00:00","first_app:topfacemobappios","_exists_:(user_mau.1707.topfacemobappandroid OR user_mau.1707.topfacemobappios OR user_mau.1707.topface OR user_mau.1707.standalonetf)",21
"2015-04-01 00:00:00","first_app:topfacemobappios","_exists_:(user_mau.1708.topfacemobappandroid OR user_mau.1708.topfacemobappios OR user_mau.1708.topface OR user_mau.1708.standalonetf)",18
"2015-04-01 00:00:00","first_app:topfacemobappios","_exists_:(user_mau.1709.topfacemobappandroid OR user_mau.1709.topfacemobappios OR user_mau.1709.topface OR user_mau.1709.standalonetf)",18
"2015-04-01 00:00:00","first_app:topfacemobappios","_exists_:(user_mau.1710.topfacemobappandroid OR user_mau.1710.topfacemobappios OR user_mau.1710.topface OR user_mau.1710.standalonetf)",24
"2015-04-01 00:00:00","first_app:topfacemobappios","_exists_:(user_mau.1711.topfacemobappandroid OR user_mau.1711.topfacemobappios OR user_mau.1711.topface OR user_mau.1711.standalonetf)",15
"2015-04-01 00:00:00","first_app:topfacemobappios","_exists_:(user_mau.1712.topfacemobappandroid OR user_mau.1712.topfacemobappios OR user_mau.1712.topface OR user_mau.1712.standalonetf)",10
"2015-04-01 00:00:00","first_app:topfacemobappios","_exists_:(user_mau.1801.topfacemobappandroid OR user_mau.1801.topfacemobappios OR user_mau.1801.topface OR user_mau.1801.standalonetf)",12
"2015-04-01 00:00:00","first_app:topfacemobappios","_exists_:(user_mau.1802.topfacemobappandroid OR user_mau.1802.topfacemobappios OR user_mau.1802.topface OR user_mau.1802.standalonetf)",11
"2015-04-01 00:00:00","first_app:standalonetf","*","1,409"
"2015-04-01 00:00:00","first_app:standalonetf","_exists_:(user_mau.1501.topfacemobappandroid OR user_mau.1501.topfacemobappios OR user_mau.1501.topface OR user_mau.1501.standalonetf)",0
"2015-04-01 00:00:00","first_app:standalonetf","_exists_:(user_mau.1502.topfacemobappandroid OR user_mau.1502.topfacemobappios OR user_mau.1502.topface OR user_mau.1502.standalonetf)",0
"2015-04-01 00:00:00","first_app:standalonetf","_exists_:(user_mau.1503.topfacemobappandroid OR user_mau.1503.topfacemobappios OR user_mau.1503.topface OR user_mau.1503.standalonetf)",1
"2015-04-01 00:00:00","first_app:standalonetf","_exists_:(user_mau.1504.topfacemobappandroid OR user_mau.1504.topfacemobappios OR user_mau.1504.topface OR user_mau.1504.standalonetf)",765
"2015-04-01 00:00:00","first_app:standalonetf","_exists_:(user_mau.1505.topfacemobappandroid OR user_mau.1505.topfacemobappios OR user_mau.1505.topface OR user_mau.1505.standalonetf)",347
"2015-04-01 00:00:00","first_app:standalonetf","_exists_:(user_mau.1506.topfacemobappandroid OR user_mau.1506.topfacemobappios OR user_mau.1506.topface OR user_mau.1506.standalonetf)",303
"2015-04-01 00:00:00","first_app:standalonetf","_exists_:(user_mau.1507.topfacemobappandroid OR user_mau.1507.topfacemobappios OR user_mau.1507.topface OR user_mau.1507.standalonetf)",265
"2015-04-01 00:00:00","first_app:standalonetf","_exists_:(user_mau.1508.topfacemobappandroid OR user_mau.1508.topfacemobappios OR user_mau.1508.topface OR user_mau.1508.standalonetf)",217
"2015-04-01 00:00:00","first_app:standalonetf","_exists_:(user_mau.1509.topfacemobappandroid OR user_mau.1509.topfacemobappios OR user_mau.1509.topface OR user_mau.1509.standalonetf)",172
"2015-04-01 00:00:00","first_app:standalonetf","_exists_:(user_mau.1510.topfacemobappandroid OR user_mau.1510.topfacemobappios OR user_mau.1510.topface OR user_mau.1510.standalonetf)",146
"2015-04-01 00:00:00","first_app:standalonetf","_exists_:(user_mau.1511.topfacemobappandroid OR user_mau.1511.topfacemobappios OR user_mau.1511.topface OR user_mau.1511.standalonetf)",148
"2015-04-01 00:00:00","first_app:standalonetf","_exists_:(user_mau.1512.topfacemobappandroid OR user_mau.1512.topfacemobappios OR user_mau.1512.topface OR user_mau.1512.standalonetf)",71
"2015-04-01 00:00:00","first_app:standalonetf","_exists_:(user_mau.1601.topfacemobappandroid OR user_mau.1601.topfacemobappios OR user_mau.1601.topface OR user_mau.1601.standalonetf)",341
"2015-04-01 00:00:00","first_app:standalonetf","_exists_:(user_mau.1602.topfacemobappandroid OR user_mau.1602.topfacemobappios OR user_mau.1602.topface OR user_mau.1602.standalonetf)",304
"2015-04-01 00:00:00","first_app:standalonetf","_exists_:(user_mau.1603.topfacemobappandroid OR user_mau.1603.topfacemobappios OR user_mau.1603.topface OR user_mau.1603.standalonetf)",282
"2015-04-01 00:00:00","first_app:standalonetf","_exists_:(user_mau.1604.topfacemobappandroid OR user_mau.1604.topfacemobappios OR user_mau.1604.topface OR user_mau.1604.standalonetf)",221
"2015-04-01 00:00:00","first_app:standalonetf","_exists_:(user_mau.1605.topfacemobappandroid OR user_mau.1605.topfacemobappios OR user_mau.1605.topface OR user_mau.1605.standalonetf)",209
"2015-04-01 00:00:00","first_app:standalonetf","_exists_:(user_mau.1606.topfacemobappandroid OR user_mau.1606.topfacemobappios OR user_mau.1606.topface OR user_mau.1606.standalonetf)",189
"2015-04-01 00:00:00","first_app:standalonetf","_exists_:(user_mau.1607.topfacemobappandroid OR user_mau.1607.topfacemobappios OR user_mau.1607.topface OR user_mau.1607.standalonetf)",187
"2015-04-01 00:00:00","first_app:standalonetf","_exists_:(user_mau.1608.topfacemobappandroid OR user_mau.1608.topfacemobappios OR user_mau.1608.topface OR user_mau.1608.standalonetf)",182
"2015-04-01 00:00:00","first_app:standalonetf","_exists_:(user_mau.1609.topfacemobappandroid OR user_mau.1609.topfacemobappios OR user_mau.1609.topface OR user_mau.1609.standalonetf)",165
"2015-04-01 00:00:00","first_app:standalonetf","_exists_:(user_mau.1610.topfacemobappandroid OR user_mau.1610.topfacemobappios OR user_mau.1610.topface OR user_mau.1610.standalonetf)",165
"2015-04-01 00:00:00","first_app:standalonetf","_exists_:(user_mau.1611.topfacemobappandroid OR user_mau.1611.topfacemobappios OR user_mau.1611.topface OR user_mau.1611.standalonetf)",149
"2015-04-01 00:00:00","first_app:standalonetf","_exists_:(user_mau.1612.topfacemobappandroid OR user_mau.1612.topfacemobappios OR user_mau.1612.topface OR user_mau.1612.standalonetf)",144
"2015-04-01 00:00:00","first_app:standalonetf","_exists_:(user_mau.1701.topfacemobappandroid OR user_mau.1701.topfacemobappios OR user_mau.1701.topface OR user_mau.1701.standalonetf)",124
"2015-04-01 00:00:00","first_app:standalonetf","_exists_:(user_mau.1702.topfacemobappandroid OR user_mau.1702.topfacemobappios OR user_mau.1702.topface OR user_mau.1702.standalonetf)",123
"2015-04-01 00:00:00","first_app:standalonetf","_exists_:(user_mau.1703.topfacemobappandroid OR user_mau.1703.topfacemobappios OR user_mau.1703.topface OR user_mau.1703.standalonetf)",123
"2015-04-01 00:00:00","first_app:standalonetf","_exists_:(user_mau.1704.topfacemobappandroid OR user_mau.1704.topfacemobappios OR user_mau.1704.topface OR user_mau.1704.standalonetf)",119
"2015-04-01 00:00:00","first_app:standalonetf","_exists_:(user_mau.1705.topfacemobappandroid OR user_mau.1705.topfacemobappios OR user_mau.1705.topface OR user_mau.1705.standalonetf)",114
"2015-04-01 00:00:00","first_app:standalonetf","_exists_:(user_mau.1706.topfacemobappandroid OR user_mau.1706.topfacemobappios OR user_mau.1706.topface OR user_mau.1706.standalonetf)",98
"2015-04-01 00:00:00","first_app:standalonetf","_exists_:(user_mau.1707.topfacemobappandroid OR user_mau.1707.topfacemobappios OR user_mau.1707.topface OR user_mau.1707.standalonetf)",101
"2015-04-01 00:00:00","first_app:standalonetf","_exists_:(user_mau.1708.topfacemobappandroid OR user_mau.1708.topfacemobappios OR user_mau.1708.topface OR user_mau.1708.standalonetf)",99
"2015-04-01 00:00:00","first_app:standalonetf","_exists_:(user_mau.1709.topfacemobappandroid OR user_mau.1709.topfacemobappios OR user_mau.1709.topface OR user_mau.1709.standalonetf)",105
"2015-04-01 00:00:00","first_app:standalonetf","_exists_:(user_mau.1710.topfacemobappandroid OR user_mau.1710.topfacemobappios OR user_mau.1710.topface OR user_mau.1710.standalonetf)",96
"2015-04-01 00:00:00","first_app:standalonetf","_exists_:(user_mau.1711.topfacemobappandroid OR user_mau.1711.topfacemobappios OR user_mau.1711.topface OR user_mau.1711.standalonetf)",95
"2015-04-01 00:00:00","first_app:standalonetf","_exists_:(user_mau.1712.topfacemobappandroid OR user_mau.1712.topfacemobappios OR user_mau.1712.topface OR user_mau.1712.standalonetf)",82
"2015-04-01 00:00:00","first_app:standalonetf","_exists_:(user_mau.1801.topfacemobappandroid OR user_mau.1801.topfacemobappios OR user_mau.1801.topface OR user_mau.1801.standalonetf)",78
"2015-04-01 00:00:00","first_app:standalonetf","_exists_:(user_mau.1802.topfacemobappandroid OR user_mau.1802.topfacemobappios OR user_mau.1802.topface OR user_mau.1802.standalonetf)",73
"2015-04-01 00:00:00","first_app:topface AND platform:vk","*","33,624"
"2015-04-01 00:00:00","first_app:topface AND platform:vk","_exists_:(user_mau.1501.topfacemobappandroid OR user_mau.1501.topfacemobappios OR user_mau.1501.topface OR user_mau.1501.standalonetf)",0
"2015-04-01 00:00:00","first_app:topface AND platform:vk","_exists_:(user_mau.1502.topfacemobappandroid OR user_mau.1502.topfacemobappios OR user_mau.1502.topface OR user_mau.1502.standalonetf)",0
"2015-04-01 00:00:00","first_app:topface AND platform:vk","_exists_:(user_mau.1503.topfacemobappandroid OR user_mau.1503.topfacemobappios OR user_mau.1503.topface OR user_mau.1503.standalonetf)",65
"2015-04-01 00:00:00","first_app:topface AND platform:vk","_exists_:(user_mau.1504.topfacemobappandroid OR user_mau.1504.topfacemobappios OR user_mau.1504.topface OR user_mau.1504.standalonetf)","26,733"
"2015-04-01 00:00:00","first_app:topface AND platform:vk","_exists_:(user_mau.1505.topfacemobappandroid OR user_mau.1505.topfacemobappios OR user_mau.1505.topface OR user_mau.1505.standalonetf)","8,577"
"2015-04-01 00:00:00","first_app:topface AND platform:vk","_exists_:(user_mau.1506.topfacemobappandroid OR user_mau.1506.topfacemobappios OR user_mau.1506.topface OR user_mau.1506.standalonetf)","5,376"
"2015-04-01 00:00:00","first_app:topface AND platform:vk","_exists_:(user_mau.1507.topfacemobappandroid OR user_mau.1507.topfacemobappios OR user_mau.1507.topface OR user_mau.1507.standalonetf)","3,977"
"2015-04-01 00:00:00","first_app:topface AND platform:vk","_exists_:(user_mau.1508.topfacemobappandroid OR user_mau.1508.topfacemobappios OR user_mau.1508.topface OR user_mau.1508.standalonetf)","2,977"
"2015-04-01 00:00:00","first_app:topface AND platform:vk","_exists_:(user_mau.1509.topfacemobappandroid OR user_mau.1509.topfacemobappios OR user_mau.1509.topface OR user_mau.1509.standalonetf)","2,616"
"2015-04-01 00:00:00","first_app:topface AND platform:vk","_exists_:(user_mau.1510.topfacemobappandroid OR user_mau.1510.topfacemobappios OR user_mau.1510.topface OR user_mau.1510.standalonetf)","2,349"
"2015-04-01 00:00:00","first_app:topface AND platform:vk","_exists_:(user_mau.1511.topfacemobappandroid OR user_mau.1511.topfacemobappios OR user_mau.1511.topface OR user_mau.1511.standalonetf)","1,569"
"2015-04-01 00:00:00","first_app:topface AND platform:vk","_exists_:(user_mau.1512.topfacemobappandroid OR user_mau.1512.topfacemobappios OR user_mau.1512.topface OR user_mau.1512.standalonetf)","1,038"
"2015-04-01 00:00:00","first_app:topface AND platform:vk","_exists_:(user_mau.1601.topfacemobappandroid OR user_mau.1601.topfacemobappios OR user_mau.1601.topface OR user_mau.1601.standalonetf)","3,973"
"2015-04-01 00:00:00","first_app:topface AND platform:vk","_exists_:(user_mau.1602.topfacemobappandroid OR user_mau.1602.topfacemobappios OR user_mau.1602.topface OR user_mau.1602.standalonetf)","3,635"
"2015-04-01 00:00:00","first_app:topface AND platform:vk","_exists_:(user_mau.1603.topfacemobappandroid OR user_mau.1603.topfacemobappios OR user_mau.1603.topface OR user_mau.1603.standalonetf)","3,499"
"2015-04-01 00:00:00","first_app:topface AND platform:vk","_exists_:(user_mau.1604.topfacemobappandroid OR user_mau.1604.topfacemobappios OR user_mau.1604.topface OR user_mau.1604.standalonetf)","2,817"
"2015-04-01 00:00:00","first_app:topface AND platform:vk","_exists_:(user_mau.1605.topfacemobappandroid OR user_mau.1605.topfacemobappios OR user_mau.1605.topface OR user_mau.1605.standalonetf)","2,543"
"2015-04-01 00:00:00","first_app:topface AND platform:vk","_exists_:(user_mau.1606.topfacemobappandroid OR user_mau.1606.topfacemobappios OR user_mau.1606.topface OR user_mau.1606.standalonetf)","2,337"
"2015-04-01 00:00:00","first_app:topface AND platform:vk","_exists_:(user_mau.1607.topfacemobappandroid OR user_mau.1607.topfacemobappios OR user_mau.1607.topface OR user_mau.1607.standalonetf)","2,132"
"2015-04-01 00:00:00","first_app:topface AND platform:vk","_exists_:(user_mau.1608.topfacemobappandroid OR user_mau.1608.topfacemobappios OR user_mau.1608.topface OR user_mau.1608.standalonetf)","2,040"
"2015-04-01 00:00:00","first_app:topface AND platform:vk","_exists_:(user_mau.1609.topfacemobappandroid OR user_mau.1609.topfacemobappios OR user_mau.1609.topface OR user_mau.1609.standalonetf)","1,910"
"2015-04-01 00:00:00","first_app:topface AND platform:vk","_exists_:(user_mau.1610.topfacemobappandroid OR user_mau.1610.topfacemobappios OR user_mau.1610.topface OR user_mau.1610.standalonetf)","1,733"
"2015-04-01 00:00:00","first_app:topface AND platform:vk","_exists_:(user_mau.1611.topfacemobappandroid OR user_mau.1611.topfacemobappios OR user_mau.1611.topface OR user_mau.1611.standalonetf)","1,415"
"2015-04-01 00:00:00","first_app:topface AND platform:vk","_exists_:(user_mau.1612.topfacemobappandroid OR user_mau.1612.topfacemobappios OR user_mau.1612.topface OR user_mau.1612.standalonetf)","1,387"
"2015-04-01 00:00:00","first_app:topface AND platform:vk","_exists_:(user_mau.1701.topfacemobappandroid OR user_mau.1701.topfacemobappios OR user_mau.1701.topface OR user_mau.1701.standalonetf)","1,387"
"2015-04-01 00:00:00","first_app:topface AND platform:vk","_exists_:(user_mau.1702.topfacemobappandroid OR user_mau.1702.topfacemobappios OR user_mau.1702.topface OR user_mau.1702.standalonetf)","1,216"
"2015-04-01 00:00:00","first_app:topface AND platform:vk","_exists_:(user_mau.1703.topfacemobappandroid OR user_mau.1703.topfacemobappios OR user_mau.1703.topface OR user_mau.1703.standalonetf)","1,186"
"2015-04-01 00:00:00","first_app:topface AND platform:vk","_exists_:(user_mau.1704.topfacemobappandroid OR user_mau.1704.topfacemobappios OR user_mau.1704.topface OR user_mau.1704.standalonetf)","1,089"
"2015-04-01 00:00:00","first_app:topface AND platform:vk","_exists_:(user_mau.1705.topfacemobappandroid OR user_mau.1705.topfacemobappios OR user_mau.1705.topface OR user_mau.1705.standalonetf)","1,073"
"2015-04-01 00:00:00","first_app:topface AND platform:vk","_exists_:(user_mau.1706.topfacemobappandroid OR user_mau.1706.topfacemobappios OR user_mau.1706.topface OR user_mau.1706.standalonetf)",948
"2015-04-01 00:00:00","first_app:topface AND platform:vk","_exists_:(user_mau.1707.topfacemobappandroid OR user_mau.1707.topfacemobappios OR user_mau.1707.topface OR user_mau.1707.standalonetf)",879
"2015-04-01 00:00:00","first_app:topface AND platform:vk","_exists_:(user_mau.1708.topfacemobappandroid OR user_mau.1708.topfacemobappios OR user_mau.1708.topface OR user_mau.1708.standalonetf)",891
"2015-04-01 00:00:00","first_app:topface AND platform:vk","_exists_:(user_mau.1709.topfacemobappandroid OR user_mau.1709.topfacemobappios OR user_mau.1709.topface OR user_mau.1709.standalonetf)",893
"2015-04-01 00:00:00","first_app:topface AND platform:vk","_exists_:(user_mau.1710.topfacemobappandroid OR user_mau.1710.topfacemobappios OR user_mau.1710.topface OR user_mau.1710.standalonetf)",901
"2015-04-01 00:00:00","first_app:topface AND platform:vk","_exists_:(user_mau.1711.topfacemobappandroid OR user_mau.1711.topfacemobappios OR user_mau.1711.topface OR user_mau.1711.standalonetf)",883
"2015-04-01 00:00:00","first_app:topface AND platform:vk","_exists_:(user_mau.1712.topfacemobappandroid OR user_mau.1712.topfacemobappios OR user_mau.1712.topface OR user_mau.1712.standalonetf)",798
"2015-04-01 00:00:00","first_app:topface AND platform:vk","_exists_:(user_mau.1801.topfacemobappandroid OR user_mau.1801.topfacemobappios OR user_mau.1801.topface OR user_mau.1801.standalonetf)",776
"2015-04-01 00:00:00","first_app:topface AND platform:vk","_exists_:(user_mau.1802.topfacemobappandroid OR user_mau.1802.topfacemobappios OR user_mau.1802.topface OR user_mau.1802.standalonetf)",744
"2015-04-01 00:00:00","first_app:topface AND platform:ok","*","92,886"
"2015-04-01 00:00:00","first_app:topface AND platform:ok","_exists_:(user_mau.1501.topfacemobappandroid OR user_mau.1501.topfacemobappios OR user_mau.1501.topface OR user_mau.1501.standalonetf)",0
"2015-04-01 00:00:00","first_app:topface AND platform:ok","_exists_:(user_mau.1502.topfacemobappandroid OR user_mau.1502.topfacemobappios OR user_mau.1502.topface OR user_mau.1502.standalonetf)",0
"2015-04-01 00:00:00","first_app:topface AND platform:ok","_exists_:(user_mau.1503.topfacemobappandroid OR user_mau.1503.topfacemobappios OR user_mau.1503.topface OR user_mau.1503.standalonetf)",190
"2015-04-01 00:00:00","first_app:topface AND platform:ok","_exists_:(user_mau.1504.topfacemobappandroid OR user_mau.1504.topfacemobappios OR user_mau.1504.topface OR user_mau.1504.standalonetf)","85,803"
"2015-04-01 00:00:00","first_app:topface AND platform:ok","_exists_:(user_mau.1505.topfacemobappandroid OR user_mau.1505.topfacemobappios OR user_mau.1505.topface OR user_mau.1505.standalonetf)","17,775"
"2015-04-01 00:00:00","first_app:topface AND platform:ok","_exists_:(user_mau.1506.topfacemobappandroid OR user_mau.1506.topfacemobappios OR user_mau.1506.topface OR user_mau.1506.standalonetf)","9,522"
"2015-04-01 00:00:00","first_app:topface AND platform:ok","_exists_:(user_mau.1507.topfacemobappandroid OR user_mau.1507.topfacemobappios OR user_mau.1507.topface OR user_mau.1507.standalonetf)","4,855"
"2015-04-01 00:00:00","first_app:topface AND platform:ok","_exists_:(user_mau.1508.topfacemobappandroid OR user_mau.1508.topfacemobappios OR user_mau.1508.topface OR user_mau.1508.standalonetf)","6,486"
"2015-04-01 00:00:00","first_app:topface AND platform:ok","_exists_:(user_mau.1509.topfacemobappandroid OR user_mau.1509.topfacemobappios OR user_mau.1509.topface OR user_mau.1509.standalonetf)","6,159"
"2015-04-01 00:00:00","first_app:topface AND platform:ok","_exists_:(user_mau.1510.topfacemobappandroid OR user_mau.1510.topfacemobappios OR user_mau.1510.topface OR user_mau.1510.standalonetf)","3,502"
"2015-04-01 00:00:00","first_app:topface AND platform:ok","_exists_:(user_mau.1511.topfacemobappandroid OR user_mau.1511.topfacemobappios OR user_mau.1511.topface OR user_mau.1511.standalonetf)","2,978"
"2015-04-01 00:00:00","first_app:topface AND platform:ok","_exists_:(user_mau.1512.topfacemobappandroid OR user_mau.1512.topfacemobappios OR user_mau.1512.topface OR user_mau.1512.standalonetf)","2,228"
"2015-04-01 00:00:00","first_app:topface AND platform:ok","_exists_:(user_mau.1601.topfacemobappandroid OR user_mau.1601.topfacemobappios OR user_mau.1601.topface OR user_mau.1601.standalonetf)","3,881"
"2015-04-01 00:00:00","first_app:topface AND platform:ok","_exists_:(user_mau.1602.topfacemobappandroid OR user_mau.1602.topfacemobappios OR user_mau.1602.topface OR user_mau.1602.standalonetf)","2,871"
"2015-04-01 00:00:00","first_app:topface AND platform:ok","_exists_:(user_mau.1603.topfacemobappandroid OR user_mau.1603.topfacemobappios OR user_mau.1603.topface OR user_mau.1603.standalonetf)","2,618"
"2015-04-01 00:00:00","first_app:topface AND platform:ok","_exists_:(user_mau.1604.topfacemobappandroid OR user_mau.1604.topfacemobappios OR user_mau.1604.topface OR user_mau.1604.standalonetf)","2,161"
"2015-04-01 00:00:00","first_app:topface AND platform:ok","_exists_:(user_mau.1605.topfacemobappandroid OR user_mau.1605.topfacemobappios OR user_mau.1605.topface OR user_mau.1605.standalonetf)","1,579"
"2015-04-01 00:00:00","first_app:topface AND platform:ok","_exists_:(user_mau.1606.topfacemobappandroid OR user_mau.1606.topfacemobappios OR user_mau.1606.topface OR user_mau.1606.standalonetf)","1,382"
"2015-04-01 00:00:00","first_app:topface AND platform:ok","_exists_:(user_mau.1607.topfacemobappandroid OR user_mau.1607.topfacemobappios OR user_mau.1607.topface OR user_mau.1607.standalonetf)","1,296"
"2015-04-01 00:00:00","first_app:topface AND platform:ok","_exists_:(user_mau.1608.topfacemobappandroid OR user_mau.1608.topfacemobappios OR user_mau.1608.topface OR user_mau.1608.standalonetf)","1,149"
"2015-04-01 00:00:00","first_app:topface AND platform:ok","_exists_:(user_mau.1609.topfacemobappandroid OR user_mau.1609.topfacemobappios OR user_mau.1609.topface OR user_mau.1609.standalonetf)","1,216"
"2015-04-01 00:00:00","first_app:topface AND platform:ok","_exists_:(user_mau.1610.topfacemobappandroid OR user_mau.1610.topfacemobappios OR user_mau.1610.topface OR user_mau.1610.standalonetf)","1,132"
"2015-04-01 00:00:00","first_app:topface AND platform:ok","_exists_:(user_mau.1611.topfacemobappandroid OR user_mau.1611.topfacemobappios OR user_mau.1611.topface OR user_mau.1611.standalonetf)","1,014"
"2015-04-01 00:00:00","first_app:topface AND platform:ok","_exists_:(user_mau.1612.topfacemobappandroid OR user_mau.1612.topfacemobappios OR user_mau.1612.topface OR user_mau.1612.standalonetf)",998
"2015-04-01 00:00:00","first_app:topface AND platform:ok","_exists_:(user_mau.1701.topfacemobappandroid OR user_mau.1701.topfacemobappios OR user_mau.1701.topface OR user_mau.1701.standalonetf)",939
"2015-04-01 00:00:00","first_app:topface AND platform:ok","_exists_:(user_mau.1702.topfacemobappandroid OR user_mau.1702.topfacemobappios OR user_mau.1702.topface OR user_mau.1702.standalonetf)",818
"2015-04-01 00:00:00","first_app:topface AND platform:ok","_exists_:(user_mau.1703.topfacemobappandroid OR user_mau.1703.topfacemobappios OR user_mau.1703.topface OR user_mau.1703.standalonetf)",760
"2015-04-01 00:00:00","first_app:topface AND platform:ok","_exists_:(user_mau.1704.topfacemobappandroid OR user_mau.1704.topfacemobappios OR user_mau.1704.topface OR user_mau.1704.standalonetf)",738
"2015-04-01 00:00:00","first_app:topface AND platform:ok","_exists_:(user_mau.1705.topfacemobappandroid OR user_mau.1705.topfacemobappios OR user_mau.1705.topface OR user_mau.1705.standalonetf)",680
"2015-04-01 00:00:00","first_app:topface AND platform:ok","_exists_:(user_mau.1706.topfacemobappandroid OR user_mau.1706.topfacemobappios OR user_mau.1706.topface OR user_mau.1706.standalonetf)",661
"2015-04-01 00:00:00","first_app:topface AND platform:ok","_exists_:(user_mau.1707.topfacemobappandroid OR user_mau.1707.topfacemobappios OR user_mau.1707.topface OR user_mau.1707.standalonetf)",584
"2015-04-01 00:00:00","first_app:topface AND platform:ok","_exists_:(user_mau.1708.topfacemobappandroid OR user_mau.1708.topfacemobappios OR user_mau.1708.topface OR user_mau.1708.standalonetf)",609
"2015-04-01 00:00:00","first_app:topface AND platform:ok","_exists_:(user_mau.1709.topfacemobappandroid OR user_mau.1709.topfacemobappios OR user_mau.1709.topface OR user_mau.1709.standalonetf)",589
"2015-04-01 00:00:00","first_app:topface AND platform:ok","_exists_:(user_mau.1710.topfacemobappandroid OR user_mau.1710.topfacemobappios OR user_mau.1710.topface OR user_mau.1710.standalonetf)",555
"2015-04-01 00:00:00","first_app:topface AND platform:ok","_exists_:(user_mau.1711.topfacemobappandroid OR user_mau.1711.topfacemobappios OR user_mau.1711.topface OR user_mau.1711.standalonetf)",539
"2015-04-01 00:00:00","first_app:topface AND platform:ok","_exists_:(user_mau.1712.topfacemobappandroid OR user_mau.1712.topfacemobappios OR user_mau.1712.topface OR user_mau.1712.standalonetf)",466
"2015-04-01 00:00:00","first_app:topface AND platform:ok","_exists_:(user_mau.1801.topfacemobappandroid OR user_mau.1801.topfacemobappios OR user_mau.1801.topface OR user_mau.1801.standalonetf)",476
"2015-04-01 00:00:00","first_app:topface AND platform:ok","_exists_:(user_mau.1802.topfacemobappandroid OR user_mau.1802.topfacemobappios OR user_mau.1802.topface OR user_mau.1802.standalonetf)",421
"2015-04-01 00:00:00","first_app:topface AND platform:fb","*","3,860"
"2015-04-01 00:00:00","first_app:topface AND platform:fb","_exists_:(user_mau.1501.topfacemobappandroid OR user_mau.1501.topfacemobappios OR user_mau.1501.topface OR user_mau.1501.standalonetf)",0
"2015-04-01 00:00:00","first_app:topface AND platform:fb","_exists_:(user_mau.1502.topfacemobappandroid OR user_mau.1502.topfacemobappios OR user_mau.1502.topface OR user_mau.1502.standalonetf)",0
"2015-04-01 00:00:00","first_app:topface AND platform:fb","_exists_:(user_mau.1503.topfacemobappandroid OR user_mau.1503.topfacemobappios OR user_mau.1503.topface OR user_mau.1503.standalonetf)",0
"2015-04-01 00:00:00","first_app:topface AND platform:fb","_exists_:(user_mau.1504.topfacemobappandroid OR user_mau.1504.topfacemobappios OR user_mau.1504.topface OR user_mau.1504.standalonetf)","3,219"
"2015-04-01 00:00:00","first_app:topface AND platform:fb","_exists_:(user_mau.1505.topfacemobappandroid OR user_mau.1505.topfacemobappios OR user_mau.1505.topface OR user_mau.1505.standalonetf)","1,624"
"2015-04-01 00:00:00","first_app:topface AND platform:fb","_exists_:(user_mau.1506.topfacemobappandroid OR user_mau.1506.topfacemobappios OR user_mau.1506.topface OR user_mau.1506.standalonetf)",707
"2015-04-01 00:00:00","first_app:topface AND platform:fb","_exists_:(user_mau.1507.topfacemobappandroid OR user_mau.1507.topfacemobappios OR user_mau.1507.topface OR user_mau.1507.standalonetf)",410
"2015-04-01 00:00:00","first_app:topface AND platform:fb","_exists_:(user_mau.1508.topfacemobappandroid OR user_mau.1508.topfacemobappios OR user_mau.1508.topface OR user_mau.1508.standalonetf)",315
"2015-04-01 00:00:00","first_app:topface AND platform:fb","_exists_:(user_mau.1509.topfacemobappandroid OR user_mau.1509.topfacemobappios OR user_mau.1509.topface OR user_mau.1509.standalonetf)",253
"2015-04-01 00:00:00","first_app:topface AND platform:fb","_exists_:(user_mau.1510.topfacemobappandroid OR user_mau.1510.topfacemobappios OR user_mau.1510.topface OR user_mau.1510.standalonetf)",297
"2015-04-01 00:00:00","first_app:topface AND platform:fb","_exists_:(user_mau.1511.topfacemobappandroid OR user_mau.1511.topfacemobappios OR user_mau.1511.topface OR user_mau.1511.standalonetf)",254
"2015-04-01 00:00:00","first_app:topface AND platform:fb","_exists_:(user_mau.1512.topfacemobappandroid OR user_mau.1512.topfacemobappios OR user_mau.1512.topface OR user_mau.1512.standalonetf)",177
"2015-04-01 00:00:00","first_app:topface AND platform:fb","_exists_:(user_mau.1601.topfacemobappandroid OR user_mau.1601.topfacemobappios OR user_mau.1601.topface OR user_mau.1601.standalonetf)",409
"2015-04-01 00:00:00","first_app:topface AND platform:fb","_exists_:(user_mau.1602.topfacemobappandroid OR user_mau.1602.topfacemobappios OR user_mau.1602.topface OR user_mau.1602.standalonetf)",335
"2015-04-01 00:00:00","first_app:topface AND platform:fb","_exists_:(user_mau.1603.topfacemobappandroid OR user_mau.1603.topfacemobappios OR user_mau.1603.topface OR user_mau.1603.standalonetf)",288
"2015-04-01 00:00:00","first_app:topface AND platform:fb","_exists_:(user_mau.1604.topfacemobappandroid OR user_mau.1604.topfacemobappios OR user_mau.1604.topface OR user_mau.1604.standalonetf)",235
"2015-04-01 00:00:00","first_app:topface AND platform:fb","_exists_:(user_mau.1605.topfacemobappandroid OR user_mau.1605.topfacemobappios OR user_mau.1605.topface OR user_mau.1605.standalonetf)",197
"2015-04-01 00:00:00","first_app:topface AND platform:fb","_exists_:(user_mau.1606.topfacemobappandroid OR user_mau.1606.topfacemobappios OR user_mau.1606.topface OR user_mau.1606.standalonetf)",165
"2015-04-01 00:00:00","first_app:topface AND platform:fb","_exists_:(user_mau.1607.topfacemobappandroid OR user_mau.1607.topfacemobappios OR user_mau.1607.topface OR user_mau.1607.standalonetf)",171
"2015-04-01 00:00:00","first_app:topface AND platform:fb","_exists_:(user_mau.1608.topfacemobappandroid OR user_mau.1608.topfacemobappios OR user_mau.1608.topface OR user_mau.1608.standalonetf)",196
"2015-04-01 00:00:00","first_app:topface AND platform:fb","_exists_:(user_mau.1609.topfacemobappandroid OR user_mau.1609.topfacemobappios OR user_mau.1609.topface OR user_mau.1609.standalonetf)",134
"2015-04-01 00:00:00","first_app:topface AND platform:fb","_exists_:(user_mau.1610.topfacemobappandroid OR user_mau.1610.topfacemobappios OR user_mau.1610.topface OR user_mau.1610.standalonetf)",185
"2015-04-01 00:00:00","first_app:topface AND platform:fb","_exists_:(user_mau.1611.topfacemobappandroid OR user_mau.1611.topfacemobappios OR user_mau.1611.topface OR user_mau.1611.standalonetf)",104
"2015-04-01 00:00:00","first_app:topface AND platform:fb","_exists_:(user_mau.1612.topfacemobappandroid OR user_mau.1612.topfacemobappios OR user_mau.1612.topface OR user_mau.1612.standalonetf)",80
"2015-04-01 00:00:00","first_app:topface AND platform:fb","_exists_:(user_mau.1701.topfacemobappandroid OR user_mau.1701.topfacemobappios OR user_mau.1701.topface OR user_mau.1701.standalonetf)",71
"2015-04-01 00:00:00","first_app:topface AND platform:fb","_exists_:(user_mau.1702.topfacemobappandroid OR user_mau.1702.topfacemobappios OR user_mau.1702.topface OR user_mau.1702.standalonetf)",108
"2015-04-01 00:00:00","first_app:topface AND platform:fb","_exists_:(user_mau.1703.topfacemobappandroid OR user_mau.1703.topfacemobappios OR user_mau.1703.topface OR user_mau.1703.standalonetf)",71
"2015-04-01 00:00:00","first_app:topface AND platform:fb","_exists_:(user_mau.1704.topfacemobappandroid OR user_mau.1704.topfacemobappios OR user_mau.1704.topface OR user_mau.1704.standalonetf)",96
"2015-04-01 00:00:00","first_app:topface AND platform:fb","_exists_:(user_mau.1705.topfacemobappandroid OR user_mau.1705.topfacemobappios OR user_mau.1705.topface OR user_mau.1705.standalonetf)",102
"2015-04-01 00:00:00","first_app:topface AND platform:fb","_exists_:(user_mau.1706.topfacemobappandroid OR user_mau.1706.topfacemobappios OR user_mau.1706.topface OR user_mau.1706.standalonetf)",96
"2015-04-01 00:00:00","first_app:topface AND platform:fb","_exists_:(user_mau.1707.topfacemobappandroid OR user_mau.1707.topfacemobappios OR user_mau.1707.topface OR user_mau.1707.standalonetf)",91
"2015-04-01 00:00:00","first_app:topface AND platform:fb","_exists_:(user_mau.1708.topfacemobappandroid OR user_mau.1708.topfacemobappios OR user_mau.1708.topface OR user_mau.1708.standalonetf)",96
"2015-04-01 00:00:00","first_app:topface AND platform:fb","_exists_:(user_mau.1709.topfacemobappandroid OR user_mau.1709.topfacemobappios OR user_mau.1709.topface OR user_mau.1709.standalonetf)",102
"2015-04-01 00:00:00","first_app:topface AND platform:fb","_exists_:(user_mau.1710.topfacemobappandroid OR user_mau.1710.topfacemobappios OR user_mau.1710.topface OR user_mau.1710.standalonetf)",92
"2015-04-01 00:00:00","first_app:topface AND platform:fb","_exists_:(user_mau.1711.topfacemobappandroid OR user_mau.1711.topfacemobappios OR user_mau.1711.topface OR user_mau.1711.standalonetf)",94
"2015-04-01 00:00:00","first_app:topface AND platform:fb","_exists_:(user_mau.1712.topfacemobappandroid OR user_mau.1712.topfacemobappios OR user_mau.1712.topface OR user_mau.1712.standalonetf)",79
"2015-04-01 00:00:00","first_app:topface AND platform:fb","_exists_:(user_mau.1801.topfacemobappandroid OR user_mau.1801.topfacemobappios OR user_mau.1801.topface OR user_mau.1801.standalonetf)",74
"2015-04-01 00:00:00","first_app:topface AND platform:fb","_exists_:(user_mau.1802.topfacemobappandroid OR user_mau.1802.topfacemobappios OR user_mau.1802.topface OR user_mau.1802.standalonetf)",53
"2015-05-01 00:00:00","first_app:topfacemobappandroid","*",46
"2015-05-01 00:00:00","first_app:topfacemobappandroid","_exists_:(user_mau.1501.topfacemobappandroid OR user_mau.1501.topfacemobappios OR user_mau.1501.topface OR user_mau.1501.standalonetf)",0
"2015-05-01 00:00:00","first_app:topfacemobappandroid","_exists_:(user_mau.1502.topfacemobappandroid OR user_mau.1502.topfacemobappios OR user_mau.1502.topface OR user_mau.1502.standalonetf)",0
"2015-05-01 00:00:00","first_app:topfacemobappandroid","_exists_:(user_mau.1503.topfacemobappandroid OR user_mau.1503.topfacemobappios OR user_mau.1503.topface OR user_mau.1503.standalonetf)",0
"2015-05-01 00:00:00","first_app:topfacemobappandroid","_exists_:(user_mau.1504.topfacemobappandroid OR user_mau.1504.topfacemobappios OR user_mau.1504.topface OR user_mau.1504.standalonetf)",0
"2015-05-01 00:00:00","first_app:topfacemobappandroid","_exists_:(user_mau.1505.topfacemobappandroid OR user_mau.1505.topfacemobappios OR user_mau.1505.topface OR user_mau.1505.standalonetf)",38
"2015-05-01 00:00:00","first_app:topfacemobappandroid","_exists_:(user_mau.1506.topfacemobappandroid OR user_mau.1506.topfacemobappios OR user_mau.1506.topface OR user_mau.1506.standalonetf)",20
"2015-05-01 00:00:00","first_app:topfacemobappandroid","_exists_:(user_mau.1507.topfacemobappandroid OR user_mau.1507.topfacemobappios OR user_mau.1507.topface OR user_mau.1507.standalonetf)",11
"2015-05-01 00:00:00","first_app:topfacemobappandroid","_exists_:(user_mau.1508.topfacemobappandroid OR user_mau.1508.topfacemobappios OR user_mau.1508.topface OR user_mau.1508.standalonetf)",5
"2015-05-01 00:00:00","first_app:topfacemobappandroid","_exists_:(user_mau.1509.topfacemobappandroid OR user_mau.1509.topfacemobappios OR user_mau.1509.topface OR user_mau.1509.standalonetf)",5
"2015-05-01 00:00:00","first_app:topfacemobappandroid","_exists_:(user_mau.1510.topfacemobappandroid OR user_mau.1510.topfacemobappios OR user_mau.1510.topface OR user_mau.1510.standalonetf)",0
"2015-05-01 00:00:00","first_app:topfacemobappandroid","_exists_:(user_mau.1511.topfacemobappandroid OR user_mau.1511.topfacemobappios OR user_mau.1511.topface OR user_mau.1511.standalonetf)",1
"2015-05-01 00:00:00","first_app:topfacemobappandroid","_exists_:(user_mau.1512.topfacemobappandroid OR user_mau.1512.topfacemobappios OR user_mau.1512.topface OR user_mau.1512.standalonetf)",0
"2015-05-01 00:00:00","first_app:topfacemobappandroid","_exists_:(user_mau.1601.topfacemobappandroid OR user_mau.1601.topfacemobappios OR user_mau.1601.topface OR user_mau.1601.standalonetf)",6
"2015-05-01 00:00:00","first_app:topfacemobappandroid","_exists_:(user_mau.1602.topfacemobappandroid OR user_mau.1602.topfacemobappios OR user_mau.1602.topface OR user_mau.1602.standalonetf)",5
"2015-05-01 00:00:00","first_app:topfacemobappandroid","_exists_:(user_mau.1603.topfacemobappandroid OR user_mau.1603.topfacemobappios OR user_mau.1603.topface OR user_mau.1603.standalonetf)",4
"2015-05-01 00:00:00","first_app:topfacemobappandroid","_exists_:(user_mau.1604.topfacemobappandroid OR user_mau.1604.topfacemobappios OR user_mau.1604.topface OR user_mau.1604.standalonetf)",5
"2015-05-01 00:00:00","first_app:topfacemobappandroid","_exists_:(user_mau.1605.topfacemobappandroid OR user_mau.1605.topfacemobappios OR user_mau.1605.topface OR user_mau.1605.standalonetf)",3
"2015-05-01 00:00:00","first_app:topfacemobappandroid","_exists_:(user_mau.1606.topfacemobappandroid OR user_mau.1606.topfacemobappios OR user_mau.1606.topface OR user_mau.1606.standalonetf)",1
"2015-05-01 00:00:00","first_app:topfacemobappandroid","_exists_:(user_mau.1607.topfacemobappandroid OR user_mau.1607.topfacemobappios OR user_mau.1607.topface OR user_mau.1607.standalonetf)",1
"2015-05-01 00:00:00","first_app:topfacemobappandroid","_exists_:(user_mau.1608.topfacemobappandroid OR user_mau.1608.topfacemobappios OR user_mau.1608.topface OR user_mau.1608.standalonetf)",0
"2015-05-01 00:00:00","first_app:topfacemobappandroid","_exists_:(user_mau.1609.topfacemobappandroid OR user_mau.1609.topfacemobappios OR user_mau.1609.topface OR user_mau.1609.standalonetf)",2
"2015-05-01 00:00:00","first_app:topfacemobappandroid","_exists_:(user_mau.1610.topfacemobappandroid OR user_mau.1610.topfacemobappios OR user_mau.1610.topface OR user_mau.1610.standalonetf)",1
"2015-05-01 00:00:00","first_app:topfacemobappandroid","_exists_:(user_mau.1611.topfacemobappandroid OR user_mau.1611.topfacemobappios OR user_mau.1611.topface OR user_mau.1611.standalonetf)",1
"2015-05-01 00:00:00","first_app:topfacemobappandroid","_exists_:(user_mau.1612.topfacemobappandroid OR user_mau.1612.topfacemobappios OR user_mau.1612.topface OR user_mau.1612.standalonetf)",1
"2015-05-01 00:00:00","first_app:topfacemobappandroid","_exists_:(user_mau.1701.topfacemobappandroid OR user_mau.1701.topfacemobappios OR user_mau.1701.topface OR user_mau.1701.standalonetf)",1
"2015-05-01 00:00:00","first_app:topfacemobappandroid","_exists_:(user_mau.1702.topfacemobappandroid OR user_mau.1702.topfacemobappios OR user_mau.1702.topface OR user_mau.1702.standalonetf)",2
"2015-05-01 00:00:00","first_app:topfacemobappandroid","_exists_:(user_mau.1703.topfacemobappandroid OR user_mau.1703.topfacemobappios OR user_mau.1703.topface OR user_mau.1703.standalonetf)",1
"2015-05-01 00:00:00","first_app:topfacemobappandroid","_exists_:(user_mau.1704.topfacemobappandroid OR user_mau.1704.topfacemobappios OR user_mau.1704.topface OR user_mau.1704.standalonetf)",1
"2015-05-01 00:00:00","first_app:topfacemobappandroid","_exists_:(user_mau.1705.topfacemobappandroid OR user_mau.1705.topfacemobappios OR user_mau.1705.topface OR user_mau.1705.standalonetf)",1
"2015-05-01 00:00:00","first_app:topfacemobappandroid","_exists_:(user_mau.1706.topfacemobappandroid OR user_mau.1706.topfacemobappios OR user_mau.1706.topface OR user_mau.1706.standalonetf)",1
"2015-05-01 00:00:00","first_app:topfacemobappandroid","_exists_:(user_mau.1707.topfacemobappandroid OR user_mau.1707.topfacemobappios OR user_mau.1707.topface OR user_mau.1707.standalonetf)",1
"2015-05-01 00:00:00","first_app:topfacemobappandroid","_exists_:(user_mau.1708.topfacemobappandroid OR user_mau.1708.topfacemobappios OR user_mau.1708.topface OR user_mau.1708.standalonetf)",1
"2015-05-01 00:00:00","first_app:topfacemobappandroid","_exists_:(user_mau.1709.topfacemobappandroid OR user_mau.1709.topfacemobappios OR user_mau.1709.topface OR user_mau.1709.standalonetf)",1
"2015-05-01 00:00:00","first_app:topfacemobappandroid","_exists_:(user_mau.1710.topfacemobappandroid OR user_mau.1710.topfacemobappios OR user_mau.1710.topface OR user_mau.1710.standalonetf)",1
"2015-05-01 00:00:00","first_app:topfacemobappandroid","_exists_:(user_mau.1711.topfacemobappandroid OR user_mau.1711.topfacemobappios OR user_mau.1711.topface OR user_mau.1711.standalonetf)",1
"2015-05-01 00:00:00","first_app:topfacemobappandroid","_exists_:(user_mau.1712.topfacemobappandroid OR user_mau.1712.topfacemobappios OR user_mau.1712.topface OR user_mau.1712.standalonetf)",1
"2015-05-01 00:00:00","first_app:topfacemobappandroid","_exists_:(user_mau.1801.topfacemobappandroid OR user_mau.1801.topfacemobappios OR user_mau.1801.topface OR user_mau.1801.standalonetf)",1
"2015-05-01 00:00:00","first_app:topfacemobappandroid","_exists_:(user_mau.1802.topfacemobappandroid OR user_mau.1802.topfacemobappios OR user_mau.1802.topface OR user_mau.1802.standalonetf)",0
"2015-05-01 00:00:00","first_app:topfacemobappios","*",75
"2015-05-01 00:00:00","first_app:topfacemobappios","_exists_:(user_mau.1501.topfacemobappandroid OR user_mau.1501.topfacemobappios OR user_mau.1501.topface OR user_mau.1501.standalonetf)",0
"2015-05-01 00:00:00","first_app:topfacemobappios","_exists_:(user_mau.1502.topfacemobappandroid OR user_mau.1502.topfacemobappios OR user_mau.1502.topface OR user_mau.1502.standalonetf)",0
"2015-05-01 00:00:00","first_app:topfacemobappios","_exists_:(user_mau.1503.topfacemobappandroid OR user_mau.1503.topfacemobappios OR user_mau.1503.topface OR user_mau.1503.standalonetf)",0
"2015-05-01 00:00:00","first_app:topfacemobappios","_exists_:(user_mau.1504.topfacemobappandroid OR user_mau.1504.topfacemobappios OR user_mau.1504.topface OR user_mau.1504.standalonetf)",1
"2015-05-01 00:00:00","first_app:topfacemobappios","_exists_:(user_mau.1505.topfacemobappandroid OR user_mau.1505.topfacemobappios OR user_mau.1505.topface OR user_mau.1505.standalonetf)",64
"2015-05-01 00:00:00","first_app:topfacemobappios","_exists_:(user_mau.1506.topfacemobappandroid OR user_mau.1506.topfacemobappios OR user_mau.1506.topface OR user_mau.1506.standalonetf)",31
"2015-05-01 00:00:00","first_app:topfacemobappios","_exists_:(user_mau.1507.topfacemobappandroid OR user_mau.1507.topfacemobappios OR user_mau.1507.topface OR user_mau.1507.standalonetf)",20
"2015-05-01 00:00:00","first_app:topfacemobappios","_exists_:(user_mau.1508.topfacemobappandroid OR user_mau.1508.topfacemobappios OR user_mau.1508.topface OR user_mau.1508.standalonetf)",15
"2015-05-01 00:00:00","first_app:topfacemobappios","_exists_:(user_mau.1509.topfacemobappandroid OR user_mau.1509.topfacemobappios OR user_mau.1509.topface OR user_mau.1509.standalonetf)",9
"2015-05-01 00:00:00","first_app:topfacemobappios","_exists_:(user_mau.1510.topfacemobappandroid OR user_mau.1510.topfacemobappios OR user_mau.1510.topface OR user_mau.1510.standalonetf)",7
"2015-05-01 00:00:00","first_app:topfacemobappios","_exists_:(user_mau.1511.topfacemobappandroid OR user_mau.1511.topfacemobappios OR user_mau.1511.topface OR user_mau.1511.standalonetf)",5
"2015-05-01 00:00:00","first_app:topfacemobappios","_exists_:(user_mau.1512.topfacemobappandroid OR user_mau.1512.topfacemobappios OR user_mau.1512.topface OR user_mau.1512.standalonetf)",2
"2015-05-01 00:00:00","first_app:topfacemobappios","_exists_:(user_mau.1601.topfacemobappandroid OR user_mau.1601.topfacemobappios OR user_mau.1601.topface OR user_mau.1601.standalonetf)",9
"2015-05-01 00:00:00","first_app:topfacemobappios","_exists_:(user_mau.1602.topfacemobappandroid OR user_mau.1602.topfacemobappios OR user_mau.1602.topface OR user_mau.1602.standalonetf)",8
"2015-05-01 00:00:00","first_app:topfacemobappios","_exists_:(user_mau.1603.topfacemobappandroid OR user_mau.1603.topfacemobappios OR user_mau.1603.topface OR user_mau.1603.standalonetf)",4
"2015-05-01 00:00:00","first_app:topfacemobappios","_exists_:(user_mau.1604.topfacemobappandroid OR user_mau.1604.topfacemobappios OR user_mau.1604.topface OR user_mau.1604.standalonetf)",3
"2015-05-01 00:00:00","first_app:topfacemobappios","_exists_:(user_mau.1605.topfacemobappandroid OR user_mau.1605.topfacemobappios OR user_mau.1605.topface OR user_mau.1605.standalonetf)",3
"2015-05-01 00:00:00","first_app:topfacemobappios","_exists_:(user_mau.1606.topfacemobappandroid OR user_mau.1606.topfacemobappios OR user_mau.1606.topface OR user_mau.1606.standalonetf)",3
"2015-05-01 00:00:00","first_app:topfacemobappios","_exists_:(user_mau.1607.topfacemobappandroid OR user_mau.1607.topfacemobappios OR user_mau.1607.topface OR user_mau.1607.standalonetf)",3
"2015-05-01 00:00:00","first_app:topfacemobappios","_exists_:(user_mau.1608.topfacemobappandroid OR user_mau.1608.topfacemobappios OR user_mau.1608.topface OR user_mau.1608.standalonetf)",2
"2015-05-01 00:00:00","first_app:topfacemobappios","_exists_:(user_mau.1609.topfacemobappandroid OR user_mau.1609.topfacemobappios OR user_mau.1609.topface OR user_mau.1609.standalonetf)",1
"2015-05-01 00:00:00","first_app:topfacemobappios","_exists_:(user_mau.1610.topfacemobappandroid OR user_mau.1610.topfacemobappios OR user_mau.1610.topface OR user_mau.1610.standalonetf)",3
"2015-05-01 00:00:00","first_app:topfacemobappios","_exists_:(user_mau.1611.topfacemobappandroid OR user_mau.1611.topfacemobappios OR user_mau.1611.topface OR user_mau.1611.standalonetf)",2
"2015-05-01 00:00:00","first_app:topfacemobappios","_exists_:(user_mau.1612.topfacemobappandroid OR user_mau.1612.topfacemobappios OR user_mau.1612.topface OR user_mau.1612.standalonetf)",1
"2015-05-01 00:00:00","first_app:topfacemobappios","_exists_:(user_mau.1701.topfacemobappandroid OR user_mau.1701.topfacemobappios OR user_mau.1701.topface OR user_mau.1701.standalonetf)",0
"2015-05-01 00:00:00","first_app:topfacemobappios","_exists_:(user_mau.1702.topfacemobappandroid OR user_mau.1702.topfacemobappios OR user_mau.1702.topface OR user_mau.1702.standalonetf)",0
"2015-05-01 00:00:00","first_app:topfacemobappios","_exists_:(user_mau.1703.topfacemobappandroid OR user_mau.1703.topfacemobappios OR user_mau.1703.topface OR user_mau.1703.standalonetf)",0
"2015-05-01 00:00:00","first_app:topfacemobappios","_exists_:(user_mau.1704.topfacemobappandroid OR user_mau.1704.topfacemobappios OR user_mau.1704.topface OR user_mau.1704.standalonetf)",1
"2015-05-01 00:00:00","first_app:topfacemobappios","_exists_:(user_mau.1705.topfacemobappandroid OR user_mau.1705.topfacemobappios OR user_mau.1705.topface OR user_mau.1705.standalonetf)",0
"2015-05-01 00:00:00","first_app:topfacemobappios","_exists_:(user_mau.1706.topfacemobappandroid OR user_mau.1706.topfacemobappios OR user_mau.1706.topface OR user_mau.1706.standalonetf)",4
"2015-05-01 00:00:00","first_app:topfacemobappios","_exists_:(user_mau.1707.topfacemobappandroid OR user_mau.1707.topfacemobappios OR user_mau.1707.topface OR user_mau.1707.standalonetf)",1
"2015-05-01 00:00:00","first_app:topfacemobappios","_exists_:(user_mau.1708.topfacemobappandroid OR user_mau.1708.topfacemobappios OR user_mau.1708.topface OR user_mau.1708.standalonetf)",0
"2015-05-01 00:00:00","first_app:topfacemobappios","_exists_:(user_mau.1709.topfacemobappandroid OR user_mau.1709.topfacemobappios OR user_mau.1709.topface OR user_mau.1709.standalonetf)",1
"2015-05-01 00:00:00","first_app:topfacemobappios","_exists_:(user_mau.1710.topfacemobappandroid OR user_mau.1710.topfacemobappios OR user_mau.1710.topface OR user_mau.1710.standalonetf)",0
"2015-05-01 00:00:00","first_app:topfacemobappios","_exists_:(user_mau.1711.topfacemobappandroid OR user_mau.1711.topfacemobappios OR user_mau.1711.topface OR user_mau.1711.standalonetf)",0
"2015-05-01 00:00:00","first_app:topfacemobappios","_exists_:(user_mau.1712.topfacemobappandroid OR user_mau.1712.topfacemobappios OR user_mau.1712.topface OR user_mau.1712.standalonetf)",0
"2015-05-01 00:00:00","first_app:topfacemobappios","_exists_:(user_mau.1801.topfacemobappandroid OR user_mau.1801.topfacemobappios OR user_mau.1801.topface OR user_mau.1801.standalonetf)",0
"2015-05-01 00:00:00","first_app:topfacemobappios","_exists_:(user_mau.1802.topfacemobappandroid OR user_mau.1802.topfacemobappios OR user_mau.1802.topface OR user_mau.1802.standalonetf)",1
"2015-05-01 00:00:00","first_app:standalonetf","*","2,463"
"2015-05-01 00:00:00","first_app:standalonetf","_exists_:(user_mau.1501.topfacemobappandroid OR user_mau.1501.topfacemobappios OR user_mau.1501.topface OR user_mau.1501.standalonetf)",0
"2015-05-01 00:00:00","first_app:standalonetf","_exists_:(user_mau.1502.topfacemobappandroid OR user_mau.1502.topfacemobappios OR user_mau.1502.topface OR user_mau.1502.standalonetf)",0
"2015-05-01 00:00:00","first_app:standalonetf","_exists_:(user_mau.1503.topfacemobappandroid OR user_mau.1503.topfacemobappios OR user_mau.1503.topface OR user_mau.1503.standalonetf)",0
"2015-05-01 00:00:00","first_app:standalonetf","_exists_:(user_mau.1504.topfacemobappandroid OR user_mau.1504.topfacemobappios OR user_mau.1504.topface OR user_mau.1504.standalonetf)",14
"2015-05-01 00:00:00","first_app:standalonetf","_exists_:(user_mau.1505.topfacemobappandroid OR user_mau.1505.topfacemobappios OR user_mau.1505.topface OR user_mau.1505.standalonetf)","1,489"
"2015-05-01 00:00:00","first_app:standalonetf","_exists_:(user_mau.1506.topfacemobappandroid OR user_mau.1506.topfacemobappios OR user_mau.1506.topface OR user_mau.1506.standalonetf)",699
"2015-05-01 00:00:00","first_app:standalonetf","_exists_:(user_mau.1507.topfacemobappandroid OR user_mau.1507.topfacemobappios OR user_mau.1507.topface OR user_mau.1507.standalonetf)",543
"2015-05-01 00:00:00","first_app:standalonetf","_exists_:(user_mau.1508.topfacemobappandroid OR user_mau.1508.topfacemobappios OR user_mau.1508.topface OR user_mau.1508.standalonetf)",442
"2015-05-01 00:00:00","first_app:standalonetf","_exists_:(user_mau.1509.topfacemobappandroid OR user_mau.1509.topfacemobappios OR user_mau.1509.topface OR user_mau.1509.standalonetf)",347
"2015-05-01 00:00:00","first_app:standalonetf","_exists_:(user_mau.1510.topfacemobappandroid OR user_mau.1510.topfacemobappios OR user_mau.1510.topface OR user_mau.1510.standalonetf)",267
"2015-05-01 00:00:00","first_app:standalonetf","_exists_:(user_mau.1511.topfacemobappandroid OR user_mau.1511.topfacemobappios OR user_mau.1511.topface OR user_mau.1511.standalonetf)",250
"2015-05-01 00:00:00","first_app:standalonetf","_exists_:(user_mau.1512.topfacemobappandroid OR user_mau.1512.topfacemobappios OR user_mau.1512.topface OR user_mau.1512.standalonetf)",117
"2015-05-01 00:00:00","first_app:standalonetf","_exists_:(user_mau.1601.topfacemobappandroid OR user_mau.1601.topfacemobappios OR user_mau.1601.topface OR user_mau.1601.standalonetf)",498
"2015-05-01 00:00:00","first_app:standalonetf","_exists_:(user_mau.1602.topfacemobappandroid OR user_mau.1602.topfacemobappios OR user_mau.1602.topface OR user_mau.1602.standalonetf)",426
"2015-05-01 00:00:00","first_app:standalonetf","_exists_:(user_mau.1603.topfacemobappandroid OR user_mau.1603.topfacemobappios OR user_mau.1603.topface OR user_mau.1603.standalonetf)",360
"2015-05-01 00:00:00","first_app:standalonetf","_exists_:(user_mau.1604.topfacemobappandroid OR user_mau.1604.topfacemobappios OR user_mau.1604.topface OR user_mau.1604.standalonetf)",331
"2015-05-01 00:00:00","first_app:standalonetf","_exists_:(user_mau.1605.topfacemobappandroid OR user_mau.1605.topfacemobappios OR user_mau.1605.topface OR user_mau.1605.standalonetf)",288
"2015-05-01 00:00:00","first_app:standalonetf","_exists_:(user_mau.1606.topfacemobappandroid OR user_mau.1606.topfacemobappios OR user_mau.1606.topface OR user_mau.1606.standalonetf)",264
"2015-05-01 00:00:00","first_app:standalonetf","_exists_:(user_mau.1607.topfacemobappandroid OR user_mau.1607.topfacemobappios OR user_mau.1607.topface OR user_mau.1607.standalonetf)",252
"2015-05-01 00:00:00","first_app:standalonetf","_exists_:(user_mau.1608.topfacemobappandroid OR user_mau.1608.topfacemobappios OR user_mau.1608.topface OR user_mau.1608.standalonetf)",226
"2015-05-01 00:00:00","first_app:standalonetf","_exists_:(user_mau.1609.topfacemobappandroid OR user_mau.1609.topfacemobappios OR user_mau.1609.topface OR user_mau.1609.standalonetf)",211
"2015-05-01 00:00:00","first_app:standalonetf","_exists_:(user_mau.1610.topfacemobappandroid OR user_mau.1610.topfacemobappios OR user_mau.1610.topface OR user_mau.1610.standalonetf)",205
"2015-05-01 00:00:00","first_app:standalonetf","_exists_:(user_mau.1611.topfacemobappandroid OR user_mau.1611.topfacemobappios OR user_mau.1611.topface OR user_mau.1611.standalonetf)",195
"2015-05-01 00:00:00","first_app:standalonetf","_exists_:(user_mau.1612.topfacemobappandroid OR user_mau.1612.topfacemobappios OR user_mau.1612.topface OR user_mau.1612.standalonetf)",162
"2015-05-01 00:00:00","first_app:standalonetf","_exists_:(user_mau.1701.topfacemobappandroid OR user_mau.1701.topfacemobappios OR user_mau.1701.topface OR user_mau.1701.standalonetf)",169
"2015-05-01 00:00:00","first_app:standalonetf","_exists_:(user_mau.1702.topfacemobappandroid OR user_mau.1702.topfacemobappios OR user_mau.1702.topface OR user_mau.1702.standalonetf)",149
"2015-05-01 00:00:00","first_app:standalonetf","_exists_:(user_mau.1703.topfacemobappandroid OR user_mau.1703.topfacemobappios OR user_mau.1703.topface OR user_mau.1703.standalonetf)",146
"2015-05-01 00:00:00","first_app:standalonetf","_exists_:(user_mau.1704.topfacemobappandroid OR user_mau.1704.topfacemobappios OR user_mau.1704.topface OR user_mau.1704.standalonetf)",138
"2015-05-01 00:00:00","first_app:standalonetf","_exists_:(user_mau.1705.topfacemobappandroid OR user_mau.1705.topfacemobappios OR user_mau.1705.topface OR user_mau.1705.standalonetf)",127
"2015-05-01 00:00:00","first_app:standalonetf","_exists_:(user_mau.1706.topfacemobappandroid OR user_mau.1706.topfacemobappios OR user_mau.1706.topface OR user_mau.1706.standalonetf)",117
"2015-05-01 00:00:00","first_app:standalonetf","_exists_:(user_mau.1707.topfacemobappandroid OR user_mau.1707.topfacemobappios OR user_mau.1707.topface OR user_mau.1707.standalonetf)",109
"2015-05-01 00:00:00","first_app:standalonetf","_exists_:(user_mau.1708.topfacemobappandroid OR user_mau.1708.topfacemobappios OR user_mau.1708.topface OR user_mau.1708.standalonetf)",100
"2015-05-01 00:00:00","first_app:standalonetf","_exists_:(user_mau.1709.topfacemobappandroid OR user_mau.1709.topfacemobappios OR user_mau.1709.topface OR user_mau.1709.standalonetf)",103
"2015-05-01 00:00:00","first_app:standalonetf","_exists_:(user_mau.1710.topfacemobappandroid OR user_mau.1710.topfacemobappios OR user_mau.1710.topface OR user_mau.1710.standalonetf)",113
"2015-05-01 00:00:00","first_app:standalonetf","_exists_:(user_mau.1711.topfacemobappandroid OR user_mau.1711.topfacemobappios OR user_mau.1711.topface OR user_mau.1711.standalonetf)",104
"2015-05-01 00:00:00","first_app:standalonetf","_exists_:(user_mau.1712.topfacemobappandroid OR user_mau.1712.topfacemobappios OR user_mau.1712.topface OR user_mau.1712.standalonetf)",96
"2015-05-01 00:00:00","first_app:standalonetf","_exists_:(user_mau.1801.topfacemobappandroid OR user_mau.1801.topfacemobappios OR user_mau.1801.topface OR user_mau.1801.standalonetf)",104
"2015-05-01 00:00:00","first_app:standalonetf","_exists_:(user_mau.1802.topfacemobappandroid OR user_mau.1802.topfacemobappios OR user_mau.1802.topface OR user_mau.1802.standalonetf)",98
"2015-05-01 00:00:00","first_app:topface AND platform:vk","*","20,043"
"2015-05-01 00:00:00","first_app:topface AND platform:vk","_exists_:(user_mau.1501.topfacemobappandroid OR user_mau.1501.topfacemobappios OR user_mau.1501.topface OR user_mau.1501.standalonetf)",0
"2015-05-01 00:00:00","first_app:topface AND platform:vk","_exists_:(user_mau.1502.topfacemobappandroid OR user_mau.1502.topfacemobappios OR user_mau.1502.topface OR user_mau.1502.standalonetf)",0
"2015-05-01 00:00:00","first_app:topface AND platform:vk","_exists_:(user_mau.1503.topfacemobappandroid OR user_mau.1503.topfacemobappios OR user_mau.1503.topface OR user_mau.1503.standalonetf)",0
"2015-05-01 00:00:00","first_app:topface AND platform:vk","_exists_:(user_mau.1504.topfacemobappandroid OR user_mau.1504.topfacemobappios OR user_mau.1504.topface OR user_mau.1504.standalonetf)",69
"2015-05-01 00:00:00","first_app:topface AND platform:vk","_exists_:(user_mau.1505.topfacemobappandroid OR user_mau.1505.topfacemobappios OR user_mau.1505.topface OR user_mau.1505.standalonetf)","15,669"
"2015-05-01 00:00:00","first_app:topface AND platform:vk","_exists_:(user_mau.1506.topfacemobappandroid OR user_mau.1506.topfacemobappios OR user_mau.1506.topface OR user_mau.1506.standalonetf)","5,135"
"2015-05-01 00:00:00","first_app:topface AND platform:vk","_exists_:(user_mau.1507.topfacemobappandroid OR user_mau.1507.topfacemobappios OR user_mau.1507.topface OR user_mau.1507.standalonetf)","3,086"
"2015-05-01 00:00:00","first_app:topface AND platform:vk","_exists_:(user_mau.1508.topfacemobappandroid OR user_mau.1508.topfacemobappios OR user_mau.1508.topface OR user_mau.1508.standalonetf)","2,160"
"2015-05-01 00:00:00","first_app:topface AND platform:vk","_exists_:(user_mau.1509.topfacemobappandroid OR user_mau.1509.topfacemobappios OR user_mau.1509.topface OR user_mau.1509.standalonetf)","1,816"
"2015-05-01 00:00:00","first_app:topface AND platform:vk","_exists_:(user_mau.1510.topfacemobappandroid OR user_mau.1510.topfacemobappios OR user_mau.1510.topface OR user_mau.1510.standalonetf)","1,575"
"2015-05-01 00:00:00","first_app:topface AND platform:vk","_exists_:(user_mau.1511.topfacemobappandroid OR user_mau.1511.topfacemobappios OR user_mau.1511.topface OR user_mau.1511.standalonetf)","1,079"
"2015-05-01 00:00:00","first_app:topface AND platform:vk","_exists_:(user_mau.1512.topfacemobappandroid OR user_mau.1512.topfacemobappios OR user_mau.1512.topface OR user_mau.1512.standalonetf)",708
"2015-05-01 00:00:00","first_app:topface AND platform:vk","_exists_:(user_mau.1601.topfacemobappandroid OR user_mau.1601.topfacemobappios OR user_mau.1601.topface OR user_mau.1601.standalonetf)","2,577"
"2015-05-01 00:00:00","first_app:topface AND platform:vk","_exists_:(user_mau.1602.topfacemobappandroid OR user_mau.1602.topfacemobappios OR user_mau.1602.topface OR user_mau.1602.standalonetf)","2,345"
"2015-05-01 00:00:00","first_app:topface AND platform:vk","_exists_:(user_mau.1603.topfacemobappandroid OR user_mau.1603.topfacemobappios OR user_mau.1603.topface OR user_mau.1603.standalonetf)","2,180"
"2015-05-01 00:00:00","first_app:topface AND platform:vk","_exists_:(user_mau.1604.topfacemobappandroid OR user_mau.1604.topfacemobappios OR user_mau.1604.topface OR user_mau.1604.standalonetf)","1,761"
"2015-05-01 00:00:00","first_app:topface AND platform:vk","_exists_:(user_mau.1605.topfacemobappandroid OR user_mau.1605.topfacemobappios OR user_mau.1605.topface OR user_mau.1605.standalonetf)","1,582"
"2015-05-01 00:00:00","first_app:topface AND platform:vk","_exists_:(user_mau.1606.topfacemobappandroid OR user_mau.1606.topfacemobappios OR user_mau.1606.topface OR user_mau.1606.standalonetf)","1,420"
"2015-05-01 00:00:00","first_app:topface AND platform:vk","_exists_:(user_mau.1607.topfacemobappandroid OR user_mau.1607.topfacemobappios OR user_mau.1607.topface OR user_mau.1607.standalonetf)","1,373"
"2015-05-01 00:00:00","first_app:topface AND platform:vk","_exists_:(user_mau.1608.topfacemobappandroid OR user_mau.1608.topfacemobappios OR user_mau.1608.topface OR user_mau.1608.standalonetf)","1,293"
"2015-05-01 00:00:00","first_app:topface AND platform:vk","_exists_:(user_mau.1609.topfacemobappandroid OR user_mau.1609.topfacemobappios OR user_mau.1609.topface OR user_mau.1609.standalonetf)","1,176"
"2015-05-01 00:00:00","first_app:topface AND platform:vk","_exists_:(user_mau.1610.topfacemobappandroid OR user_mau.1610.topfacemobappios OR user_mau.1610.topface OR user_mau.1610.standalonetf)","1,092"
"2015-05-01 00:00:00","first_app:topface AND platform:vk","_exists_:(user_mau.1611.topfacemobappandroid OR user_mau.1611.topfacemobappios OR user_mau.1611.topface OR user_mau.1611.standalonetf)",893
"2015-05-01 00:00:00","first_app:topface AND platform:vk","_exists_:(user_mau.1612.topfacemobappandroid OR user_mau.1612.topfacemobappios OR user_mau.1612.topface OR user_mau.1612.standalonetf)",832
"2015-05-01 00:00:00","first_app:topface AND platform:vk","_exists_:(user_mau.1701.topfacemobappandroid OR user_mau.1701.topfacemobappios OR user_mau.1701.topface OR user_mau.1701.standalonetf)",833
"2015-05-01 00:00:00","first_app:topface AND platform:vk","_exists_:(user_mau.1702.topfacemobappandroid OR user_mau.1702.topfacemobappios OR user_mau.1702.topface OR user_mau.1702.standalonetf)",759
"2015-05-01 00:00:00","first_app:topface AND platform:vk","_exists_:(user_mau.1703.topfacemobappandroid OR user_mau.1703.topfacemobappios OR user_mau.1703.topface OR user_mau.1703.standalonetf)",702
"2015-05-01 00:00:00","first_app:topface AND platform:vk","_exists_:(user_mau.1704.topfacemobappandroid OR user_mau.1704.topfacemobappios OR user_mau.1704.topface OR user_mau.1704.standalonetf)",669
"2015-05-01 00:00:00","first_app:topface AND platform:vk","_exists_:(user_mau.1705.topfacemobappandroid OR user_mau.1705.topfacemobappios OR user_mau.1705.topface OR user_mau.1705.standalonetf)",656
"2015-05-01 00:00:00","first_app:topface AND platform:vk","_exists_:(user_mau.1706.topfacemobappandroid OR user_mau.1706.topfacemobappios OR user_mau.1706.topface OR user_mau.1706.standalonetf)",598
"2015-05-01 00:00:00","first_app:topface AND platform:vk","_exists_:(user_mau.1707.topfacemobappandroid OR user_mau.1707.topfacemobappios OR user_mau.1707.topface OR user_mau.1707.standalonetf)",529
"2015-05-01 00:00:00","first_app:topface AND platform:vk","_exists_:(user_mau.1708.topfacemobappandroid OR user_mau.1708.topfacemobappios OR user_mau.1708.topface OR user_mau.1708.standalonetf)",535
"2015-05-01 00:00:00","first_app:topface AND platform:vk","_exists_:(user_mau.1709.topfacemobappandroid OR user_mau.1709.topfacemobappios OR user_mau.1709.topface OR user_mau.1709.standalonetf)",541
"2015-05-01 00:00:00","first_app:topface AND platform:vk","_exists_:(user_mau.1710.topfacemobappandroid OR user_mau.1710.topfacemobappios OR user_mau.1710.topface OR user_mau.1710.standalonetf)",555
"2015-05-01 00:00:00","first_app:topface AND platform:vk","_exists_:(user_mau.1711.topfacemobappandroid OR user_mau.1711.topfacemobappios OR user_mau.1711.topface OR user_mau.1711.standalonetf)",516
"2015-05-01 00:00:00","first_app:topface AND platform:vk","_exists_:(user_mau.1712.topfacemobappandroid OR user_mau.1712.topfacemobappios OR user_mau.1712.topface OR user_mau.1712.standalonetf)",448
"2015-05-01 00:00:00","first_app:topface AND platform:vk","_exists_:(user_mau.1801.topfacemobappandroid OR user_mau.1801.topfacemobappios OR user_mau.1801.topface OR user_mau.1801.standalonetf)",452
"2015-05-01 00:00:00","first_app:topface AND platform:vk","_exists_:(user_mau.1802.topfacemobappandroid OR user_mau.1802.topfacemobappios OR user_mau.1802.topface OR user_mau.1802.standalonetf)",427
"2015-05-01 00:00:00","first_app:topface AND platform:ok","*","21,959"
"2015-05-01 00:00:00","first_app:topface AND platform:ok","_exists_:(user_mau.1501.topfacemobappandroid OR user_mau.1501.topfacemobappios OR user_mau.1501.topface OR user_mau.1501.standalonetf)",0
"2015-05-01 00:00:00","first_app:topface AND platform:ok","_exists_:(user_mau.1502.topfacemobappandroid OR user_mau.1502.topfacemobappios OR user_mau.1502.topface OR user_mau.1502.standalonetf)",0
"2015-05-01 00:00:00","first_app:topface AND platform:ok","_exists_:(user_mau.1503.topfacemobappandroid OR user_mau.1503.topfacemobappios OR user_mau.1503.topface OR user_mau.1503.standalonetf)",0
"2015-05-01 00:00:00","first_app:topface AND platform:ok","_exists_:(user_mau.1504.topfacemobappandroid OR user_mau.1504.topfacemobappios OR user_mau.1504.topface OR user_mau.1504.standalonetf)",1
"2015-05-01 00:00:00","first_app:topface AND platform:ok","_exists_:(user_mau.1505.topfacemobappandroid OR user_mau.1505.topfacemobappios OR user_mau.1505.topface OR user_mau.1505.standalonetf)","19,716"
"2015-05-01 00:00:00","first_app:topface AND platform:ok","_exists_:(user_mau.1506.topfacemobappandroid OR user_mau.1506.topfacemobappios OR user_mau.1506.topface OR user_mau.1506.standalonetf)","4,143"
"2015-05-01 00:00:00","first_app:topface AND platform:ok","_exists_:(user_mau.1507.topfacemobappandroid OR user_mau.1507.topfacemobappios OR user_mau.1507.topface OR user_mau.1507.standalonetf)","1,769"
"2015-05-01 00:00:00","first_app:topface AND platform:ok","_exists_:(user_mau.1508.topfacemobappandroid OR user_mau.1508.topfacemobappios OR user_mau.1508.topface OR user_mau.1508.standalonetf)","2,294"
"2015-05-01 00:00:00","first_app:topface AND platform:ok","_exists_:(user_mau.1509.topfacemobappandroid OR user_mau.1509.topfacemobappios OR user_mau.1509.topface OR user_mau.1509.standalonetf)","2,347"
"2015-05-01 00:00:00","first_app:topface AND platform:ok","_exists_:(user_mau.1510.topfacemobappandroid OR user_mau.1510.topfacemobappios OR user_mau.1510.topface OR user_mau.1510.standalonetf)",924
"2015-05-01 00:00:00","first_app:topface AND platform:ok","_exists_:(user_mau.1511.topfacemobappandroid OR user_mau.1511.topfacemobappios OR user_mau.1511.topface OR user_mau.1511.standalonetf)",849
"2015-05-01 00:00:00","first_app:topface AND platform:ok","_exists_:(user_mau.1512.topfacemobappandroid OR user_mau.1512.topfacemobappios OR user_mau.1512.topface OR user_mau.1512.standalonetf)",663
"2015-05-01 00:00:00","first_app:topface AND platform:ok","_exists_:(user_mau.1601.topfacemobappandroid OR user_mau.1601.topfacemobappios OR user_mau.1601.topface OR user_mau.1601.standalonetf)","1,232"
"2015-05-01 00:00:00","first_app:topface AND platform:ok","_exists_:(user_mau.1602.topfacemobappandroid OR user_mau.1602.topfacemobappios OR user_mau.1602.topface OR user_mau.1602.standalonetf)",936
"2015-05-01 00:00:00","first_app:topface AND platform:ok","_exists_:(user_mau.1603.topfacemobappandroid OR user_mau.1603.topfacemobappios OR user_mau.1603.topface OR user_mau.1603.standalonetf)",848
"2015-05-01 00:00:00","first_app:topface AND platform:ok","_exists_:(user_mau.1604.topfacemobappandroid OR user_mau.1604.topfacemobappios OR user_mau.1604.topface OR user_mau.1604.standalonetf)",666
"2015-05-01 00:00:00","first_app:topface AND platform:ok","_exists_:(user_mau.1605.topfacemobappandroid OR user_mau.1605.topfacemobappios OR user_mau.1605.topface OR user_mau.1605.standalonetf)",501
"2015-05-01 00:00:00","first_app:topface AND platform:ok","_exists_:(user_mau.1606.topfacemobappandroid OR user_mau.1606.topfacemobappios OR user_mau.1606.topface OR user_mau.1606.standalonetf)",467
"2015-05-01 00:00:00","first_app:topface AND platform:ok","_exists_:(user_mau.1607.topfacemobappandroid OR user_mau.1607.topfacemobappios OR user_mau.1607.topface OR user_mau.1607.standalonetf)",453
"2015-05-01 00:00:00","first_app:topface AND platform:ok","_exists_:(user_mau.1608.topfacemobappandroid OR user_mau.1608.topfacemobappios OR user_mau.1608.topface OR user_mau.1608.standalonetf)",392
"2015-05-01 00:00:00","first_app:topface AND platform:ok","_exists_:(user_mau.1609.topfacemobappandroid OR user_mau.1609.topfacemobappios OR user_mau.1609.topface OR user_mau.1609.standalonetf)",392
"2015-05-01 00:00:00","first_app:topface AND platform:ok","_exists_:(user_mau.1610.topfacemobappandroid OR user_mau.1610.topfacemobappios OR user_mau.1610.topface OR user_mau.1610.standalonetf)",359
"2015-05-01 00:00:00","first_app:topface AND platform:ok","_exists_:(user_mau.1611.topfacemobappandroid OR user_mau.1611.topfacemobappios OR user_mau.1611.topface OR user_mau.1611.standalonetf)",322
"2015-05-01 00:00:00","first_app:topface AND platform:ok","_exists_:(user_mau.1612.topfacemobappandroid OR user_mau.1612.topfacemobappios OR user_mau.1612.topface OR user_mau.1612.standalonetf)",313
"2015-05-01 00:00:00","first_app:topface AND platform:ok","_exists_:(user_mau.1701.topfacemobappandroid OR user_mau.1701.topfacemobappios OR user_mau.1701.topface OR user_mau.1701.standalonetf)",292
"2015-05-01 00:00:00","first_app:topface AND platform:ok","_exists_:(user_mau.1702.topfacemobappandroid OR user_mau.1702.topfacemobappios OR user_mau.1702.topface OR user_mau.1702.standalonetf)",264
"2015-05-01 00:00:00","first_app:topface AND platform:ok","_exists_:(user_mau.1703.topfacemobappandroid OR user_mau.1703.topfacemobappios OR user_mau.1703.topface OR user_mau.1703.standalonetf)",241
"2015-05-01 00:00:00","first_app:topface AND platform:ok","_exists_:(user_mau.1704.topfacemobappandroid OR user_mau.1704.topfacemobappios OR user_mau.1704.topface OR user_mau.1704.standalonetf)",222
"2015-05-01 00:00:00","first_app:topface AND platform:ok","_exists_:(user_mau.1705.topfacemobappandroid OR user_mau.1705.topfacemobappios OR user_mau.1705.topface OR user_mau.1705.standalonetf)",212
"2015-05-01 00:00:00","first_app:topface AND platform:ok","_exists_:(user_mau.1706.topfacemobappandroid OR user_mau.1706.topfacemobappios OR user_mau.1706.topface OR user_mau.1706.standalonetf)",210
"2015-05-01 00:00:00","first_app:topface AND platform:ok","_exists_:(user_mau.1707.topfacemobappandroid OR user_mau.1707.topfacemobappios OR user_mau.1707.topface OR user_mau.1707.standalonetf)",215
"2015-05-01 00:00:00","first_app:topface AND platform:ok","_exists_:(user_mau.1708.topfacemobappandroid OR user_mau.1708.topfacemobappios OR user_mau.1708.topface OR user_mau.1708.standalonetf)",210
"2015-05-01 00:00:00","first_app:topface AND platform:ok","_exists_:(user_mau.1709.topfacemobappandroid OR user_mau.1709.topfacemobappios OR user_mau.1709.topface OR user_mau.1709.standalonetf)",171
"2015-05-01 00:00:00","first_app:topface AND platform:ok","_exists_:(user_mau.1710.topfacemobappandroid OR user_mau.1710.topfacemobappios OR user_mau.1710.topface OR user_mau.1710.standalonetf)",176
"2015-05-01 00:00:00","first_app:topface AND platform:ok","_exists_:(user_mau.1711.topfacemobappandroid OR user_mau.1711.topfacemobappios OR user_mau.1711.topface OR user_mau.1711.standalonetf)",155
"2015-05-01 00:00:00","first_app:topface AND platform:ok","_exists_:(user_mau.1712.topfacemobappandroid OR user_mau.1712.topfacemobappios OR user_mau.1712.topface OR user_mau.1712.standalonetf)",139
"2015-05-01 00:00:00","first_app:topface AND platform:ok","_exists_:(user_mau.1801.topfacemobappandroid OR user_mau.1801.topfacemobappios OR user_mau.1801.topface OR user_mau.1801.standalonetf)",152
"2015-05-01 00:00:00","first_app:topface AND platform:ok","_exists_:(user_mau.1802.topfacemobappandroid OR user_mau.1802.topfacemobappios OR user_mau.1802.topface OR user_mau.1802.standalonetf)",162
"2015-05-01 00:00:00","first_app:topface AND platform:fb","*","6,143"
"2015-05-01 00:00:00","first_app:topface AND platform:fb","_exists_:(user_mau.1501.topfacemobappandroid OR user_mau.1501.topfacemobappios OR user_mau.1501.topface OR user_mau.1501.standalonetf)",0
"2015-05-01 00:00:00","first_app:topface AND platform:fb","_exists_:(user_mau.1502.topfacemobappandroid OR user_mau.1502.topfacemobappios OR user_mau.1502.topface OR user_mau.1502.standalonetf)",0
"2015-05-01 00:00:00","first_app:topface AND platform:fb","_exists_:(user_mau.1503.topfacemobappandroid OR user_mau.1503.topfacemobappios OR user_mau.1503.topface OR user_mau.1503.standalonetf)",0
"2015-05-01 00:00:00","first_app:topface AND platform:fb","_exists_:(user_mau.1504.topfacemobappandroid OR user_mau.1504.topfacemobappios OR user_mau.1504.topface OR user_mau.1504.standalonetf)",24
"2015-05-01 00:00:00","first_app:topface AND platform:fb","_exists_:(user_mau.1505.topfacemobappandroid OR user_mau.1505.topfacemobappios OR user_mau.1505.topface OR user_mau.1505.standalonetf)","5,127"
"2015-05-01 00:00:00","first_app:topface AND platform:fb","_exists_:(user_mau.1506.topfacemobappandroid OR user_mau.1506.topfacemobappios OR user_mau.1506.topface OR user_mau.1506.standalonetf)","1,454"
"2015-05-01 00:00:00","first_app:topface AND platform:fb","_exists_:(user_mau.1507.topfacemobappandroid OR user_mau.1507.topfacemobappios OR user_mau.1507.topface OR user_mau.1507.standalonetf)",692
"2015-05-01 00:00:00","first_app:topface AND platform:fb","_exists_:(user_mau.1508.topfacemobappandroid OR user_mau.1508.topfacemobappios OR user_mau.1508.topface OR user_mau.1508.standalonetf)",464
"2015-05-01 00:00:00","first_app:topface AND platform:fb","_exists_:(user_mau.1509.topfacemobappandroid OR user_mau.1509.topfacemobappios OR user_mau.1509.topface OR user_mau.1509.standalonetf)",420
"2015-05-01 00:00:00","first_app:topface AND platform:fb","_exists_:(user_mau.1510.topfacemobappandroid OR user_mau.1510.topfacemobappios OR user_mau.1510.topface OR user_mau.1510.standalonetf)",461
"2015-05-01 00:00:00","first_app:topface AND platform:fb","_exists_:(user_mau.1511.topfacemobappandroid OR user_mau.1511.topfacemobappios OR user_mau.1511.topface OR user_mau.1511.standalonetf)",379
"2015-05-01 00:00:00","first_app:topface AND platform:fb","_exists_:(user_mau.1512.topfacemobappandroid OR user_mau.1512.topfacemobappios OR user_mau.1512.topface OR user_mau.1512.standalonetf)",249
"2015-05-01 00:00:00","first_app:topface AND platform:fb","_exists_:(user_mau.1601.topfacemobappandroid OR user_mau.1601.topfacemobappios OR user_mau.1601.topface OR user_mau.1601.standalonetf)",622
"2015-05-01 00:00:00","first_app:topface AND platform:fb","_exists_:(user_mau.1602.topfacemobappandroid OR user_mau.1602.topfacemobappios OR user_mau.1602.topface OR user_mau.1602.standalonetf)",530
"2015-05-01 00:00:00","first_app:topface AND platform:fb","_exists_:(user_mau.1603.topfacemobappandroid OR user_mau.1603.topfacemobappios OR user_mau.1603.topface OR user_mau.1603.standalonetf)",477
"2015-05-01 00:00:00","first_app:topface AND platform:fb","_exists_:(user_mau.1604.topfacemobappandroid OR user_mau.1604.topfacemobappios OR user_mau.1604.topface OR user_mau.1604.standalonetf)",384
"2015-05-01 00:00:00","first_app:topface AND platform:fb","_exists_:(user_mau.1605.topfacemobappandroid OR user_mau.1605.topfacemobappios OR user_mau.1605.topface OR user_mau.1605.standalonetf)",308
"2015-05-01 00:00:00","first_app:topface AND platform:fb","_exists_:(user_mau.1606.topfacemobappandroid OR user_mau.1606.topfacemobappios OR user_mau.1606.topface OR user_mau.1606.standalonetf)",290
"2015-05-01 00:00:00","first_app:topface AND platform:fb","_exists_:(user_mau.1607.topfacemobappandroid OR user_mau.1607.topfacemobappios OR user_mau.1607.topface OR user_mau.1607.standalonetf)",270
"2015-05-01 00:00:00","first_app:topface AND platform:fb","_exists_:(user_mau.1608.topfacemobappandroid OR user_mau.1608.topfacemobappios OR user_mau.1608.topface OR user_mau.1608.standalonetf)",343
"2015-05-01 00:00:00","first_app:topface AND platform:fb","_exists_:(user_mau.1609.topfacemobappandroid OR user_mau.1609.topfacemobappios OR user_mau.1609.topface OR user_mau.1609.standalonetf)",248
"2015-05-01 00:00:00","first_app:topface AND platform:fb","_exists_:(user_mau.1610.topfacemobappandroid OR user_mau.1610.topfacemobappios OR user_mau.1610.topface OR user_mau.1610.standalonetf)",293
"2015-05-01 00:00:00","first_app:topface AND platform:fb","_exists_:(user_mau.1611.topfacemobappandroid OR user_mau.1611.topfacemobappios OR user_mau.1611.topface OR user_mau.1611.standalonetf)",199
"2015-05-01 00:00:00","first_app:topface AND platform:fb","_exists_:(user_mau.1612.topfacemobappandroid OR user_mau.1612.topfacemobappios OR user_mau.1612.topface OR user_mau.1612.standalonetf)",167
"2015-05-01 00:00:00","first_app:topface AND platform:fb","_exists_:(user_mau.1701.topfacemobappandroid OR user_mau.1701.topfacemobappios OR user_mau.1701.topface OR user_mau.1701.standalonetf)",140
"2015-05-01 00:00:00","first_app:topface AND platform:fb","_exists_:(user_mau.1702.topfacemobappandroid OR user_mau.1702.topfacemobappios OR user_mau.1702.topface OR user_mau.1702.standalonetf)",200
"2015-05-01 00:00:00","first_app:topface AND platform:fb","_exists_:(user_mau.1703.topfacemobappandroid OR user_mau.1703.topfacemobappios OR user_mau.1703.topface OR user_mau.1703.standalonetf)",138
"2015-05-01 00:00:00","first_app:topface AND platform:fb","_exists_:(user_mau.1704.topfacemobappandroid OR user_mau.1704.topfacemobappios OR user_mau.1704.topface OR user_mau.1704.standalonetf)",192
"2015-05-01 00:00:00","first_app:topface AND platform:fb","_exists_:(user_mau.1705.topfacemobappandroid OR user_mau.1705.topfacemobappios OR user_mau.1705.topface OR user_mau.1705.standalonetf)",181
"2015-05-01 00:00:00","first_app:topface AND platform:fb","_exists_:(user_mau.1706.topfacemobappandroid OR user_mau.1706.topfacemobappios OR user_mau.1706.topface OR user_mau.1706.standalonetf)",180
"2015-05-01 00:00:00","first_app:topface AND platform:fb","_exists_:(user_mau.1707.topfacemobappandroid OR user_mau.1707.topfacemobappios OR user_mau.1707.topface OR user_mau.1707.standalonetf)",138
"2015-05-01 00:00:00","first_app:topface AND platform:fb","_exists_:(user_mau.1708.topfacemobappandroid OR user_mau.1708.topfacemobappios OR user_mau.1708.topface OR user_mau.1708.standalonetf)",147
"2015-05-01 00:00:00","first_app:topface AND platform:fb","_exists_:(user_mau.1709.topfacemobappandroid OR user_mau.1709.topfacemobappios OR user_mau.1709.topface OR user_mau.1709.standalonetf)",176
"2015-05-01 00:00:00","first_app:topface AND platform:fb","_exists_:(user_mau.1710.topfacemobappandroid OR user_mau.1710.topfacemobappios OR user_mau.1710.topface OR user_mau.1710.standalonetf)",174
"2015-05-01 00:00:00","first_app:topface AND platform:fb","_exists_:(user_mau.1711.topfacemobappandroid OR user_mau.1711.topfacemobappios OR user_mau.1711.topface OR user_mau.1711.standalonetf)",163
"2015-05-01 00:00:00","first_app:topface AND platform:fb","_exists_:(user_mau.1712.topfacemobappandroid OR user_mau.1712.topfacemobappios OR user_mau.1712.topface OR user_mau.1712.standalonetf)",131
"2015-05-01 00:00:00","first_app:topface AND platform:fb","_exists_:(user_mau.1801.topfacemobappandroid OR user_mau.1801.topfacemobappios OR user_mau.1801.topface OR user_mau.1801.standalonetf)",117
"2015-05-01 00:00:00","first_app:topface AND platform:fb","_exists_:(user_mau.1802.topfacemobappandroid OR user_mau.1802.topfacemobappios OR user_mau.1802.topface OR user_mau.1802.standalonetf)",113
"2015-06-01 00:00:00","first_app:topfacemobappandroid","*","1,396"
"2015-06-01 00:00:00","first_app:topfacemobappandroid","_exists_:(user_mau.1501.topfacemobappandroid OR user_mau.1501.topfacemobappios OR user_mau.1501.topface OR user_mau.1501.standalonetf)",0
"2015-06-01 00:00:00","first_app:topfacemobappandroid","_exists_:(user_mau.1502.topfacemobappandroid OR user_mau.1502.topfacemobappios OR user_mau.1502.topface OR user_mau.1502.standalonetf)",0
"2015-06-01 00:00:00","first_app:topfacemobappandroid","_exists_:(user_mau.1503.topfacemobappandroid OR user_mau.1503.topfacemobappios OR user_mau.1503.topface OR user_mau.1503.standalonetf)",0
"2015-06-01 00:00:00","first_app:topfacemobappandroid","_exists_:(user_mau.1504.topfacemobappandroid OR user_mau.1504.topfacemobappios OR user_mau.1504.topface OR user_mau.1504.standalonetf)",0
"2015-06-01 00:00:00","first_app:topfacemobappandroid","_exists_:(user_mau.1505.topfacemobappandroid OR user_mau.1505.topfacemobappios OR user_mau.1505.topface OR user_mau.1505.standalonetf)",0
"2015-06-01 00:00:00","first_app:topfacemobappandroid","_exists_:(user_mau.1506.topfacemobappandroid OR user_mau.1506.topfacemobappios OR user_mau.1506.topface OR user_mau.1506.standalonetf)","1,162"
"2015-06-01 00:00:00","first_app:topfacemobappandroid","_exists_:(user_mau.1507.topfacemobappandroid OR user_mau.1507.topfacemobappios OR user_mau.1507.topface OR user_mau.1507.standalonetf)",715
"2015-06-01 00:00:00","first_app:topfacemobappandroid","_exists_:(user_mau.1508.topfacemobappandroid OR user_mau.1508.topfacemobappios OR user_mau.1508.topface OR user_mau.1508.standalonetf)",355
"2015-06-01 00:00:00","first_app:topfacemobappandroid","_exists_:(user_mau.1509.topfacemobappandroid OR user_mau.1509.topfacemobappios OR user_mau.1509.topface OR user_mau.1509.standalonetf)",243
"2015-06-01 00:00:00","first_app:topfacemobappandroid","_exists_:(user_mau.1510.topfacemobappandroid OR user_mau.1510.topfacemobappios OR user_mau.1510.topface OR user_mau.1510.standalonetf)",151
"2015-06-01 00:00:00","first_app:topfacemobappandroid","_exists_:(user_mau.1511.topfacemobappandroid OR user_mau.1511.topfacemobappios OR user_mau.1511.topface OR user_mau.1511.standalonetf)",107
"2015-06-01 00:00:00","first_app:topfacemobappandroid","_exists_:(user_mau.1512.topfacemobappandroid OR user_mau.1512.topfacemobappios OR user_mau.1512.topface OR user_mau.1512.standalonetf)",46
"2015-06-01 00:00:00","first_app:topfacemobappandroid","_exists_:(user_mau.1601.topfacemobappandroid OR user_mau.1601.topfacemobappios OR user_mau.1601.topface OR user_mau.1601.standalonetf)",163
"2015-06-01 00:00:00","first_app:topfacemobappandroid","_exists_:(user_mau.1602.topfacemobappandroid OR user_mau.1602.topfacemobappios OR user_mau.1602.topface OR user_mau.1602.standalonetf)",133
"2015-06-01 00:00:00","first_app:topfacemobappandroid","_exists_:(user_mau.1603.topfacemobappandroid OR user_mau.1603.topfacemobappios OR user_mau.1603.topface OR user_mau.1603.standalonetf)",138
"2015-06-01 00:00:00","first_app:topfacemobappandroid","_exists_:(user_mau.1604.topfacemobappandroid OR user_mau.1604.topfacemobappios OR user_mau.1604.topface OR user_mau.1604.standalonetf)",115
"2015-06-01 00:00:00","first_app:topfacemobappandroid","_exists_:(user_mau.1605.topfacemobappandroid OR user_mau.1605.topfacemobappios OR user_mau.1605.topface OR user_mau.1605.standalonetf)",99
"2015-06-01 00:00:00","first_app:topfacemobappandroid","_exists_:(user_mau.1606.topfacemobappandroid OR user_mau.1606.topfacemobappios OR user_mau.1606.topface OR user_mau.1606.standalonetf)",74
"2015-06-01 00:00:00","first_app:topfacemobappandroid","_exists_:(user_mau.1607.topfacemobappandroid OR user_mau.1607.topfacemobappios OR user_mau.1607.topface OR user_mau.1607.standalonetf)",70
"2015-06-01 00:00:00","first_app:topfacemobappandroid","_exists_:(user_mau.1608.topfacemobappandroid OR user_mau.1608.topfacemobappios OR user_mau.1608.topface OR user_mau.1608.standalonetf)",63
"2015-06-01 00:00:00","first_app:topfacemobappandroid","_exists_:(user_mau.1609.topfacemobappandroid OR user_mau.1609.topfacemobappios OR user_mau.1609.topface OR user_mau.1609.standalonetf)",58
"2015-06-01 00:00:00","first_app:topfacemobappandroid","_exists_:(user_mau.1610.topfacemobappandroid OR user_mau.1610.topfacemobappios OR user_mau.1610.topface OR user_mau.1610.standalonetf)",56
"2015-06-01 00:00:00","first_app:topfacemobappandroid","_exists_:(user_mau.1611.topfacemobappandroid OR user_mau.1611.topfacemobappios OR user_mau.1611.topface OR user_mau.1611.standalonetf)",46
"2015-06-01 00:00:00","first_app:topfacemobappandroid","_exists_:(user_mau.1612.topfacemobappandroid OR user_mau.1612.topfacemobappios OR user_mau.1612.topface OR user_mau.1612.standalonetf)",32
"2015-06-01 00:00:00","first_app:topfacemobappandroid","_exists_:(user_mau.1701.topfacemobappandroid OR user_mau.1701.topfacemobappios OR user_mau.1701.topface OR user_mau.1701.standalonetf)",34
"2015-06-01 00:00:00","first_app:topfacemobappandroid","_exists_:(user_mau.1702.topfacemobappandroid OR user_mau.1702.topfacemobappios OR user_mau.1702.topface OR user_mau.1702.standalonetf)",41
"2015-06-01 00:00:00","first_app:topfacemobappandroid","_exists_:(user_mau.1703.topfacemobappandroid OR user_mau.1703.topfacemobappios OR user_mau.1703.topface OR user_mau.1703.standalonetf)",44
"2015-06-01 00:00:00","first_app:topfacemobappandroid","_exists_:(user_mau.1704.topfacemobappandroid OR user_mau.1704.topfacemobappios OR user_mau.1704.topface OR user_mau.1704.standalonetf)",39
"2015-06-01 00:00:00","first_app:topfacemobappandroid","_exists_:(user_mau.1705.topfacemobappandroid OR user_mau.1705.topfacemobappios OR user_mau.1705.topface OR user_mau.1705.standalonetf)",34
"2015-06-01 00:00:00","first_app:topfacemobappandroid","_exists_:(user_mau.1706.topfacemobappandroid OR user_mau.1706.topfacemobappios OR user_mau.1706.topface OR user_mau.1706.standalonetf)",34
"2015-06-01 00:00:00","first_app:topfacemobappandroid","_exists_:(user_mau.1707.topfacemobappandroid OR user_mau.1707.topfacemobappios OR user_mau.1707.topface OR user_mau.1707.standalonetf)",35
"2015-06-01 00:00:00","first_app:topfacemobappandroid","_exists_:(user_mau.1708.topfacemobappandroid OR user_mau.1708.topfacemobappios OR user_mau.1708.topface OR user_mau.1708.standalonetf)",30
"2015-06-01 00:00:00","first_app:topfacemobappandroid","_exists_:(user_mau.1709.topfacemobappandroid OR user_mau.1709.topfacemobappios OR user_mau.1709.topface OR user_mau.1709.standalonetf)",23
"2015-06-01 00:00:00","first_app:topfacemobappandroid","_exists_:(user_mau.1710.topfacemobappandroid OR user_mau.1710.topfacemobappios OR user_mau.1710.topface OR user_mau.1710.standalonetf)",19
"2015-06-01 00:00:00","first_app:topfacemobappandroid","_exists_:(user_mau.1711.topfacemobappandroid OR user_mau.1711.topfacemobappios OR user_mau.1711.topface OR user_mau.1711.standalonetf)",16
"2015-06-01 00:00:00","first_app:topfacemobappandroid","_exists_:(user_mau.1712.topfacemobappandroid OR user_mau.1712.topfacemobappios OR user_mau.1712.topface OR user_mau.1712.standalonetf)",19
"2015-06-01 00:00:00","first_app:topfacemobappandroid","_exists_:(user_mau.1801.topfacemobappandroid OR user_mau.1801.topfacemobappios OR user_mau.1801.topface OR user_mau.1801.standalonetf)",19
"2015-06-01 00:00:00","first_app:topfacemobappandroid","_exists_:(user_mau.1802.topfacemobappandroid OR user_mau.1802.topfacemobappios OR user_mau.1802.topface OR user_mau.1802.standalonetf)",18
"2015-06-01 00:00:00","first_app:topfacemobappios","*",226
"2015-06-01 00:00:00","first_app:topfacemobappios","_exists_:(user_mau.1501.topfacemobappandroid OR user_mau.1501.topfacemobappios OR user_mau.1501.topface OR user_mau.1501.standalonetf)",0
"2015-06-01 00:00:00","first_app:topfacemobappios","_exists_:(user_mau.1502.topfacemobappandroid OR user_mau.1502.topfacemobappios OR user_mau.1502.topface OR user_mau.1502.standalonetf)",0
"2015-06-01 00:00:00","first_app:topfacemobappios","_exists_:(user_mau.1503.topfacemobappandroid OR user_mau.1503.topfacemobappios OR user_mau.1503.topface OR user_mau.1503.standalonetf)",0
"2015-06-01 00:00:00","first_app:topfacemobappios","_exists_:(user_mau.1504.topfacemobappandroid OR user_mau.1504.topfacemobappios OR user_mau.1504.topface OR user_mau.1504.standalonetf)",0
"2015-06-01 00:00:00","first_app:topfacemobappios","_exists_:(user_mau.1505.topfacemobappandroid OR user_mau.1505.topfacemobappios OR user_mau.1505.topface OR user_mau.1505.standalonetf)",0
"2015-06-01 00:00:00","first_app:topfacemobappios","_exists_:(user_mau.1506.topfacemobappandroid OR user_mau.1506.topfacemobappios OR user_mau.1506.topface OR user_mau.1506.standalonetf)",193
"2015-06-01 00:00:00","first_app:topfacemobappios","_exists_:(user_mau.1507.topfacemobappandroid OR user_mau.1507.topfacemobappios OR user_mau.1507.topface OR user_mau.1507.standalonetf)",73
"2015-06-01 00:00:00","first_app:topfacemobappios","_exists_:(user_mau.1508.topfacemobappandroid OR user_mau.1508.topfacemobappios OR user_mau.1508.topface OR user_mau.1508.standalonetf)",41
"2015-06-01 00:00:00","first_app:topfacemobappios","_exists_:(user_mau.1509.topfacemobappandroid OR user_mau.1509.topfacemobappios OR user_mau.1509.topface OR user_mau.1509.standalonetf)",25
"2015-06-01 00:00:00","first_app:topfacemobappios","_exists_:(user_mau.1510.topfacemobappandroid OR user_mau.1510.topfacemobappios OR user_mau.1510.topface OR user_mau.1510.standalonetf)",12
"2015-06-01 00:00:00","first_app:topfacemobappios","_exists_:(user_mau.1511.topfacemobappandroid OR user_mau.1511.topfacemobappios OR user_mau.1511.topface OR user_mau.1511.standalonetf)",7
"2015-06-01 00:00:00","first_app:topfacemobappios","_exists_:(user_mau.1512.topfacemobappandroid OR user_mau.1512.topfacemobappios OR user_mau.1512.topface OR user_mau.1512.standalonetf)",4
"2015-06-01 00:00:00","first_app:topfacemobappios","_exists_:(user_mau.1601.topfacemobappandroid OR user_mau.1601.topfacemobappios OR user_mau.1601.topface OR user_mau.1601.standalonetf)",25
"2015-06-01 00:00:00","first_app:topfacemobappios","_exists_:(user_mau.1602.topfacemobappandroid OR user_mau.1602.topfacemobappios OR user_mau.1602.topface OR user_mau.1602.standalonetf)",17
"2015-06-01 00:00:00","first_app:topfacemobappios","_exists_:(user_mau.1603.topfacemobappandroid OR user_mau.1603.topfacemobappios OR user_mau.1603.topface OR user_mau.1603.standalonetf)",14
"2015-06-01 00:00:00","first_app:topfacemobappios","_exists_:(user_mau.1604.topfacemobappandroid OR user_mau.1604.topfacemobappios OR user_mau.1604.topface OR user_mau.1604.standalonetf)",15
"2015-06-01 00:00:00","first_app:topfacemobappios","_exists_:(user_mau.1605.topfacemobappandroid OR user_mau.1605.topfacemobappios OR user_mau.1605.topface OR user_mau.1605.standalonetf)",11
"2015-06-01 00:00:00","first_app:topfacemobappios","_exists_:(user_mau.1606.topfacemobappandroid OR user_mau.1606.topfacemobappios OR user_mau.1606.topface OR user_mau.1606.standalonetf)",15
"2015-06-01 00:00:00","first_app:topfacemobappios","_exists_:(user_mau.1607.topfacemobappandroid OR user_mau.1607.topfacemobappios OR user_mau.1607.topface OR user_mau.1607.standalonetf)",12
"2015-06-01 00:00:00","first_app:topfacemobappios","_exists_:(user_mau.1608.topfacemobappandroid OR user_mau.1608.topfacemobappios OR user_mau.1608.topface OR user_mau.1608.standalonetf)",10
"2015-06-01 00:00:00","first_app:topfacemobappios","_exists_:(user_mau.1609.topfacemobappandroid OR user_mau.1609.topfacemobappios OR user_mau.1609.topface OR user_mau.1609.standalonetf)",11
"2015-06-01 00:00:00","first_app:topfacemobappios","_exists_:(user_mau.1610.topfacemobappandroid OR user_mau.1610.topfacemobappios OR user_mau.1610.topface OR user_mau.1610.standalonetf)",9
"2015-06-01 00:00:00","first_app:topfacemobappios","_exists_:(user_mau.1611.topfacemobappandroid OR user_mau.1611.topfacemobappios OR user_mau.1611.topface OR user_mau.1611.standalonetf)",12
"2015-06-01 00:00:00","first_app:topfacemobappios","_exists_:(user_mau.1612.topfacemobappandroid OR user_mau.1612.topfacemobappios OR user_mau.1612.topface OR user_mau.1612.standalonetf)",9
"2015-06-01 00:00:00","first_app:topfacemobappios","_exists_:(user_mau.1701.topfacemobappandroid OR user_mau.1701.topfacemobappios OR user_mau.1701.topface OR user_mau.1701.standalonetf)",9
"2015-06-01 00:00:00","first_app:topfacemobappios","_exists_:(user_mau.1702.topfacemobappandroid OR user_mau.1702.topfacemobappios OR user_mau.1702.topface OR user_mau.1702.standalonetf)",6
"2015-06-01 00:00:00","first_app:topfacemobappios","_exists_:(user_mau.1703.topfacemobappandroid OR user_mau.1703.topfacemobappios OR user_mau.1703.topface OR user_mau.1703.standalonetf)",9
"2015-06-01 00:00:00","first_app:topfacemobappios","_exists_:(user_mau.1704.topfacemobappandroid OR user_mau.1704.topfacemobappios OR user_mau.1704.topface OR user_mau.1704.standalonetf)",10
"2015-06-01 00:00:00","first_app:topfacemobappios","_exists_:(user_mau.1705.topfacemobappandroid OR user_mau.1705.topfacemobappios OR user_mau.1705.topface OR user_mau.1705.standalonetf)",5
"2015-06-01 00:00:00","first_app:topfacemobappios","_exists_:(user_mau.1706.topfacemobappandroid OR user_mau.1706.topfacemobappios OR user_mau.1706.topface OR user_mau.1706.standalonetf)",4
"2015-06-01 00:00:00","first_app:topfacemobappios","_exists_:(user_mau.1707.topfacemobappandroid OR user_mau.1707.topfacemobappios OR user_mau.1707.topface OR user_mau.1707.standalonetf)",4
"2015-06-01 00:00:00","first_app:topfacemobappios","_exists_:(user_mau.1708.topfacemobappandroid OR user_mau.1708.topfacemobappios OR user_mau.1708.topface OR user_mau.1708.standalonetf)",5
"2015-06-01 00:00:00","first_app:topfacemobappios","_exists_:(user_mau.1709.topfacemobappandroid OR user_mau.1709.topfacemobappios OR user_mau.1709.topface OR user_mau.1709.standalonetf)",5
"2015-06-01 00:00:00","first_app:topfacemobappios","_exists_:(user_mau.1710.topfacemobappandroid OR user_mau.1710.topfacemobappios OR user_mau.1710.topface OR user_mau.1710.standalonetf)",5
"2015-06-01 00:00:00","first_app:topfacemobappios","_exists_:(user_mau.1711.topfacemobappandroid OR user_mau.1711.topfacemobappios OR user_mau.1711.topface OR user_mau.1711.standalonetf)",9
"2015-06-01 00:00:00","first_app:topfacemobappios","_exists_:(user_mau.1712.topfacemobappandroid OR user_mau.1712.topfacemobappios OR user_mau.1712.topface OR user_mau.1712.standalonetf)",5
"2015-06-01 00:00:00","first_app:topfacemobappios","_exists_:(user_mau.1801.topfacemobappandroid OR user_mau.1801.topfacemobappios OR user_mau.1801.topface OR user_mau.1801.standalonetf)",3
"2015-06-01 00:00:00","first_app:topfacemobappios","_exists_:(user_mau.1802.topfacemobappandroid OR user_mau.1802.topfacemobappios OR user_mau.1802.topface OR user_mau.1802.standalonetf)",2
"2015-06-01 00:00:00","first_app:standalonetf","*","18,512"
"2015-06-01 00:00:00","first_app:standalonetf","_exists_:(user_mau.1501.topfacemobappandroid OR user_mau.1501.topfacemobappios OR user_mau.1501.topface OR user_mau.1501.standalonetf)",0
"2015-06-01 00:00:00","first_app:standalonetf","_exists_:(user_mau.1502.topfacemobappandroid OR user_mau.1502.topfacemobappios OR user_mau.1502.topface OR user_mau.1502.standalonetf)",0
"2015-06-01 00:00:00","first_app:standalonetf","_exists_:(user_mau.1503.topfacemobappandroid OR user_mau.1503.topfacemobappios OR user_mau.1503.topface OR user_mau.1503.standalonetf)",0
"2015-06-01 00:00:00","first_app:standalonetf","_exists_:(user_mau.1504.topfacemobappandroid OR user_mau.1504.topfacemobappios OR user_mau.1504.topface OR user_mau.1504.standalonetf)",0
"2015-06-01 00:00:00","first_app:standalonetf","_exists_:(user_mau.1505.topfacemobappandroid OR user_mau.1505.topfacemobappios OR user_mau.1505.topface OR user_mau.1505.standalonetf)",1
"2015-06-01 00:00:00","first_app:standalonetf","_exists_:(user_mau.1506.topfacemobappandroid OR user_mau.1506.topfacemobappios OR user_mau.1506.topface OR user_mau.1506.standalonetf)","14,576"
"2015-06-01 00:00:00","first_app:standalonetf","_exists_:(user_mau.1507.topfacemobappandroid OR user_mau.1507.topfacemobappios OR user_mau.1507.topface OR user_mau.1507.standalonetf)","3,442"
"2015-06-01 00:00:00","first_app:standalonetf","_exists_:(user_mau.1508.topfacemobappandroid OR user_mau.1508.topfacemobappios OR user_mau.1508.topface OR user_mau.1508.standalonetf)","2,069"
"2015-06-01 00:00:00","first_app:standalonetf","_exists_:(user_mau.1509.topfacemobappandroid OR user_mau.1509.topfacemobappios OR user_mau.1509.topface OR user_mau.1509.standalonetf)","1,371"
"2015-06-01 00:00:00","first_app:standalonetf","_exists_:(user_mau.1510.topfacemobappandroid OR user_mau.1510.topfacemobappios OR user_mau.1510.topface OR user_mau.1510.standalonetf)","1,074"
"2015-06-01 00:00:00","first_app:standalonetf","_exists_:(user_mau.1511.topfacemobappandroid OR user_mau.1511.topfacemobappios OR user_mau.1511.topface OR user_mau.1511.standalonetf)","1,074"
"2015-06-01 00:00:00","first_app:standalonetf","_exists_:(user_mau.1512.topfacemobappandroid OR user_mau.1512.topfacemobappios OR user_mau.1512.topface OR user_mau.1512.standalonetf)",501
"2015-06-01 00:00:00","first_app:standalonetf","_exists_:(user_mau.1601.topfacemobappandroid OR user_mau.1601.topfacemobappios OR user_mau.1601.topface OR user_mau.1601.standalonetf)","1,572"
"2015-06-01 00:00:00","first_app:standalonetf","_exists_:(user_mau.1602.topfacemobappandroid OR user_mau.1602.topfacemobappios OR user_mau.1602.topface OR user_mau.1602.standalonetf)","1,355"
"2015-06-01 00:00:00","first_app:standalonetf","_exists_:(user_mau.1603.topfacemobappandroid OR user_mau.1603.topfacemobappios OR user_mau.1603.topface OR user_mau.1603.standalonetf)","1,214"
"2015-06-01 00:00:00","first_app:standalonetf","_exists_:(user_mau.1604.topfacemobappandroid OR user_mau.1604.topfacemobappios OR user_mau.1604.topface OR user_mau.1604.standalonetf)","1,098"
"2015-06-01 00:00:00","first_app:standalonetf","_exists_:(user_mau.1605.topfacemobappandroid OR user_mau.1605.topfacemobappios OR user_mau.1605.topface OR user_mau.1605.standalonetf)",986
"2015-06-01 00:00:00","first_app:standalonetf","_exists_:(user_mau.1606.topfacemobappandroid OR user_mau.1606.topfacemobappios OR user_mau.1606.topface OR user_mau.1606.standalonetf)",911
"2015-06-01 00:00:00","first_app:standalonetf","_exists_:(user_mau.1607.topfacemobappandroid OR user_mau.1607.topfacemobappios OR user_mau.1607.topface OR user_mau.1607.standalonetf)",928
"2015-06-01 00:00:00","first_app:standalonetf","_exists_:(user_mau.1608.topfacemobappandroid OR user_mau.1608.topfacemobappios OR user_mau.1608.topface OR user_mau.1608.standalonetf)",824
"2015-06-01 00:00:00","first_app:standalonetf","_exists_:(user_mau.1609.topfacemobappandroid OR user_mau.1609.topfacemobappios OR user_mau.1609.topface OR user_mau.1609.standalonetf)",756
"2015-06-01 00:00:00","first_app:standalonetf","_exists_:(user_mau.1610.topfacemobappandroid OR user_mau.1610.topfacemobappios OR user_mau.1610.topface OR user_mau.1610.standalonetf)",683
"2015-06-01 00:00:00","first_app:standalonetf","_exists_:(user_mau.1611.topfacemobappandroid OR user_mau.1611.topfacemobappios OR user_mau.1611.topface OR user_mau.1611.standalonetf)",604
"2015-06-01 00:00:00","first_app:standalonetf","_exists_:(user_mau.1612.topfacemobappandroid OR user_mau.1612.topfacemobappios OR user_mau.1612.topface OR user_mau.1612.standalonetf)",590
"2015-06-01 00:00:00","first_app:standalonetf","_exists_:(user_mau.1701.topfacemobappandroid OR user_mau.1701.topfacemobappios OR user_mau.1701.topface OR user_mau.1701.standalonetf)",573
"2015-06-01 00:00:00","first_app:standalonetf","_exists_:(user_mau.1702.topfacemobappandroid OR user_mau.1702.topfacemobappios OR user_mau.1702.topface OR user_mau.1702.standalonetf)",495
"2015-06-01 00:00:00","first_app:standalonetf","_exists_:(user_mau.1703.topfacemobappandroid OR user_mau.1703.topfacemobappios OR user_mau.1703.topface OR user_mau.1703.standalonetf)",509
"2015-06-01 00:00:00","first_app:standalonetf","_exists_:(user_mau.1704.topfacemobappandroid OR user_mau.1704.topfacemobappios OR user_mau.1704.topface OR user_mau.1704.standalonetf)",473
"2015-06-01 00:00:00","first_app:standalonetf","_exists_:(user_mau.1705.topfacemobappandroid OR user_mau.1705.topfacemobappios OR user_mau.1705.topface OR user_mau.1705.standalonetf)",431
"2015-06-01 00:00:00","first_app:standalonetf","_exists_:(user_mau.1706.topfacemobappandroid OR user_mau.1706.topfacemobappios OR user_mau.1706.topface OR user_mau.1706.standalonetf)",376
"2015-06-01 00:00:00","first_app:standalonetf","_exists_:(user_mau.1707.topfacemobappandroid OR user_mau.1707.topfacemobappios OR user_mau.1707.topface OR user_mau.1707.standalonetf)",354
"2015-06-01 00:00:00","first_app:standalonetf","_exists_:(user_mau.1708.topfacemobappandroid OR user_mau.1708.topfacemobappios OR user_mau.1708.topface OR user_mau.1708.standalonetf)",355
"2015-06-01 00:00:00","first_app:standalonetf","_exists_:(user_mau.1709.topfacemobappandroid OR user_mau.1709.topfacemobappios OR user_mau.1709.topface OR user_mau.1709.standalonetf)",354
"2015-06-01 00:00:00","first_app:standalonetf","_exists_:(user_mau.1710.topfacemobappandroid OR user_mau.1710.topfacemobappios OR user_mau.1710.topface OR user_mau.1710.standalonetf)",345
"2015-06-01 00:00:00","first_app:standalonetf","_exists_:(user_mau.1711.topfacemobappandroid OR user_mau.1711.topfacemobappios OR user_mau.1711.topface OR user_mau.1711.standalonetf)",331
"2015-06-01 00:00:00","first_app:standalonetf","_exists_:(user_mau.1712.topfacemobappandroid OR user_mau.1712.topfacemobappios OR user_mau.1712.topface OR user_mau.1712.standalonetf)",319
"2015-06-01 00:00:00","first_app:standalonetf","_exists_:(user_mau.1801.topfacemobappandroid OR user_mau.1801.topfacemobappios OR user_mau.1801.topface OR user_mau.1801.standalonetf)",295
"2015-06-01 00:00:00","first_app:standalonetf","_exists_:(user_mau.1802.topfacemobappandroid OR user_mau.1802.topfacemobappios OR user_mau.1802.topface OR user_mau.1802.standalonetf)",280
"2015-06-01 00:00:00","first_app:topface AND platform:vk","*","14,491"
"2015-06-01 00:00:00","first_app:topface AND platform:vk","_exists_:(user_mau.1501.topfacemobappandroid OR user_mau.1501.topfacemobappios OR user_mau.1501.topface OR user_mau.1501.standalonetf)",0
"2015-06-01 00:00:00","first_app:topface AND platform:vk","_exists_:(user_mau.1502.topfacemobappandroid OR user_mau.1502.topfacemobappios OR user_mau.1502.topface OR user_mau.1502.standalonetf)",0
"2015-06-01 00:00:00","first_app:topface AND platform:vk","_exists_:(user_mau.1503.topfacemobappandroid OR user_mau.1503.topfacemobappios OR user_mau.1503.topface OR user_mau.1503.standalonetf)",0
"2015-06-01 00:00:00","first_app:topface AND platform:vk","_exists_:(user_mau.1504.topfacemobappandroid OR user_mau.1504.topfacemobappios OR user_mau.1504.topface OR user_mau.1504.standalonetf)",0
"2015-06-01 00:00:00","first_app:topface AND platform:vk","_exists_:(user_mau.1505.topfacemobappandroid OR user_mau.1505.topfacemobappios OR user_mau.1505.topface OR user_mau.1505.standalonetf)",39
"2015-06-01 00:00:00","first_app:topface AND platform:vk","_exists_:(user_mau.1506.topfacemobappandroid OR user_mau.1506.topfacemobappios OR user_mau.1506.topface OR user_mau.1506.standalonetf)","11,242"
"2015-06-01 00:00:00","first_app:topface AND platform:vk","_exists_:(user_mau.1507.topfacemobappandroid OR user_mau.1507.topfacemobappios OR user_mau.1507.topface OR user_mau.1507.standalonetf)","3,603"
"2015-06-01 00:00:00","first_app:topface AND platform:vk","_exists_:(user_mau.1508.topfacemobappandroid OR user_mau.1508.topfacemobappios OR user_mau.1508.topface OR user_mau.1508.standalonetf)","1,967"
"2015-06-01 00:00:00","first_app:topface AND platform:vk","_exists_:(user_mau.1509.topfacemobappandroid OR user_mau.1509.topfacemobappios OR user_mau.1509.topface OR user_mau.1509.standalonetf)","1,527"
"2015-06-01 00:00:00","first_app:topface AND platform:vk","_exists_:(user_mau.1510.topfacemobappandroid OR user_mau.1510.topfacemobappios OR user_mau.1510.topface OR user_mau.1510.standalonetf)","1,295"
"2015-06-01 00:00:00","first_app:topface AND platform:vk","_exists_:(user_mau.1511.topfacemobappandroid OR user_mau.1511.topfacemobappios OR user_mau.1511.topface OR user_mau.1511.standalonetf)",842
"2015-06-01 00:00:00","first_app:topface AND platform:vk","_exists_:(user_mau.1512.topfacemobappandroid OR user_mau.1512.topfacemobappios OR user_mau.1512.topface OR user_mau.1512.standalonetf)",520
"2015-06-01 00:00:00","first_app:topface AND platform:vk","_exists_:(user_mau.1601.topfacemobappandroid OR user_mau.1601.topfacemobappios OR user_mau.1601.topface OR user_mau.1601.standalonetf)","1,853"
"2015-06-01 00:00:00","first_app:topface AND platform:vk","_exists_:(user_mau.1602.topfacemobappandroid OR user_mau.1602.topfacemobappios OR user_mau.1602.topface OR user_mau.1602.standalonetf)","1,650"
"2015-06-01 00:00:00","first_app:topface AND platform:vk","_exists_:(user_mau.1603.topfacemobappandroid OR user_mau.1603.topfacemobappios OR user_mau.1603.topface OR user_mau.1603.standalonetf)","1,551"
"2015-06-01 00:00:00","first_app:topface AND platform:vk","_exists_:(user_mau.1604.topfacemobappandroid OR user_mau.1604.topfacemobappios OR user_mau.1604.topface OR user_mau.1604.standalonetf)","1,301"
"2015-06-01 00:00:00","first_app:topface AND platform:vk","_exists_:(user_mau.1605.topfacemobappandroid OR user_mau.1605.topfacemobappios OR user_mau.1605.topface OR user_mau.1605.standalonetf)","1,102"
"2015-06-01 00:00:00","first_app:topface AND platform:vk","_exists_:(user_mau.1606.topfacemobappandroid OR user_mau.1606.topfacemobappios OR user_mau.1606.topface OR user_mau.1606.standalonetf)","1,040"
"2015-06-01 00:00:00","first_app:topface AND platform:vk","_exists_:(user_mau.1607.topfacemobappandroid OR user_mau.1607.topfacemobappios OR user_mau.1607.topface OR user_mau.1607.standalonetf)",960
"2015-06-01 00:00:00","first_app:topface AND platform:vk","_exists_:(user_mau.1608.topfacemobappandroid OR user_mau.1608.topfacemobappios OR user_mau.1608.topface OR user_mau.1608.standalonetf)",899
"2015-06-01 00:00:00","first_app:topface AND platform:vk","_exists_:(user_mau.1609.topfacemobappandroid OR user_mau.1609.topfacemobappios OR user_mau.1609.topface OR user_mau.1609.standalonetf)",807
"2015-06-01 00:00:00","first_app:topface AND platform:vk","_exists_:(user_mau.1610.topfacemobappandroid OR user_mau.1610.topfacemobappios OR user_mau.1610.topface OR user_mau.1610.standalonetf)",738
"2015-06-01 00:00:00","first_app:topface AND platform:vk","_exists_:(user_mau.1611.topfacemobappandroid OR user_mau.1611.topfacemobappios OR user_mau.1611.topface OR user_mau.1611.standalonetf)",598
"2015-06-01 00:00:00","first_app:topface AND platform:vk","_exists_:(user_mau.1612.topfacemobappandroid OR user_mau.1612.topfacemobappios OR user_mau.1612.topface OR user_mau.1612.standalonetf)",593
"2015-06-01 00:00:00","first_app:topface AND platform:vk","_exists_:(user_mau.1701.topfacemobappandroid OR user_mau.1701.topfacemobappios OR user_mau.1701.topface OR user_mau.1701.standalonetf)",620
"2015-06-01 00:00:00","first_app:topface AND platform:vk","_exists_:(user_mau.1702.topfacemobappandroid OR user_mau.1702.topfacemobappios OR user_mau.1702.topface OR user_mau.1702.standalonetf)",527
"2015-06-01 00:00:00","first_app:topface AND platform:vk","_exists_:(user_mau.1703.topfacemobappandroid OR user_mau.1703.topfacemobappios OR user_mau.1703.topface OR user_mau.1703.standalonetf)",534
"2015-06-01 00:00:00","first_app:topface AND platform:vk","_exists_:(user_mau.1704.topfacemobappandroid OR user_mau.1704.topfacemobappios OR user_mau.1704.topface OR user_mau.1704.standalonetf)",484
"2015-06-01 00:00:00","first_app:topface AND platform:vk","_exists_:(user_mau.1705.topfacemobappandroid OR user_mau.1705.topfacemobappios OR user_mau.1705.topface OR user_mau.1705.standalonetf)",451
"2015-06-01 00:00:00","first_app:topface AND platform:vk","_exists_:(user_mau.1706.topfacemobappandroid OR user_mau.1706.topfacemobappios OR user_mau.1706.topface OR user_mau.1706.standalonetf)",393
"2015-06-01 00:00:00","first_app:topface AND platform:vk","_exists_:(user_mau.1707.topfacemobappandroid OR user_mau.1707.topfacemobappios OR user_mau.1707.topface OR user_mau.1707.standalonetf)",388
"2015-06-01 00:00:00","first_app:topface AND platform:vk","_exists_:(user_mau.1708.topfacemobappandroid OR user_mau.1708.topfacemobappios OR user_mau.1708.topface OR user_mau.1708.standalonetf)",380
"2015-06-01 00:00:00","first_app:topface AND platform:vk","_exists_:(user_mau.1709.topfacemobappandroid OR user_mau.1709.topfacemobappios OR user_mau.1709.topface OR user_mau.1709.standalonetf)",370
"2015-06-01 00:00:00","first_app:topface AND platform:vk","_exists_:(user_mau.1710.topfacemobappandroid OR user_mau.1710.topfacemobappios OR user_mau.1710.topface OR user_mau.1710.standalonetf)",338
"2015-06-01 00:00:00","first_app:topface AND platform:vk","_exists_:(user_mau.1711.topfacemobappandroid OR user_mau.1711.topfacemobappios OR user_mau.1711.topface OR user_mau.1711.standalonetf)",338
"2015-06-01 00:00:00","first_app:topface AND platform:vk","_exists_:(user_mau.1712.topfacemobappandroid OR user_mau.1712.topfacemobappios OR user_mau.1712.topface OR user_mau.1712.standalonetf)",303
"2015-06-01 00:00:00","first_app:topface AND platform:vk","_exists_:(user_mau.1801.topfacemobappandroid OR user_mau.1801.topfacemobappios OR user_mau.1801.topface OR user_mau.1801.standalonetf)",300
"2015-06-01 00:00:00","first_app:topface AND platform:vk","_exists_:(user_mau.1802.topfacemobappandroid OR user_mau.1802.topfacemobappios OR user_mau.1802.topface OR user_mau.1802.standalonetf)",285
"2015-06-01 00:00:00","first_app:topface AND platform:ok","*","17,086"
"2015-06-01 00:00:00","first_app:topface AND platform:ok","_exists_:(user_mau.1501.topfacemobappandroid OR user_mau.1501.topfacemobappios OR user_mau.1501.topface OR user_mau.1501.standalonetf)",0
"2015-06-01 00:00:00","first_app:topface AND platform:ok","_exists_:(user_mau.1502.topfacemobappandroid OR user_mau.1502.topfacemobappios OR user_mau.1502.topface OR user_mau.1502.standalonetf)",0
"2015-06-01 00:00:00","first_app:topface AND platform:ok","_exists_:(user_mau.1503.topfacemobappandroid OR user_mau.1503.topfacemobappios OR user_mau.1503.topface OR user_mau.1503.standalonetf)",0
"2015-06-01 00:00:00","first_app:topface AND platform:ok","_exists_:(user_mau.1504.topfacemobappandroid OR user_mau.1504.topfacemobappios OR user_mau.1504.topface OR user_mau.1504.standalonetf)",0
"2015-06-01 00:00:00","first_app:topface AND platform:ok","_exists_:(user_mau.1505.topfacemobappandroid OR user_mau.1505.topfacemobappios OR user_mau.1505.topface OR user_mau.1505.standalonetf)",17
"2015-06-01 00:00:00","first_app:topface AND platform:ok","_exists_:(user_mau.1506.topfacemobappandroid OR user_mau.1506.topfacemobappios OR user_mau.1506.topface OR user_mau.1506.standalonetf)","14,957"
"2015-06-01 00:00:00","first_app:topface AND platform:ok","_exists_:(user_mau.1507.topfacemobappandroid OR user_mau.1507.topfacemobappios OR user_mau.1507.topface OR user_mau.1507.standalonetf)","3,044"
"2015-06-01 00:00:00","first_app:topface AND platform:ok","_exists_:(user_mau.1508.topfacemobappandroid OR user_mau.1508.topfacemobappios OR user_mau.1508.topface OR user_mau.1508.standalonetf)","2,840"
"2015-06-01 00:00:00","first_app:topface AND platform:ok","_exists_:(user_mau.1509.topfacemobappandroid OR user_mau.1509.topfacemobappios OR user_mau.1509.topface OR user_mau.1509.standalonetf)","2,495"
"2015-06-01 00:00:00","first_app:topface AND platform:ok","_exists_:(user_mau.1510.topfacemobappandroid OR user_mau.1510.topfacemobappios OR user_mau.1510.topface OR user_mau.1510.standalonetf)","1,101"
"2015-06-01 00:00:00","first_app:topface AND platform:ok","_exists_:(user_mau.1511.topfacemobappandroid OR user_mau.1511.topfacemobappios OR user_mau.1511.topface OR user_mau.1511.standalonetf)",641
"2015-06-01 00:00:00","first_app:topface AND platform:ok","_exists_:(user_mau.1512.topfacemobappandroid OR user_mau.1512.topfacemobappios OR user_mau.1512.topface OR user_mau.1512.standalonetf)",567
"2015-06-01 00:00:00","first_app:topface AND platform:ok","_exists_:(user_mau.1601.topfacemobappandroid OR user_mau.1601.topfacemobappios OR user_mau.1601.topface OR user_mau.1601.standalonetf)","1,102"
"2015-06-01 00:00:00","first_app:topface AND platform:ok","_exists_:(user_mau.1602.topfacemobappandroid OR user_mau.1602.topfacemobappios OR user_mau.1602.topface OR user_mau.1602.standalonetf)",899
"2015-06-01 00:00:00","first_app:topface AND platform:ok","_exists_:(user_mau.1603.topfacemobappandroid OR user_mau.1603.topfacemobappios OR user_mau.1603.topface OR user_mau.1603.standalonetf)",840
"2015-06-01 00:00:00","first_app:topface AND platform:ok","_exists_:(user_mau.1604.topfacemobappandroid OR user_mau.1604.topfacemobappios OR user_mau.1604.topface OR user_mau.1604.standalonetf)",652
"2015-06-01 00:00:00","first_app:topface AND platform:ok","_exists_:(user_mau.1605.topfacemobappandroid OR user_mau.1605.topfacemobappios OR user_mau.1605.topface OR user_mau.1605.standalonetf)",490
"2015-06-01 00:00:00","first_app:topface AND platform:ok","_exists_:(user_mau.1606.topfacemobappandroid OR user_mau.1606.topfacemobappios OR user_mau.1606.topface OR user_mau.1606.standalonetf)",456
"2015-06-01 00:00:00","first_app:topface AND platform:ok","_exists_:(user_mau.1607.topfacemobappandroid OR user_mau.1607.topfacemobappios OR user_mau.1607.topface OR user_mau.1607.standalonetf)",451
"2015-06-01 00:00:00","first_app:topface AND platform:ok","_exists_:(user_mau.1608.topfacemobappandroid OR user_mau.1608.topfacemobappios OR user_mau.1608.topface OR user_mau.1608.standalonetf)",386
"2015-06-01 00:00:00","first_app:topface AND platform:ok","_exists_:(user_mau.1609.topfacemobappandroid OR user_mau.1609.topfacemobappios OR user_mau.1609.topface OR user_mau.1609.standalonetf)",337
"2015-06-01 00:00:00","first_app:topface AND platform:ok","_exists_:(user_mau.1610.topfacemobappandroid OR user_mau.1610.topfacemobappios OR user_mau.1610.topface OR user_mau.1610.standalonetf)",320
"2015-06-01 00:00:00","first_app:topface AND platform:ok","_exists_:(user_mau.1611.topfacemobappandroid OR user_mau.1611.topfacemobappios OR user_mau.1611.topface OR user_mau.1611.standalonetf)",287
"2015-06-01 00:00:00","first_app:topface AND platform:ok","_exists_:(user_mau.1612.topfacemobappandroid OR user_mau.1612.topfacemobappios OR user_mau.1612.topface OR user_mau.1612.standalonetf)",300
"2015-06-01 00:00:00","first_app:topface AND platform:ok","_exists_:(user_mau.1701.topfacemobappandroid OR user_mau.1701.topfacemobappios OR user_mau.1701.topface OR user_mau.1701.standalonetf)",280
"2015-06-01 00:00:00","first_app:topface AND platform:ok","_exists_:(user_mau.1702.topfacemobappandroid OR user_mau.1702.topfacemobappios OR user_mau.1702.topface OR user_mau.1702.standalonetf)",247
"2015-06-01 00:00:00","first_app:topface AND platform:ok","_exists_:(user_mau.1703.topfacemobappandroid OR user_mau.1703.topfacemobappios OR user_mau.1703.topface OR user_mau.1703.standalonetf)",228
"2015-06-01 00:00:00","first_app:topface AND platform:ok","_exists_:(user_mau.1704.topfacemobappandroid OR user_mau.1704.topfacemobappios OR user_mau.1704.topface OR user_mau.1704.standalonetf)",210
"2015-06-01 00:00:00","first_app:topface AND platform:ok","_exists_:(user_mau.1705.topfacemobappandroid OR user_mau.1705.topfacemobappios OR user_mau.1705.topface OR user_mau.1705.standalonetf)",189
"2015-06-01 00:00:00","first_app:topface AND platform:ok","_exists_:(user_mau.1706.topfacemobappandroid OR user_mau.1706.topfacemobappios OR user_mau.1706.topface OR user_mau.1706.standalonetf)",190
"2015-06-01 00:00:00","first_app:topface AND platform:ok","_exists_:(user_mau.1707.topfacemobappandroid OR user_mau.1707.topfacemobappios OR user_mau.1707.topface OR user_mau.1707.standalonetf)",176
"2015-06-01 00:00:00","first_app:topface AND platform:ok","_exists_:(user_mau.1708.topfacemobappandroid OR user_mau.1708.topfacemobappios OR user_mau.1708.topface OR user_mau.1708.standalonetf)",181
"2015-06-01 00:00:00","first_app:topface AND platform:ok","_exists_:(user_mau.1709.topfacemobappandroid OR user_mau.1709.topfacemobappios OR user_mau.1709.topface OR user_mau.1709.standalonetf)",166
"2015-06-01 00:00:00","first_app:topface AND platform:ok","_exists_:(user_mau.1710.topfacemobappandroid OR user_mau.1710.topfacemobappios OR user_mau.1710.topface OR user_mau.1710.standalonetf)",155
"2015-06-01 00:00:00","first_app:topface AND platform:ok","_exists_:(user_mau.1711.topfacemobappandroid OR user_mau.1711.topfacemobappios OR user_mau.1711.topface OR user_mau.1711.standalonetf)",145
"2015-06-01 00:00:00","first_app:topface AND platform:ok","_exists_:(user_mau.1712.topfacemobappandroid OR user_mau.1712.topfacemobappios OR user_mau.1712.topface OR user_mau.1712.standalonetf)",132
"2015-06-01 00:00:00","first_app:topface AND platform:ok","_exists_:(user_mau.1801.topfacemobappandroid OR user_mau.1801.topfacemobappios OR user_mau.1801.topface OR user_mau.1801.standalonetf)",120
"2015-06-01 00:00:00","first_app:topface AND platform:ok","_exists_:(user_mau.1802.topfacemobappandroid OR user_mau.1802.topfacemobappios OR user_mau.1802.topface OR user_mau.1802.standalonetf)",125
"2015-06-01 00:00:00","first_app:topface AND platform:fb","*",259
"2015-06-01 00:00:00","first_app:topface AND platform:fb","_exists_:(user_mau.1501.topfacemobappandroid OR user_mau.1501.topfacemobappios OR user_mau.1501.topface OR user_mau.1501.standalonetf)",0
"2015-06-01 00:00:00","first_app:topface AND platform:fb","_exists_:(user_mau.1502.topfacemobappandroid OR user_mau.1502.topfacemobappios OR user_mau.1502.topface OR user_mau.1502.standalonetf)",0
"2015-06-01 00:00:00","first_app:topface AND platform:fb","_exists_:(user_mau.1503.topfacemobappandroid OR user_mau.1503.topfacemobappios OR user_mau.1503.topface OR user_mau.1503.standalonetf)",0
"2015-06-01 00:00:00","first_app:topface AND platform:fb","_exists_:(user_mau.1504.topfacemobappandroid OR user_mau.1504.topfacemobappios OR user_mau.1504.topface OR user_mau.1504.standalonetf)",0
"2015-06-01 00:00:00","first_app:topface AND platform:fb","_exists_:(user_mau.1505.topfacemobappandroid OR user_mau.1505.topfacemobappios OR user_mau.1505.topface OR user_mau.1505.standalonetf)",0
"2015-06-01 00:00:00","first_app:topface AND platform:fb","_exists_:(user_mau.1506.topfacemobappandroid OR user_mau.1506.topfacemobappios OR user_mau.1506.topface OR user_mau.1506.standalonetf)",213
"2015-06-01 00:00:00","first_app:topface AND platform:fb","_exists_:(user_mau.1507.topfacemobappandroid OR user_mau.1507.topfacemobappios OR user_mau.1507.topface OR user_mau.1507.standalonetf)",52
"2015-06-01 00:00:00","first_app:topface AND platform:fb","_exists_:(user_mau.1508.topfacemobappandroid OR user_mau.1508.topfacemobappios OR user_mau.1508.topface OR user_mau.1508.standalonetf)",36
"2015-06-01 00:00:00","first_app:topface AND platform:fb","_exists_:(user_mau.1509.topfacemobappandroid OR user_mau.1509.topfacemobappios OR user_mau.1509.topface OR user_mau.1509.standalonetf)",23
"2015-06-01 00:00:00","first_app:topface AND platform:fb","_exists_:(user_mau.1510.topfacemobappandroid OR user_mau.1510.topfacemobappios OR user_mau.1510.topface OR user_mau.1510.standalonetf)",18
"2015-06-01 00:00:00","first_app:topface AND platform:fb","_exists_:(user_mau.1511.topfacemobappandroid OR user_mau.1511.topfacemobappios OR user_mau.1511.topface OR user_mau.1511.standalonetf)",16
"2015-06-01 00:00:00","first_app:topface AND platform:fb","_exists_:(user_mau.1512.topfacemobappandroid OR user_mau.1512.topfacemobappios OR user_mau.1512.topface OR user_mau.1512.standalonetf)",14
"2015-06-01 00:00:00","first_app:topface AND platform:fb","_exists_:(user_mau.1601.topfacemobappandroid OR user_mau.1601.topfacemobappios OR user_mau.1601.topface OR user_mau.1601.standalonetf)",30
"2015-06-01 00:00:00","first_app:topface AND platform:fb","_exists_:(user_mau.1602.topfacemobappandroid OR user_mau.1602.topfacemobappios OR user_mau.1602.topface OR user_mau.1602.standalonetf)",24
"2015-06-01 00:00:00","first_app:topface AND platform:fb","_exists_:(user_mau.1603.topfacemobappandroid OR user_mau.1603.topfacemobappios OR user_mau.1603.topface OR user_mau.1603.standalonetf)",23
"2015-06-01 00:00:00","first_app:topface AND platform:fb","_exists_:(user_mau.1604.topfacemobappandroid OR user_mau.1604.topfacemobappios OR user_mau.1604.topface OR user_mau.1604.standalonetf)",21
"2015-06-01 00:00:00","first_app:topface AND platform:fb","_exists_:(user_mau.1605.topfacemobappandroid OR user_mau.1605.topfacemobappios OR user_mau.1605.topface OR user_mau.1605.standalonetf)",18
"2015-06-01 00:00:00","first_app:topface AND platform:fb","_exists_:(user_mau.1606.topfacemobappandroid OR user_mau.1606.topfacemobappios OR user_mau.1606.topface OR user_mau.1606.standalonetf)",16
"2015-06-01 00:00:00","first_app:topface AND platform:fb","_exists_:(user_mau.1607.topfacemobappandroid OR user_mau.1607.topfacemobappios OR user_mau.1607.topface OR user_mau.1607.standalonetf)",14
"2015-06-01 00:00:00","first_app:topface AND platform:fb","_exists_:(user_mau.1608.topfacemobappandroid OR user_mau.1608.topfacemobappios OR user_mau.1608.topface OR user_mau.1608.standalonetf)",13
"2015-06-01 00:00:00","first_app:topface AND platform:fb","_exists_:(user_mau.1609.topfacemobappandroid OR user_mau.1609.topfacemobappios OR user_mau.1609.topface OR user_mau.1609.standalonetf)",11
"2015-06-01 00:00:00","first_app:topface AND platform:fb","_exists_:(user_mau.1610.topfacemobappandroid OR user_mau.1610.topfacemobappios OR user_mau.1610.topface OR user_mau.1610.standalonetf)",12
"2015-06-01 00:00:00","first_app:topface AND platform:fb","_exists_:(user_mau.1611.topfacemobappandroid OR user_mau.1611.topfacemobappios OR user_mau.1611.topface OR user_mau.1611.standalonetf)",10
"2015-06-01 00:00:00","first_app:topface AND platform:fb","_exists_:(user_mau.1612.topfacemobappandroid OR user_mau.1612.topfacemobappios OR user_mau.1612.topface OR user_mau.1612.standalonetf)",7
"2015-06-01 00:00:00","first_app:topface AND platform:fb","_exists_:(user_mau.1701.topfacemobappandroid OR user_mau.1701.topfacemobappios OR user_mau.1701.topface OR user_mau.1701.standalonetf)",11
"2015-06-01 00:00:00","first_app:topface AND platform:fb","_exists_:(user_mau.1702.topfacemobappandroid OR user_mau.1702.topfacemobappios OR user_mau.1702.topface OR user_mau.1702.standalonetf)",8
"2015-06-01 00:00:00","first_app:topface AND platform:fb","_exists_:(user_mau.1703.topfacemobappandroid OR user_mau.1703.topfacemobappios OR user_mau.1703.topface OR user_mau.1703.standalonetf)",7
"2015-06-01 00:00:00","first_app:topface AND platform:fb","_exists_:(user_mau.1704.topfacemobappandroid OR user_mau.1704.topfacemobappios OR user_mau.1704.topface OR user_mau.1704.standalonetf)",6
"2015-06-01 00:00:00","first_app:topface AND platform:fb","_exists_:(user_mau.1705.topfacemobappandroid OR user_mau.1705.topfacemobappios OR user_mau.1705.topface OR user_mau.1705.standalonetf)",8
"2015-06-01 00:00:00","first_app:topface AND platform:fb","_exists_:(user_mau.1706.topfacemobappandroid OR user_mau.1706.topfacemobappios OR user_mau.1706.topface OR user_mau.1706.standalonetf)",6
"2015-06-01 00:00:00","first_app:topface AND platform:fb","_exists_:(user_mau.1707.topfacemobappandroid OR user_mau.1707.topfacemobappios OR user_mau.1707.topface OR user_mau.1707.standalonetf)",9
"2015-06-01 00:00:00","first_app:topface AND platform:fb","_exists_:(user_mau.1708.topfacemobappandroid OR user_mau.1708.topfacemobappios OR user_mau.1708.topface OR user_mau.1708.standalonetf)",10
"2015-06-01 00:00:00","first_app:topface AND platform:fb","_exists_:(user_mau.1709.topfacemobappandroid OR user_mau.1709.topfacemobappios OR user_mau.1709.topface OR user_mau.1709.standalonetf)",11
"2015-06-01 00:00:00","first_app:topface AND platform:fb","_exists_:(user_mau.1710.topfacemobappandroid OR user_mau.1710.topfacemobappios OR user_mau.1710.topface OR user_mau.1710.standalonetf)",9
"2015-06-01 00:00:00","first_app:topface AND platform:fb","_exists_:(user_mau.1711.topfacemobappandroid OR user_mau.1711.topfacemobappios OR user_mau.1711.topface OR user_mau.1711.standalonetf)",7
"2015-06-01 00:00:00","first_app:topface AND platform:fb","_exists_:(user_mau.1712.topfacemobappandroid OR user_mau.1712.topfacemobappios OR user_mau.1712.topface OR user_mau.1712.standalonetf)",9
"2015-06-01 00:00:00","first_app:topface AND platform:fb","_exists_:(user_mau.1801.topfacemobappandroid OR user_mau.1801.topfacemobappios OR user_mau.1801.topface OR user_mau.1801.standalonetf)",8
"2015-06-01 00:00:00","first_app:topface AND platform:fb","_exists_:(user_mau.1802.topfacemobappandroid OR user_mau.1802.topfacemobappios OR user_mau.1802.topface OR user_mau.1802.standalonetf)",6
"2015-07-01 00:00:00","first_app:topfacemobappandroid","*","12,285"
"2015-07-01 00:00:00","first_app:topfacemobappandroid","_exists_:(user_mau.1501.topfacemobappandroid OR user_mau.1501.topfacemobappios OR user_mau.1501.topface OR user_mau.1501.standalonetf)",0
"2015-07-01 00:00:00","first_app:topfacemobappandroid","_exists_:(user_mau.1502.topfacemobappandroid OR user_mau.1502.topfacemobappios OR user_mau.1502.topface OR user_mau.1502.standalonetf)",0
"2015-07-01 00:00:00","first_app:topfacemobappandroid","_exists_:(user_mau.1503.topfacemobappandroid OR user_mau.1503.topfacemobappios OR user_mau.1503.topface OR user_mau.1503.standalonetf)",0
"2015-07-01 00:00:00","first_app:topfacemobappandroid","_exists_:(user_mau.1504.topfacemobappandroid OR user_mau.1504.topfacemobappios OR user_mau.1504.topface OR user_mau.1504.standalonetf)",0
"2015-07-01 00:00:00","first_app:topfacemobappandroid","_exists_:(user_mau.1505.topfacemobappandroid OR user_mau.1505.topfacemobappios OR user_mau.1505.topface OR user_mau.1505.standalonetf)",0
"2015-07-01 00:00:00","first_app:topfacemobappandroid","_exists_:(user_mau.1506.topfacemobappandroid OR user_mau.1506.topfacemobappios OR user_mau.1506.topface OR user_mau.1506.standalonetf)",4
"2015-07-01 00:00:00","first_app:topfacemobappandroid","_exists_:(user_mau.1507.topfacemobappandroid OR user_mau.1507.topfacemobappios OR user_mau.1507.topface OR user_mau.1507.standalonetf)","10,710"
"2015-07-01 00:00:00","first_app:topfacemobappandroid","_exists_:(user_mau.1508.topfacemobappandroid OR user_mau.1508.topfacemobappios OR user_mau.1508.topface OR user_mau.1508.standalonetf)","4,010"
"2015-07-01 00:00:00","first_app:topfacemobappandroid","_exists_:(user_mau.1509.topfacemobappandroid OR user_mau.1509.topfacemobappios OR user_mau.1509.topface OR user_mau.1509.standalonetf)","2,048"
"2015-07-01 00:00:00","first_app:topfacemobappandroid","_exists_:(user_mau.1510.topfacemobappandroid OR user_mau.1510.topfacemobappios OR user_mau.1510.topface OR user_mau.1510.standalonetf)","1,196"
"2015-07-01 00:00:00","first_app:topfacemobappandroid","_exists_:(user_mau.1511.topfacemobappandroid OR user_mau.1511.topfacemobappios OR user_mau.1511.topface OR user_mau.1511.standalonetf)",882
"2015-07-01 00:00:00","first_app:topfacemobappandroid","_exists_:(user_mau.1512.topfacemobappandroid OR user_mau.1512.topfacemobappios OR user_mau.1512.topface OR user_mau.1512.standalonetf)",359
"2015-07-01 00:00:00","first_app:topfacemobappandroid","_exists_:(user_mau.1601.topfacemobappandroid OR user_mau.1601.topfacemobappios OR user_mau.1601.topface OR user_mau.1601.standalonetf)","1,049"
"2015-07-01 00:00:00","first_app:topfacemobappandroid","_exists_:(user_mau.1602.topfacemobappandroid OR user_mau.1602.topfacemobappios OR user_mau.1602.topface OR user_mau.1602.standalonetf)",882
"2015-07-01 00:00:00","first_app:topfacemobappandroid","_exists_:(user_mau.1603.topfacemobappandroid OR user_mau.1603.topfacemobappios OR user_mau.1603.topface OR user_mau.1603.standalonetf)",792
"2015-07-01 00:00:00","first_app:topfacemobappandroid","_exists_:(user_mau.1604.topfacemobappandroid OR user_mau.1604.topfacemobappios OR user_mau.1604.topface OR user_mau.1604.standalonetf)",708
"2015-07-01 00:00:00","first_app:topfacemobappandroid","_exists_:(user_mau.1605.topfacemobappandroid OR user_mau.1605.topfacemobappios OR user_mau.1605.topface OR user_mau.1605.standalonetf)",629
"2015-07-01 00:00:00","first_app:topfacemobappandroid","_exists_:(user_mau.1606.topfacemobappandroid OR user_mau.1606.topfacemobappios OR user_mau.1606.topface OR user_mau.1606.standalonetf)",512
"2015-07-01 00:00:00","first_app:topfacemobappandroid","_exists_:(user_mau.1607.topfacemobappandroid OR user_mau.1607.topfacemobappios OR user_mau.1607.topface OR user_mau.1607.standalonetf)",466
"2015-07-01 00:00:00","first_app:topfacemobappandroid","_exists_:(user_mau.1608.topfacemobappandroid OR user_mau.1608.topfacemobappios OR user_mau.1608.topface OR user_mau.1608.standalonetf)",413
"2015-07-01 00:00:00","first_app:topfacemobappandroid","_exists_:(user_mau.1609.topfacemobappandroid OR user_mau.1609.topfacemobappios OR user_mau.1609.topface OR user_mau.1609.standalonetf)",400
"2015-07-01 00:00:00","first_app:topfacemobappandroid","_exists_:(user_mau.1610.topfacemobappandroid OR user_mau.1610.topfacemobappios OR user_mau.1610.topface OR user_mau.1610.standalonetf)",368
"2015-07-01 00:00:00","first_app:topfacemobappandroid","_exists_:(user_mau.1611.topfacemobappandroid OR user_mau.1611.topfacemobappios OR user_mau.1611.topface OR user_mau.1611.standalonetf)",336
"2015-07-01 00:00:00","first_app:topfacemobappandroid","_exists_:(user_mau.1612.topfacemobappandroid OR user_mau.1612.topfacemobappios OR user_mau.1612.topface OR user_mau.1612.standalonetf)",316
"2015-07-01 00:00:00","first_app:topfacemobappandroid","_exists_:(user_mau.1701.topfacemobappandroid OR user_mau.1701.topfacemobappios OR user_mau.1701.topface OR user_mau.1701.standalonetf)",320
"2015-07-01 00:00:00","first_app:topfacemobappandroid","_exists_:(user_mau.1702.topfacemobappandroid OR user_mau.1702.topfacemobappios OR user_mau.1702.topface OR user_mau.1702.standalonetf)",268
"2015-07-01 00:00:00","first_app:topfacemobappandroid","_exists_:(user_mau.1703.topfacemobappandroid OR user_mau.1703.topfacemobappios OR user_mau.1703.topface OR user_mau.1703.standalonetf)",271
"2015-07-01 00:00:00","first_app:topfacemobappandroid","_exists_:(user_mau.1704.topfacemobappandroid OR user_mau.1704.topfacemobappios OR user_mau.1704.topface OR user_mau.1704.standalonetf)",250
"2015-07-01 00:00:00","first_app:topfacemobappandroid","_exists_:(user_mau.1705.topfacemobappandroid OR user_mau.1705.topfacemobappios OR user_mau.1705.topface OR user_mau.1705.standalonetf)",251
"2015-07-01 00:00:00","first_app:topfacemobappandroid","_exists_:(user_mau.1706.topfacemobappandroid OR user_mau.1706.topfacemobappios OR user_mau.1706.topface OR user_mau.1706.standalonetf)",211
"2015-07-01 00:00:00","first_app:topfacemobappandroid","_exists_:(user_mau.1707.topfacemobappandroid OR user_mau.1707.topfacemobappios OR user_mau.1707.topface OR user_mau.1707.standalonetf)",185
"2015-07-01 00:00:00","first_app:topfacemobappandroid","_exists_:(user_mau.1708.topfacemobappandroid OR user_mau.1708.topfacemobappios OR user_mau.1708.topface OR user_mau.1708.standalonetf)",189
"2015-07-01 00:00:00","first_app:topfacemobappandroid","_exists_:(user_mau.1709.topfacemobappandroid OR user_mau.1709.topfacemobappios OR user_mau.1709.topface OR user_mau.1709.standalonetf)",188
"2015-07-01 00:00:00","first_app:topfacemobappandroid","_exists_:(user_mau.1710.topfacemobappandroid OR user_mau.1710.topfacemobappios OR user_mau.1710.topface OR user_mau.1710.standalonetf)",173
"2015-07-01 00:00:00","first_app:topfacemobappandroid","_exists_:(user_mau.1711.topfacemobappandroid OR user_mau.1711.topfacemobappios OR user_mau.1711.topface OR user_mau.1711.standalonetf)",170
"2015-07-01 00:00:00","first_app:topfacemobappandroid","_exists_:(user_mau.1712.topfacemobappandroid OR user_mau.1712.topfacemobappios OR user_mau.1712.topface OR user_mau.1712.standalonetf)",165
"2015-07-01 00:00:00","first_app:topfacemobappandroid","_exists_:(user_mau.1801.topfacemobappandroid OR user_mau.1801.topfacemobappios OR user_mau.1801.topface OR user_mau.1801.standalonetf)",152
"2015-07-01 00:00:00","first_app:topfacemobappandroid","_exists_:(user_mau.1802.topfacemobappandroid OR user_mau.1802.topfacemobappios OR user_mau.1802.topface OR user_mau.1802.standalonetf)",134
"2015-07-01 00:00:00","first_app:topfacemobappios","*",544
"2015-07-01 00:00:00","first_app:topfacemobappios","_exists_:(user_mau.1501.topfacemobappandroid OR user_mau.1501.topfacemobappios OR user_mau.1501.topface OR user_mau.1501.standalonetf)",0
"2015-07-01 00:00:00","first_app:topfacemobappios","_exists_:(user_mau.1502.topfacemobappandroid OR user_mau.1502.topfacemobappios OR user_mau.1502.topface OR user_mau.1502.standalonetf)",0
"2015-07-01 00:00:00","first_app:topfacemobappios","_exists_:(user_mau.1503.topfacemobappandroid OR user_mau.1503.topfacemobappios OR user_mau.1503.topface OR user_mau.1503.standalonetf)",0
"2015-07-01 00:00:00","first_app:topfacemobappios","_exists_:(user_mau.1504.topfacemobappandroid OR user_mau.1504.topfacemobappios OR user_mau.1504.topface OR user_mau.1504.standalonetf)",0
"2015-07-01 00:00:00","first_app:topfacemobappios","_exists_:(user_mau.1505.topfacemobappandroid OR user_mau.1505.topfacemobappios OR user_mau.1505.topface OR user_mau.1505.standalonetf)",0
"2015-07-01 00:00:00","first_app:topfacemobappios","_exists_:(user_mau.1506.topfacemobappandroid OR user_mau.1506.topfacemobappios OR user_mau.1506.topface OR user_mau.1506.standalonetf)",0
"2015-07-01 00:00:00","first_app:topfacemobappios","_exists_:(user_mau.1507.topfacemobappandroid OR user_mau.1507.topfacemobappios OR user_mau.1507.topface OR user_mau.1507.standalonetf)",450
"2015-07-01 00:00:00","first_app:topfacemobappios","_exists_:(user_mau.1508.topfacemobappandroid OR user_mau.1508.topfacemobappios OR user_mau.1508.topface OR user_mau.1508.standalonetf)",132
"2015-07-01 00:00:00","first_app:topfacemobappios","_exists_:(user_mau.1509.topfacemobappandroid OR user_mau.1509.topfacemobappios OR user_mau.1509.topface OR user_mau.1509.standalonetf)",76
"2015-07-01 00:00:00","first_app:topfacemobappios","_exists_:(user_mau.1510.topfacemobappandroid OR user_mau.1510.topfacemobappios OR user_mau.1510.topface OR user_mau.1510.standalonetf)",49
"2015-07-01 00:00:00","first_app:topfacemobappios","_exists_:(user_mau.1511.topfacemobappandroid OR user_mau.1511.topfacemobappios OR user_mau.1511.topface OR user_mau.1511.standalonetf)",42
"2015-07-01 00:00:00","first_app:topfacemobappios","_exists_:(user_mau.1512.topfacemobappandroid OR user_mau.1512.topfacemobappios OR user_mau.1512.topface OR user_mau.1512.standalonetf)",13
"2015-07-01 00:00:00","first_app:topfacemobappios","_exists_:(user_mau.1601.topfacemobappandroid OR user_mau.1601.topfacemobappios OR user_mau.1601.topface OR user_mau.1601.standalonetf)",63
"2015-07-01 00:00:00","first_app:topfacemobappios","_exists_:(user_mau.1602.topfacemobappandroid OR user_mau.1602.topfacemobappios OR user_mau.1602.topface OR user_mau.1602.standalonetf)",48
"2015-07-01 00:00:00","first_app:topfacemobappios","_exists_:(user_mau.1603.topfacemobappandroid OR user_mau.1603.topfacemobappios OR user_mau.1603.topface OR user_mau.1603.standalonetf)",42
"2015-07-01 00:00:00","first_app:topfacemobappios","_exists_:(user_mau.1604.topfacemobappandroid OR user_mau.1604.topfacemobappios OR user_mau.1604.topface OR user_mau.1604.standalonetf)",49
"2015-07-01 00:00:00","first_app:topfacemobappios","_exists_:(user_mau.1605.topfacemobappandroid OR user_mau.1605.topfacemobappios OR user_mau.1605.topface OR user_mau.1605.standalonetf)",38
"2015-07-01 00:00:00","first_app:topfacemobappios","_exists_:(user_mau.1606.topfacemobappandroid OR user_mau.1606.topfacemobappios OR user_mau.1606.topface OR user_mau.1606.standalonetf)",33
"2015-07-01 00:00:00","first_app:topfacemobappios","_exists_:(user_mau.1607.topfacemobappandroid OR user_mau.1607.topfacemobappios OR user_mau.1607.topface OR user_mau.1607.standalonetf)",31
"2015-07-01 00:00:00","first_app:topfacemobappios","_exists_:(user_mau.1608.topfacemobappandroid OR user_mau.1608.topfacemobappios OR user_mau.1608.topface OR user_mau.1608.standalonetf)",22
"2015-07-01 00:00:00","first_app:topfacemobappios","_exists_:(user_mau.1609.topfacemobappandroid OR user_mau.1609.topfacemobappios OR user_mau.1609.topface OR user_mau.1609.standalonetf)",20
"2015-07-01 00:00:00","first_app:topfacemobappios","_exists_:(user_mau.1610.topfacemobappandroid OR user_mau.1610.topfacemobappios OR user_mau.1610.topface OR user_mau.1610.standalonetf)",16
"2015-07-01 00:00:00","first_app:topfacemobappios","_exists_:(user_mau.1611.topfacemobappandroid OR user_mau.1611.topfacemobappios OR user_mau.1611.topface OR user_mau.1611.standalonetf)",18
"2015-07-01 00:00:00","first_app:topfacemobappios","_exists_:(user_mau.1612.topfacemobappandroid OR user_mau.1612.topfacemobappios OR user_mau.1612.topface OR user_mau.1612.standalonetf)",16
"2015-07-01 00:00:00","first_app:topfacemobappios","_exists_:(user_mau.1701.topfacemobappandroid OR user_mau.1701.topfacemobappios OR user_mau.1701.topface OR user_mau.1701.standalonetf)",15
"2015-07-01 00:00:00","first_app:topfacemobappios","_exists_:(user_mau.1702.topfacemobappandroid OR user_mau.1702.topfacemobappios OR user_mau.1702.topface OR user_mau.1702.standalonetf)",14
"2015-07-01 00:00:00","first_app:topfacemobappios","_exists_:(user_mau.1703.topfacemobappandroid OR user_mau.1703.topfacemobappios OR user_mau.1703.topface OR user_mau.1703.standalonetf)",16
"2015-07-01 00:00:00","first_app:topfacemobappios","_exists_:(user_mau.1704.topfacemobappandroid OR user_mau.1704.topfacemobappios OR user_mau.1704.topface OR user_mau.1704.standalonetf)",15
"2015-07-01 00:00:00","first_app:topfacemobappios","_exists_:(user_mau.1705.topfacemobappandroid OR user_mau.1705.topfacemobappios OR user_mau.1705.topface OR user_mau.1705.standalonetf)",16
"2015-07-01 00:00:00","first_app:topfacemobappios","_exists_:(user_mau.1706.topfacemobappandroid OR user_mau.1706.topfacemobappios OR user_mau.1706.topface OR user_mau.1706.standalonetf)",16
"2015-07-01 00:00:00","first_app:topfacemobappios","_exists_:(user_mau.1707.topfacemobappandroid OR user_mau.1707.topfacemobappios OR user_mau.1707.topface OR user_mau.1707.standalonetf)",15
"2015-07-01 00:00:00","first_app:topfacemobappios","_exists_:(user_mau.1708.topfacemobappandroid OR user_mau.1708.topfacemobappios OR user_mau.1708.topface OR user_mau.1708.standalonetf)",17
"2015-07-01 00:00:00","first_app:topfacemobappios","_exists_:(user_mau.1709.topfacemobappandroid OR user_mau.1709.topfacemobappios OR user_mau.1709.topface OR user_mau.1709.standalonetf)",17
"2015-07-01 00:00:00","first_app:topfacemobappios","_exists_:(user_mau.1710.topfacemobappandroid OR user_mau.1710.topfacemobappios OR user_mau.1710.topface OR user_mau.1710.standalonetf)",12
"2015-07-01 00:00:00","first_app:topfacemobappios","_exists_:(user_mau.1711.topfacemobappandroid OR user_mau.1711.topfacemobappios OR user_mau.1711.topface OR user_mau.1711.standalonetf)",11
"2015-07-01 00:00:00","first_app:topfacemobappios","_exists_:(user_mau.1712.topfacemobappandroid OR user_mau.1712.topfacemobappios OR user_mau.1712.topface OR user_mau.1712.standalonetf)",10
"2015-07-01 00:00:00","first_app:topfacemobappios","_exists_:(user_mau.1801.topfacemobappandroid OR user_mau.1801.topfacemobappios OR user_mau.1801.topface OR user_mau.1801.standalonetf)",10
"2015-07-01 00:00:00","first_app:topfacemobappios","_exists_:(user_mau.1802.topfacemobappandroid OR user_mau.1802.topfacemobappios OR user_mau.1802.topface OR user_mau.1802.standalonetf)",10
"2015-07-01 00:00:00","first_app:standalonetf","*","26,602"
"2015-07-01 00:00:00","first_app:standalonetf","_exists_:(user_mau.1501.topfacemobappandroid OR user_mau.1501.topfacemobappios OR user_mau.1501.topface OR user_mau.1501.standalonetf)",0
"2015-07-01 00:00:00","first_app:standalonetf","_exists_:(user_mau.1502.topfacemobappandroid OR user_mau.1502.topfacemobappios OR user_mau.1502.topface OR user_mau.1502.standalonetf)",0
"2015-07-01 00:00:00","first_app:standalonetf","_exists_:(user_mau.1503.topfacemobappandroid OR user_mau.1503.topfacemobappios OR user_mau.1503.topface OR user_mau.1503.standalonetf)",0
"2015-07-01 00:00:00","first_app:standalonetf","_exists_:(user_mau.1504.topfacemobappandroid OR user_mau.1504.topfacemobappios OR user_mau.1504.topface OR user_mau.1504.standalonetf)",0
"2015-07-01 00:00:00","first_app:standalonetf","_exists_:(user_mau.1505.topfacemobappandroid OR user_mau.1505.topfacemobappios OR user_mau.1505.topface OR user_mau.1505.standalonetf)",0
"2015-07-01 00:00:00","first_app:standalonetf","_exists_:(user_mau.1506.topfacemobappandroid OR user_mau.1506.topfacemobappios OR user_mau.1506.topface OR user_mau.1506.standalonetf)",66
"2015-07-01 00:00:00","first_app:standalonetf","_exists_:(user_mau.1507.topfacemobappandroid OR user_mau.1507.topfacemobappios OR user_mau.1507.topface OR user_mau.1507.standalonetf)","20,723"
"2015-07-01 00:00:00","first_app:standalonetf","_exists_:(user_mau.1508.topfacemobappandroid OR user_mau.1508.topfacemobappios OR user_mau.1508.topface OR user_mau.1508.standalonetf)","3,878"
"2015-07-01 00:00:00","first_app:standalonetf","_exists_:(user_mau.1509.topfacemobappandroid OR user_mau.1509.topfacemobappios OR user_mau.1509.topface OR user_mau.1509.standalonetf)","2,137"
"2015-07-01 00:00:00","first_app:standalonetf","_exists_:(user_mau.1510.topfacemobappandroid OR user_mau.1510.topfacemobappios OR user_mau.1510.topface OR user_mau.1510.standalonetf)","1,529"
"2015-07-01 00:00:00","first_app:standalonetf","_exists_:(user_mau.1511.topfacemobappandroid OR user_mau.1511.topfacemobappios OR user_mau.1511.topface OR user_mau.1511.standalonetf)","1,532"
"2015-07-01 00:00:00","first_app:standalonetf","_exists_:(user_mau.1512.topfacemobappandroid OR user_mau.1512.topfacemobappios OR user_mau.1512.topface OR user_mau.1512.standalonetf)",775
"2015-07-01 00:00:00","first_app:standalonetf","_exists_:(user_mau.1601.topfacemobappandroid OR user_mau.1601.topfacemobappios OR user_mau.1601.topface OR user_mau.1601.standalonetf)","2,154"
"2015-07-01 00:00:00","first_app:standalonetf","_exists_:(user_mau.1602.topfacemobappandroid OR user_mau.1602.topfacemobappios OR user_mau.1602.topface OR user_mau.1602.standalonetf)","1,759"
"2015-07-01 00:00:00","first_app:standalonetf","_exists_:(user_mau.1603.topfacemobappandroid OR user_mau.1603.topfacemobappios OR user_mau.1603.topface OR user_mau.1603.standalonetf)","1,534"
"2015-07-01 00:00:00","first_app:standalonetf","_exists_:(user_mau.1604.topfacemobappandroid OR user_mau.1604.topfacemobappios OR user_mau.1604.topface OR user_mau.1604.standalonetf)","1,342"
"2015-07-01 00:00:00","first_app:standalonetf","_exists_:(user_mau.1605.topfacemobappandroid OR user_mau.1605.topfacemobappios OR user_mau.1605.topface OR user_mau.1605.standalonetf)","1,218"
"2015-07-01 00:00:00","first_app:standalonetf","_exists_:(user_mau.1606.topfacemobappandroid OR user_mau.1606.topfacemobappios OR user_mau.1606.topface OR user_mau.1606.standalonetf)","1,112"
"2015-07-01 00:00:00","first_app:standalonetf","_exists_:(user_mau.1607.topfacemobappandroid OR user_mau.1607.topfacemobappios OR user_mau.1607.topface OR user_mau.1607.standalonetf)","1,092"
"2015-07-01 00:00:00","first_app:standalonetf","_exists_:(user_mau.1608.topfacemobappandroid OR user_mau.1608.topfacemobappios OR user_mau.1608.topface OR user_mau.1608.standalonetf)",983
"2015-07-01 00:00:00","first_app:standalonetf","_exists_:(user_mau.1609.topfacemobappandroid OR user_mau.1609.topfacemobappios OR user_mau.1609.topface OR user_mau.1609.standalonetf)",900
"2015-07-01 00:00:00","first_app:standalonetf","_exists_:(user_mau.1610.topfacemobappandroid OR user_mau.1610.topfacemobappios OR user_mau.1610.topface OR user_mau.1610.standalonetf)",845
"2015-07-01 00:00:00","first_app:standalonetf","_exists_:(user_mau.1611.topfacemobappandroid OR user_mau.1611.topfacemobappios OR user_mau.1611.topface OR user_mau.1611.standalonetf)",737
"2015-07-01 00:00:00","first_app:standalonetf","_exists_:(user_mau.1612.topfacemobappandroid OR user_mau.1612.topfacemobappios OR user_mau.1612.topface OR user_mau.1612.standalonetf)",708
"2015-07-01 00:00:00","first_app:standalonetf","_exists_:(user_mau.1701.topfacemobappandroid OR user_mau.1701.topfacemobappios OR user_mau.1701.topface OR user_mau.1701.standalonetf)",687
"2015-07-01 00:00:00","first_app:standalonetf","_exists_:(user_mau.1702.topfacemobappandroid OR user_mau.1702.topfacemobappios OR user_mau.1702.topface OR user_mau.1702.standalonetf)",612
"2015-07-01 00:00:00","first_app:standalonetf","_exists_:(user_mau.1703.topfacemobappandroid OR user_mau.1703.topfacemobappios OR user_mau.1703.topface OR user_mau.1703.standalonetf)",592
"2015-07-01 00:00:00","first_app:standalonetf","_exists_:(user_mau.1704.topfacemobappandroid OR user_mau.1704.topfacemobappios OR user_mau.1704.topface OR user_mau.1704.standalonetf)",558
"2015-07-01 00:00:00","first_app:standalonetf","_exists_:(user_mau.1705.topfacemobappandroid OR user_mau.1705.topfacemobappios OR user_mau.1705.topface OR user_mau.1705.standalonetf)",513
"2015-07-01 00:00:00","first_app:standalonetf","_exists_:(user_mau.1706.topfacemobappandroid OR user_mau.1706.topfacemobappios OR user_mau.1706.topface OR user_mau.1706.standalonetf)",448
"2015-07-01 00:00:00","first_app:standalonetf","_exists_:(user_mau.1707.topfacemobappandroid OR user_mau.1707.topfacemobappios OR user_mau.1707.topface OR user_mau.1707.standalonetf)",424
"2015-07-01 00:00:00","first_app:standalonetf","_exists_:(user_mau.1708.topfacemobappandroid OR user_mau.1708.topfacemobappios OR user_mau.1708.topface OR user_mau.1708.standalonetf)",427
"2015-07-01 00:00:00","first_app:standalonetf","_exists_:(user_mau.1709.topfacemobappandroid OR user_mau.1709.topfacemobappios OR user_mau.1709.topface OR user_mau.1709.standalonetf)",442
"2015-07-01 00:00:00","first_app:standalonetf","_exists_:(user_mau.1710.topfacemobappandroid OR user_mau.1710.topfacemobappios OR user_mau.1710.topface OR user_mau.1710.standalonetf)",416
"2015-07-01 00:00:00","first_app:standalonetf","_exists_:(user_mau.1711.topfacemobappandroid OR user_mau.1711.topfacemobappios OR user_mau.1711.topface OR user_mau.1711.standalonetf)",380
"2015-07-01 00:00:00","first_app:standalonetf","_exists_:(user_mau.1712.topfacemobappandroid OR user_mau.1712.topfacemobappios OR user_mau.1712.topface OR user_mau.1712.standalonetf)",369
"2015-07-01 00:00:00","first_app:standalonetf","_exists_:(user_mau.1801.topfacemobappandroid OR user_mau.1801.topfacemobappios OR user_mau.1801.topface OR user_mau.1801.standalonetf)",365
"2015-07-01 00:00:00","first_app:standalonetf","_exists_:(user_mau.1802.topfacemobappandroid OR user_mau.1802.topfacemobappios OR user_mau.1802.topface OR user_mau.1802.standalonetf)",317
"2015-07-01 00:00:00","first_app:topface AND platform:vk","*","17,224"
"2015-07-01 00:00:00","first_app:topface AND platform:vk","_exists_:(user_mau.1501.topfacemobappandroid OR user_mau.1501.topfacemobappios OR user_mau.1501.topface OR user_mau.1501.standalonetf)",0
"2015-07-01 00:00:00","first_app:topface AND platform:vk","_exists_:(user_mau.1502.topfacemobappandroid OR user_mau.1502.topfacemobappios OR user_mau.1502.topface OR user_mau.1502.standalonetf)",0
"2015-07-01 00:00:00","first_app:topface AND platform:vk","_exists_:(user_mau.1503.topfacemobappandroid OR user_mau.1503.topfacemobappios OR user_mau.1503.topface OR user_mau.1503.standalonetf)",0
"2015-07-01 00:00:00","first_app:topface AND platform:vk","_exists_:(user_mau.1504.topfacemobappandroid OR user_mau.1504.topfacemobappios OR user_mau.1504.topface OR user_mau.1504.standalonetf)",0
"2015-07-01 00:00:00","first_app:topface AND platform:vk","_exists_:(user_mau.1505.topfacemobappandroid OR user_mau.1505.topfacemobappios OR user_mau.1505.topface OR user_mau.1505.standalonetf)",0
"2015-07-01 00:00:00","first_app:topface AND platform:vk","_exists_:(user_mau.1506.topfacemobappandroid OR user_mau.1506.topfacemobappios OR user_mau.1506.topface OR user_mau.1506.standalonetf)",29
"2015-07-01 00:00:00","first_app:topface AND platform:vk","_exists_:(user_mau.1507.topfacemobappandroid OR user_mau.1507.topfacemobappios OR user_mau.1507.topface OR user_mau.1507.standalonetf)","13,088"
"2015-07-01 00:00:00","first_app:topface AND platform:vk","_exists_:(user_mau.1508.topfacemobappandroid OR user_mau.1508.topfacemobappios OR user_mau.1508.topface OR user_mau.1508.standalonetf)","3,801"
"2015-07-01 00:00:00","first_app:topface AND platform:vk","_exists_:(user_mau.1509.topfacemobappandroid OR user_mau.1509.topfacemobappios OR user_mau.1509.topface OR user_mau.1509.standalonetf)","2,289"
"2015-07-01 00:00:00","first_app:topface AND platform:vk","_exists_:(user_mau.1510.topfacemobappandroid OR user_mau.1510.topfacemobappios OR user_mau.1510.topface OR user_mau.1510.standalonetf)","1,764"
"2015-07-01 00:00:00","first_app:topface AND platform:vk","_exists_:(user_mau.1511.topfacemobappandroid OR user_mau.1511.topfacemobappios OR user_mau.1511.topface OR user_mau.1511.standalonetf)","1,146"
"2015-07-01 00:00:00","first_app:topface AND platform:vk","_exists_:(user_mau.1512.topfacemobappandroid OR user_mau.1512.topfacemobappios OR user_mau.1512.topface OR user_mau.1512.standalonetf)",749
"2015-07-01 00:00:00","first_app:topface AND platform:vk","_exists_:(user_mau.1601.topfacemobappandroid OR user_mau.1601.topfacemobappios OR user_mau.1601.topface OR user_mau.1601.standalonetf)","2,469"
"2015-07-01 00:00:00","first_app:topface AND platform:vk","_exists_:(user_mau.1602.topfacemobappandroid OR user_mau.1602.topfacemobappios OR user_mau.1602.topface OR user_mau.1602.standalonetf)","2,122"
"2015-07-01 00:00:00","first_app:topface AND platform:vk","_exists_:(user_mau.1603.topfacemobappandroid OR user_mau.1603.topfacemobappios OR user_mau.1603.topface OR user_mau.1603.standalonetf)","2,018"
"2015-07-01 00:00:00","first_app:topface AND platform:vk","_exists_:(user_mau.1604.topfacemobappandroid OR user_mau.1604.topfacemobappios OR user_mau.1604.topface OR user_mau.1604.standalonetf)","1,624"
"2015-07-01 00:00:00","first_app:topface AND platform:vk","_exists_:(user_mau.1605.topfacemobappandroid OR user_mau.1605.topfacemobappios OR user_mau.1605.topface OR user_mau.1605.standalonetf)","1,434"
"2015-07-01 00:00:00","first_app:topface AND platform:vk","_exists_:(user_mau.1606.topfacemobappandroid OR user_mau.1606.topfacemobappios OR user_mau.1606.topface OR user_mau.1606.standalonetf)","1,364"
"2015-07-01 00:00:00","first_app:topface AND platform:vk","_exists_:(user_mau.1607.topfacemobappandroid OR user_mau.1607.topfacemobappios OR user_mau.1607.topface OR user_mau.1607.standalonetf)","1,296"
"2015-07-01 00:00:00","first_app:topface AND platform:vk","_exists_:(user_mau.1608.topfacemobappandroid OR user_mau.1608.topfacemobappios OR user_mau.1608.topface OR user_mau.1608.standalonetf)","1,210"
"2015-07-01 00:00:00","first_app:topface AND platform:vk","_exists_:(user_mau.1609.topfacemobappandroid OR user_mau.1609.topfacemobappios OR user_mau.1609.topface OR user_mau.1609.standalonetf)","1,072"
"2015-07-01 00:00:00","first_app:topface AND platform:vk","_exists_:(user_mau.1610.topfacemobappandroid OR user_mau.1610.topfacemobappios OR user_mau.1610.topface OR user_mau.1610.standalonetf)",975
"2015-07-01 00:00:00","first_app:topface AND platform:vk","_exists_:(user_mau.1611.topfacemobappandroid OR user_mau.1611.topfacemobappios OR user_mau.1611.topface OR user_mau.1611.standalonetf)",782
"2015-07-01 00:00:00","first_app:topface AND platform:vk","_exists_:(user_mau.1612.topfacemobappandroid OR user_mau.1612.topfacemobappios OR user_mau.1612.topface OR user_mau.1612.standalonetf)",752
"2015-07-01 00:00:00","first_app:topface AND platform:vk","_exists_:(user_mau.1701.topfacemobappandroid OR user_mau.1701.topfacemobappios OR user_mau.1701.topface OR user_mau.1701.standalonetf)",797
"2015-07-01 00:00:00","first_app:topface AND platform:vk","_exists_:(user_mau.1702.topfacemobappandroid OR user_mau.1702.topfacemobappios OR user_mau.1702.topface OR user_mau.1702.standalonetf)",650
"2015-07-01 00:00:00","first_app:topface AND platform:vk","_exists_:(user_mau.1703.topfacemobappandroid OR user_mau.1703.topfacemobappios OR user_mau.1703.topface OR user_mau.1703.standalonetf)",643
"2015-07-01 00:00:00","first_app:topface AND platform:vk","_exists_:(user_mau.1704.topfacemobappandroid OR user_mau.1704.topfacemobappios OR user_mau.1704.topface OR user_mau.1704.standalonetf)",653
"2015-07-01 00:00:00","first_app:topface AND platform:vk","_exists_:(user_mau.1705.topfacemobappandroid OR user_mau.1705.topfacemobappios OR user_mau.1705.topface OR user_mau.1705.standalonetf)",618
"2015-07-01 00:00:00","first_app:topface AND platform:vk","_exists_:(user_mau.1706.topfacemobappandroid OR user_mau.1706.topfacemobappios OR user_mau.1706.topface OR user_mau.1706.standalonetf)",512
"2015-07-01 00:00:00","first_app:topface AND platform:vk","_exists_:(user_mau.1707.topfacemobappandroid OR user_mau.1707.topfacemobappios OR user_mau.1707.topface OR user_mau.1707.standalonetf)",553
"2015-07-01 00:00:00","first_app:topface AND platform:vk","_exists_:(user_mau.1708.topfacemobappandroid OR user_mau.1708.topfacemobappios OR user_mau.1708.topface OR user_mau.1708.standalonetf)",496
"2015-07-01 00:00:00","first_app:topface AND platform:vk","_exists_:(user_mau.1709.topfacemobappandroid OR user_mau.1709.topfacemobappios OR user_mau.1709.topface OR user_mau.1709.standalonetf)",458
"2015-07-01 00:00:00","first_app:topface AND platform:vk","_exists_:(user_mau.1710.topfacemobappandroid OR user_mau.1710.topfacemobappios OR user_mau.1710.topface OR user_mau.1710.standalonetf)",491
"2015-07-01 00:00:00","first_app:topface AND platform:vk","_exists_:(user_mau.1711.topfacemobappandroid OR user_mau.1711.topfacemobappios OR user_mau.1711.topface OR user_mau.1711.standalonetf)",484
"2015-07-01 00:00:00","first_app:topface AND platform:vk","_exists_:(user_mau.1712.topfacemobappandroid OR user_mau.1712.topfacemobappios OR user_mau.1712.topface OR user_mau.1712.standalonetf)",432
"2015-07-01 00:00:00","first_app:topface AND platform:vk","_exists_:(user_mau.1801.topfacemobappandroid OR user_mau.1801.topfacemobappios OR user_mau.1801.topface OR user_mau.1801.standalonetf)",393
"2015-07-01 00:00:00","first_app:topface AND platform:vk","_exists_:(user_mau.1802.topfacemobappandroid OR user_mau.1802.topfacemobappios OR user_mau.1802.topface OR user_mau.1802.standalonetf)",385
"2015-07-01 00:00:00","first_app:topface AND platform:ok","*","56,766"
"2015-07-01 00:00:00","first_app:topface AND platform:ok","_exists_:(user_mau.1501.topfacemobappandroid OR user_mau.1501.topfacemobappios OR user_mau.1501.topface OR user_mau.1501.standalonetf)",0
"2015-07-01 00:00:00","first_app:topface AND platform:ok","_exists_:(user_mau.1502.topfacemobappandroid OR user_mau.1502.topfacemobappios OR user_mau.1502.topface OR user_mau.1502.standalonetf)",0
"2015-07-01 00:00:00","first_app:topface AND platform:ok","_exists_:(user_mau.1503.topfacemobappandroid OR user_mau.1503.topfacemobappios OR user_mau.1503.topface OR user_mau.1503.standalonetf)",0
"2015-07-01 00:00:00","first_app:topface AND platform:ok","_exists_:(user_mau.1504.topfacemobappandroid OR user_mau.1504.topfacemobappios OR user_mau.1504.topface OR user_mau.1504.standalonetf)",0
"2015-07-01 00:00:00","first_app:topface AND platform:ok","_exists_:(user_mau.1505.topfacemobappandroid OR user_mau.1505.topfacemobappios OR user_mau.1505.topface OR user_mau.1505.standalonetf)",0
"2015-07-01 00:00:00","first_app:topface AND platform:ok","_exists_:(user_mau.1506.topfacemobappandroid OR user_mau.1506.topfacemobappios OR user_mau.1506.topface OR user_mau.1506.standalonetf)",20
"2015-07-01 00:00:00","first_app:topface AND platform:ok","_exists_:(user_mau.1507.topfacemobappandroid OR user_mau.1507.topfacemobappios OR user_mau.1507.topface OR user_mau.1507.standalonetf)","51,639"
"2015-07-01 00:00:00","first_app:topface AND platform:ok","_exists_:(user_mau.1508.topfacemobappandroid OR user_mau.1508.topfacemobappios OR user_mau.1508.topface OR user_mau.1508.standalonetf)","9,959"
"2015-07-01 00:00:00","first_app:topface AND platform:ok","_exists_:(user_mau.1509.topfacemobappandroid OR user_mau.1509.topfacemobappios OR user_mau.1509.topface OR user_mau.1509.standalonetf)","8,502"
"2015-07-01 00:00:00","first_app:topface AND platform:ok","_exists_:(user_mau.1510.topfacemobappandroid OR user_mau.1510.topfacemobappios OR user_mau.1510.topface OR user_mau.1510.standalonetf)","3,402"
"2015-07-01 00:00:00","first_app:topface AND platform:ok","_exists_:(user_mau.1511.topfacemobappandroid OR user_mau.1511.topfacemobappios OR user_mau.1511.topface OR user_mau.1511.standalonetf)","1,977"
"2015-07-01 00:00:00","first_app:topface AND platform:ok","_exists_:(user_mau.1512.topfacemobappandroid OR user_mau.1512.topfacemobappios OR user_mau.1512.topface OR user_mau.1512.standalonetf)","1,337"
"2015-07-01 00:00:00","first_app:topface AND platform:ok","_exists_:(user_mau.1601.topfacemobappandroid OR user_mau.1601.topfacemobappios OR user_mau.1601.topface OR user_mau.1601.standalonetf)","2,368"
"2015-07-01 00:00:00","first_app:topface AND platform:ok","_exists_:(user_mau.1602.topfacemobappandroid OR user_mau.1602.topfacemobappios OR user_mau.1602.topface OR user_mau.1602.standalonetf)","2,282"
"2015-07-01 00:00:00","first_app:topface AND platform:ok","_exists_:(user_mau.1603.topfacemobappandroid OR user_mau.1603.topfacemobappios OR user_mau.1603.topface OR user_mau.1603.standalonetf)","2,036"
"2015-07-01 00:00:00","first_app:topface AND platform:ok","_exists_:(user_mau.1604.topfacemobappandroid OR user_mau.1604.topfacemobappios OR user_mau.1604.topface OR user_mau.1604.standalonetf)","1,587"
"2015-07-01 00:00:00","first_app:topface AND platform:ok","_exists_:(user_mau.1605.topfacemobappandroid OR user_mau.1605.topfacemobappios OR user_mau.1605.topface OR user_mau.1605.standalonetf)","1,185"
"2015-07-01 00:00:00","first_app:topface AND platform:ok","_exists_:(user_mau.1606.topfacemobappandroid OR user_mau.1606.topfacemobappios OR user_mau.1606.topface OR user_mau.1606.standalonetf)","1,029"
"2015-07-01 00:00:00","first_app:topface AND platform:ok","_exists_:(user_mau.1607.topfacemobappandroid OR user_mau.1607.topfacemobappios OR user_mau.1607.topface OR user_mau.1607.standalonetf)",937
"2015-07-01 00:00:00","first_app:topface AND platform:ok","_exists_:(user_mau.1608.topfacemobappandroid OR user_mau.1608.topfacemobappios OR user_mau.1608.topface OR user_mau.1608.standalonetf)",802
"2015-07-01 00:00:00","first_app:topface AND platform:ok","_exists_:(user_mau.1609.topfacemobappandroid OR user_mau.1609.topfacemobappios OR user_mau.1609.topface OR user_mau.1609.standalonetf)",794
"2015-07-01 00:00:00","first_app:topface AND platform:ok","_exists_:(user_mau.1610.topfacemobappandroid OR user_mau.1610.topfacemobappios OR user_mau.1610.topface OR user_mau.1610.standalonetf)",800
"2015-07-01 00:00:00","first_app:topface AND platform:ok","_exists_:(user_mau.1611.topfacemobappandroid OR user_mau.1611.topfacemobappios OR user_mau.1611.topface OR user_mau.1611.standalonetf)",687
"2015-07-01 00:00:00","first_app:topface AND platform:ok","_exists_:(user_mau.1612.topfacemobappandroid OR user_mau.1612.topfacemobappios OR user_mau.1612.topface OR user_mau.1612.standalonetf)",683
"2015-07-01 00:00:00","first_app:topface AND platform:ok","_exists_:(user_mau.1701.topfacemobappandroid OR user_mau.1701.topfacemobappios OR user_mau.1701.topface OR user_mau.1701.standalonetf)",660
"2015-07-01 00:00:00","first_app:topface AND platform:ok","_exists_:(user_mau.1702.topfacemobappandroid OR user_mau.1702.topfacemobappios OR user_mau.1702.topface OR user_mau.1702.standalonetf)",587
"2015-07-01 00:00:00","first_app:topface AND platform:ok","_exists_:(user_mau.1703.topfacemobappandroid OR user_mau.1703.topfacemobappios OR user_mau.1703.topface OR user_mau.1703.standalonetf)",531
"2015-07-01 00:00:00","first_app:topface AND platform:ok","_exists_:(user_mau.1704.topfacemobappandroid OR user_mau.1704.topfacemobappios OR user_mau.1704.topface OR user_mau.1704.standalonetf)",503
"2015-07-01 00:00:00","first_app:topface AND platform:ok","_exists_:(user_mau.1705.topfacemobappandroid OR user_mau.1705.topfacemobappios OR user_mau.1705.topface OR user_mau.1705.standalonetf)",484
"2015-07-01 00:00:00","first_app:topface AND platform:ok","_exists_:(user_mau.1706.topfacemobappandroid OR user_mau.1706.topfacemobappios OR user_mau.1706.topface OR user_mau.1706.standalonetf)",457
"2015-07-01 00:00:00","first_app:topface AND platform:ok","_exists_:(user_mau.1707.topfacemobappandroid OR user_mau.1707.topfacemobappios OR user_mau.1707.topface OR user_mau.1707.standalonetf)",453
"2015-07-01 00:00:00","first_app:topface AND platform:ok","_exists_:(user_mau.1708.topfacemobappandroid OR user_mau.1708.topfacemobappios OR user_mau.1708.topface OR user_mau.1708.standalonetf)",431
"2015-07-01 00:00:00","first_app:topface AND platform:ok","_exists_:(user_mau.1709.topfacemobappandroid OR user_mau.1709.topfacemobappios OR user_mau.1709.topface OR user_mau.1709.standalonetf)",393
"2015-07-01 00:00:00","first_app:topface AND platform:ok","_exists_:(user_mau.1710.topfacemobappandroid OR user_mau.1710.topfacemobappios OR user_mau.1710.topface OR user_mau.1710.standalonetf)",413
"2015-07-01 00:00:00","first_app:topface AND platform:ok","_exists_:(user_mau.1711.topfacemobappandroid OR user_mau.1711.topfacemobappios OR user_mau.1711.topface OR user_mau.1711.standalonetf)",357
"2015-07-01 00:00:00","first_app:topface AND platform:ok","_exists_:(user_mau.1712.topfacemobappandroid OR user_mau.1712.topfacemobappios OR user_mau.1712.topface OR user_mau.1712.standalonetf)",333
"2015-07-01 00:00:00","first_app:topface AND platform:ok","_exists_:(user_mau.1801.topfacemobappandroid OR user_mau.1801.topfacemobappios OR user_mau.1801.topface OR user_mau.1801.standalonetf)",307
"2015-07-01 00:00:00","first_app:topface AND platform:ok","_exists_:(user_mau.1802.topfacemobappandroid OR user_mau.1802.topfacemobappios OR user_mau.1802.topface OR user_mau.1802.standalonetf)",285
"2015-07-01 00:00:00","first_app:topface AND platform:fb","*",3
"2015-07-01 00:00:00","first_app:topface AND platform:fb","_exists_:(user_mau.1501.topfacemobappandroid OR user_mau.1501.topfacemobappios OR user_mau.1501.topface OR user_mau.1501.standalonetf)",0
"2015-07-01 00:00:00","first_app:topface AND platform:fb","_exists_:(user_mau.1502.topfacemobappandroid OR user_mau.1502.topfacemobappios OR user_mau.1502.topface OR user_mau.1502.standalonetf)",0
"2015-07-01 00:00:00","first_app:topface AND platform:fb","_exists_:(user_mau.1503.topfacemobappandroid OR user_mau.1503.topfacemobappios OR user_mau.1503.topface OR user_mau.1503.standalonetf)",0
"2015-07-01 00:00:00","first_app:topface AND platform:fb","_exists_:(user_mau.1504.topfacemobappandroid OR user_mau.1504.topfacemobappios OR user_mau.1504.topface OR user_mau.1504.standalonetf)",0
"2015-07-01 00:00:00","first_app:topface AND platform:fb","_exists_:(user_mau.1505.topfacemobappandroid OR user_mau.1505.topfacemobappios OR user_mau.1505.topface OR user_mau.1505.standalonetf)",0
"2015-07-01 00:00:00","first_app:topface AND platform:fb","_exists_:(user_mau.1506.topfacemobappandroid OR user_mau.1506.topfacemobappios OR user_mau.1506.topface OR user_mau.1506.standalonetf)",0
"2015-07-01 00:00:00","first_app:topface AND platform:fb","_exists_:(user_mau.1507.topfacemobappandroid OR user_mau.1507.topfacemobappios OR user_mau.1507.topface OR user_mau.1507.standalonetf)",1
"2015-07-01 00:00:00","first_app:topface AND platform:fb","_exists_:(user_mau.1508.topfacemobappandroid OR user_mau.1508.topfacemobappios OR user_mau.1508.topface OR user_mau.1508.standalonetf)",0
"2015-07-01 00:00:00","first_app:topface AND platform:fb","_exists_:(user_mau.1509.topfacemobappandroid OR user_mau.1509.topfacemobappios OR user_mau.1509.topface OR user_mau.1509.standalonetf)",0
"2015-07-01 00:00:00","first_app:topface AND platform:fb","_exists_:(user_mau.1510.topfacemobappandroid OR user_mau.1510.topfacemobappios OR user_mau.1510.topface OR user_mau.1510.standalonetf)",1
"2015-07-01 00:00:00","first_app:topface AND platform:fb","_exists_:(user_mau.1511.topfacemobappandroid OR user_mau.1511.topfacemobappios OR user_mau.1511.topface OR user_mau.1511.standalonetf)",0
"2015-07-01 00:00:00","first_app:topface AND platform:fb","_exists_:(user_mau.1512.topfacemobappandroid OR user_mau.1512.topfacemobappios OR user_mau.1512.topface OR user_mau.1512.standalonetf)",1
"2015-07-01 00:00:00","first_app:topface AND platform:fb","_exists_:(user_mau.1601.topfacemobappandroid OR user_mau.1601.topfacemobappios OR user_mau.1601.topface OR user_mau.1601.standalonetf)",1
"2015-07-01 00:00:00","first_app:topface AND platform:fb","_exists_:(user_mau.1602.topfacemobappandroid OR user_mau.1602.topfacemobappios OR user_mau.1602.topface OR user_mau.1602.standalonetf)",0
"2015-07-01 00:00:00","first_app:topface AND platform:fb","_exists_:(user_mau.1603.topfacemobappandroid OR user_mau.1603.topfacemobappios OR user_mau.1603.topface OR user_mau.1603.standalonetf)",1
"2015-07-01 00:00:00","first_app:topface AND platform:fb","_exists_:(user_mau.1604.topfacemobappandroid OR user_mau.1604.topfacemobappios OR user_mau.1604.topface OR user_mau.1604.standalonetf)",0
"2015-07-01 00:00:00","first_app:topface AND platform:fb","_exists_:(user_mau.1605.topfacemobappandroid OR user_mau.1605.topfacemobappios OR user_mau.1605.topface OR user_mau.1605.standalonetf)",0
"2015-07-01 00:00:00","first_app:topface AND platform:fb","_exists_:(user_mau.1606.topfacemobappandroid OR user_mau.1606.topfacemobappios OR user_mau.1606.topface OR user_mau.1606.standalonetf)",0
"2015-07-01 00:00:00","first_app:topface AND platform:fb","_exists_:(user_mau.1607.topfacemobappandroid OR user_mau.1607.topfacemobappios OR user_mau.1607.topface OR user_mau.1607.standalonetf)",0
"2015-07-01 00:00:00","first_app:topface AND platform:fb","_exists_:(user_mau.1608.topfacemobappandroid OR user_mau.1608.topfacemobappios OR user_mau.1608.topface OR user_mau.1608.standalonetf)",0
"2015-07-01 00:00:00","first_app:topface AND platform:fb","_exists_:(user_mau.1609.topfacemobappandroid OR user_mau.1609.topfacemobappios OR user_mau.1609.topface OR user_mau.1609.standalonetf)",0
"2015-07-01 00:00:00","first_app:topface AND platform:fb","_exists_:(user_mau.1610.topfacemobappandroid OR user_mau.1610.topfacemobappios OR user_mau.1610.topface OR user_mau.1610.standalonetf)",0
"2015-07-01 00:00:00","first_app:topface AND platform:fb","_exists_:(user_mau.1611.topfacemobappandroid OR user_mau.1611.topfacemobappios OR user_mau.1611.topface OR user_mau.1611.standalonetf)",0
"2015-07-01 00:00:00","first_app:topface AND platform:fb","_exists_:(user_mau.1612.topfacemobappandroid OR user_mau.1612.topfacemobappios OR user_mau.1612.topface OR user_mau.1612.standalonetf)",0
"2015-07-01 00:00:00","first_app:topface AND platform:fb","_exists_:(user_mau.1701.topfacemobappandroid OR user_mau.1701.topfacemobappios OR user_mau.1701.topface OR user_mau.1701.standalonetf)",0
"2015-07-01 00:00:00","first_app:topface AND platform:fb","_exists_:(user_mau.1702.topfacemobappandroid OR user_mau.1702.topfacemobappios OR user_mau.1702.topface OR user_mau.1702.standalonetf)",0
"2015-07-01 00:00:00","first_app:topface AND platform:fb","_exists_:(user_mau.1703.topfacemobappandroid OR user_mau.1703.topfacemobappios OR user_mau.1703.topface OR user_mau.1703.standalonetf)",0
"2015-07-01 00:00:00","first_app:topface AND platform:fb","_exists_:(user_mau.1704.topfacemobappandroid OR user_mau.1704.topfacemobappios OR user_mau.1704.topface OR user_mau.1704.standalonetf)",0
"2015-07-01 00:00:00","first_app:topface AND platform:fb","_exists_:(user_mau.1705.topfacemobappandroid OR user_mau.1705.topfacemobappios OR user_mau.1705.topface OR user_mau.1705.standalonetf)",1
"2015-07-01 00:00:00","first_app:topface AND platform:fb","_exists_:(user_mau.1706.topfacemobappandroid OR user_mau.1706.topfacemobappios OR user_mau.1706.topface OR user_mau.1706.standalonetf)",0
"2015-07-01 00:00:00","first_app:topface AND platform:fb","_exists_:(user_mau.1707.topfacemobappandroid OR user_mau.1707.topfacemobappios OR user_mau.1707.topface OR user_mau.1707.standalonetf)",0
"2015-07-01 00:00:00","first_app:topface AND platform:fb","_exists_:(user_mau.1708.topfacemobappandroid OR user_mau.1708.topfacemobappios OR user_mau.1708.topface OR user_mau.1708.standalonetf)",0
"2015-07-01 00:00:00","first_app:topface AND platform:fb","_exists_:(user_mau.1709.topfacemobappandroid OR user_mau.1709.topfacemobappios OR user_mau.1709.topface OR user_mau.1709.standalonetf)",0
"2015-07-01 00:00:00","first_app:topface AND platform:fb","_exists_:(user_mau.1710.topfacemobappandroid OR user_mau.1710.topfacemobappios OR user_mau.1710.topface OR user_mau.1710.standalonetf)",0
"2015-07-01 00:00:00","first_app:topface AND platform:fb","_exists_:(user_mau.1711.topfacemobappandroid OR user_mau.1711.topfacemobappios OR user_mau.1711.topface OR user_mau.1711.standalonetf)",0
"2015-07-01 00:00:00","first_app:topface AND platform:fb","_exists_:(user_mau.1712.topfacemobappandroid OR user_mau.1712.topfacemobappios OR user_mau.1712.topface OR user_mau.1712.standalonetf)",1
"2015-07-01 00:00:00","first_app:topface AND platform:fb","_exists_:(user_mau.1801.topfacemobappandroid OR user_mau.1801.topfacemobappios OR user_mau.1801.topface OR user_mau.1801.standalonetf)",0
"2015-07-01 00:00:00","first_app:topface AND platform:fb","_exists_:(user_mau.1802.topfacemobappandroid OR user_mau.1802.topfacemobappios OR user_mau.1802.topface OR user_mau.1802.standalonetf)",0
"2015-08-01 00:00:00","first_app:topfacemobappandroid","*","7,901"
"2015-08-01 00:00:00","first_app:topfacemobappandroid","_exists_:(user_mau.1501.topfacemobappandroid OR user_mau.1501.topfacemobappios OR user_mau.1501.topface OR user_mau.1501.standalonetf)",0
"2015-08-01 00:00:00","first_app:topfacemobappandroid","_exists_:(user_mau.1502.topfacemobappandroid OR user_mau.1502.topfacemobappios OR user_mau.1502.topface OR user_mau.1502.standalonetf)",0
"2015-08-01 00:00:00","first_app:topfacemobappandroid","_exists_:(user_mau.1503.topfacemobappandroid OR user_mau.1503.topfacemobappios OR user_mau.1503.topface OR user_mau.1503.standalonetf)",0
"2015-08-01 00:00:00","first_app:topfacemobappandroid","_exists_:(user_mau.1504.topfacemobappandroid OR user_mau.1504.topfacemobappios OR user_mau.1504.topface OR user_mau.1504.standalonetf)",0
"2015-08-01 00:00:00","first_app:topfacemobappandroid","_exists_:(user_mau.1505.topfacemobappandroid OR user_mau.1505.topfacemobappios OR user_mau.1505.topface OR user_mau.1505.standalonetf)",0
"2015-08-01 00:00:00","first_app:topfacemobappandroid","_exists_:(user_mau.1506.topfacemobappandroid OR user_mau.1506.topfacemobappios OR user_mau.1506.topface OR user_mau.1506.standalonetf)",0
"2015-08-01 00:00:00","first_app:topfacemobappandroid","_exists_:(user_mau.1507.topfacemobappandroid OR user_mau.1507.topfacemobappios OR user_mau.1507.topface OR user_mau.1507.standalonetf)",19
"2015-08-01 00:00:00","first_app:topfacemobappandroid","_exists_:(user_mau.1508.topfacemobappandroid OR user_mau.1508.topfacemobappios OR user_mau.1508.topface OR user_mau.1508.standalonetf)","6,714"
"2015-08-01 00:00:00","first_app:topfacemobappandroid","_exists_:(user_mau.1509.topfacemobappandroid OR user_mau.1509.topfacemobappios OR user_mau.1509.topface OR user_mau.1509.standalonetf)","2,489"
"2015-08-01 00:00:00","first_app:topfacemobappandroid","_exists_:(user_mau.1510.topfacemobappandroid OR user_mau.1510.topfacemobappios OR user_mau.1510.topface OR user_mau.1510.standalonetf)","1,173"
"2015-08-01 00:00:00","first_app:topfacemobappandroid","_exists_:(user_mau.1511.topfacemobappandroid OR user_mau.1511.topfacemobappios OR user_mau.1511.topface OR user_mau.1511.standalonetf)",703
"2015-08-01 00:00:00","first_app:topfacemobappandroid","_exists_:(user_mau.1512.topfacemobappandroid OR user_mau.1512.topfacemobappios OR user_mau.1512.topface OR user_mau.1512.standalonetf)",316
"2015-08-01 00:00:00","first_app:topfacemobappandroid","_exists_:(user_mau.1601.topfacemobappandroid OR user_mau.1601.topfacemobappios OR user_mau.1601.topface OR user_mau.1601.standalonetf)",793
"2015-08-01 00:00:00","first_app:topfacemobappandroid","_exists_:(user_mau.1602.topfacemobappandroid OR user_mau.1602.topfacemobappios OR user_mau.1602.topface OR user_mau.1602.standalonetf)",677
"2015-08-01 00:00:00","first_app:topfacemobappandroid","_exists_:(user_mau.1603.topfacemobappandroid OR user_mau.1603.topfacemobappios OR user_mau.1603.topface OR user_mau.1603.standalonetf)",591
"2015-08-01 00:00:00","first_app:topfacemobappandroid","_exists_:(user_mau.1604.topfacemobappandroid OR user_mau.1604.topfacemobappios OR user_mau.1604.topface OR user_mau.1604.standalonetf)",512
"2015-08-01 00:00:00","first_app:topfacemobappandroid","_exists_:(user_mau.1605.topfacemobappandroid OR user_mau.1605.topfacemobappios OR user_mau.1605.topface OR user_mau.1605.standalonetf)",438
"2015-08-01 00:00:00","first_app:topfacemobappandroid","_exists_:(user_mau.1606.topfacemobappandroid OR user_mau.1606.topfacemobappios OR user_mau.1606.topface OR user_mau.1606.standalonetf)",385
"2015-08-01 00:00:00","first_app:topfacemobappandroid","_exists_:(user_mau.1607.topfacemobappandroid OR user_mau.1607.topfacemobappios OR user_mau.1607.topface OR user_mau.1607.standalonetf)",366
"2015-08-01 00:00:00","first_app:topfacemobappandroid","_exists_:(user_mau.1608.topfacemobappandroid OR user_mau.1608.topfacemobappios OR user_mau.1608.topface OR user_mau.1608.standalonetf)",347
"2015-08-01 00:00:00","first_app:topfacemobappandroid","_exists_:(user_mau.1609.topfacemobappandroid OR user_mau.1609.topfacemobappios OR user_mau.1609.topface OR user_mau.1609.standalonetf)",331
"2015-08-01 00:00:00","first_app:topfacemobappandroid","_exists_:(user_mau.1610.topfacemobappandroid OR user_mau.1610.topfacemobappios OR user_mau.1610.topface OR user_mau.1610.standalonetf)",306
"2015-08-01 00:00:00","first_app:topfacemobappandroid","_exists_:(user_mau.1611.topfacemobappandroid OR user_mau.1611.topfacemobappios OR user_mau.1611.topface OR user_mau.1611.standalonetf)",265
"2015-08-01 00:00:00","first_app:topfacemobappandroid","_exists_:(user_mau.1612.topfacemobappandroid OR user_mau.1612.topfacemobappios OR user_mau.1612.topface OR user_mau.1612.standalonetf)",247
"2015-08-01 00:00:00","first_app:topfacemobappandroid","_exists_:(user_mau.1701.topfacemobappandroid OR user_mau.1701.topfacemobappios OR user_mau.1701.topface OR user_mau.1701.standalonetf)",217
"2015-08-01 00:00:00","first_app:topfacemobappandroid","_exists_:(user_mau.1702.topfacemobappandroid OR user_mau.1702.topfacemobappios OR user_mau.1702.topface OR user_mau.1702.standalonetf)",198
"2015-08-01 00:00:00","first_app:topfacemobappandroid","_exists_:(user_mau.1703.topfacemobappandroid OR user_mau.1703.topfacemobappios OR user_mau.1703.topface OR user_mau.1703.standalonetf)",213
"2015-08-01 00:00:00","first_app:topfacemobappandroid","_exists_:(user_mau.1704.topfacemobappandroid OR user_mau.1704.topfacemobappios OR user_mau.1704.topface OR user_mau.1704.standalonetf)",176
"2015-08-01 00:00:00","first_app:topfacemobappandroid","_exists_:(user_mau.1705.topfacemobappandroid OR user_mau.1705.topfacemobappios OR user_mau.1705.topface OR user_mau.1705.standalonetf)",189
"2015-08-01 00:00:00","first_app:topfacemobappandroid","_exists_:(user_mau.1706.topfacemobappandroid OR user_mau.1706.topfacemobappios OR user_mau.1706.topface OR user_mau.1706.standalonetf)",178
"2015-08-01 00:00:00","first_app:topfacemobappandroid","_exists_:(user_mau.1707.topfacemobappandroid OR user_mau.1707.topfacemobappios OR user_mau.1707.topface OR user_mau.1707.standalonetf)",176
"2015-08-01 00:00:00","first_app:topfacemobappandroid","_exists_:(user_mau.1708.topfacemobappandroid OR user_mau.1708.topfacemobappios OR user_mau.1708.topface OR user_mau.1708.standalonetf)",163
"2015-08-01 00:00:00","first_app:topfacemobappandroid","_exists_:(user_mau.1709.topfacemobappandroid OR user_mau.1709.topfacemobappios OR user_mau.1709.topface OR user_mau.1709.standalonetf)",166
"2015-08-01 00:00:00","first_app:topfacemobappandroid","_exists_:(user_mau.1710.topfacemobappandroid OR user_mau.1710.topfacemobappios OR user_mau.1710.topface OR user_mau.1710.standalonetf)",159
"2015-08-01 00:00:00","first_app:topfacemobappandroid","_exists_:(user_mau.1711.topfacemobappandroid OR user_mau.1711.topfacemobappios OR user_mau.1711.topface OR user_mau.1711.standalonetf)",145
"2015-08-01 00:00:00","first_app:topfacemobappandroid","_exists_:(user_mau.1712.topfacemobappandroid OR user_mau.1712.topfacemobappios OR user_mau.1712.topface OR user_mau.1712.standalonetf)",122
"2015-08-01 00:00:00","first_app:topfacemobappandroid","_exists_:(user_mau.1801.topfacemobappandroid OR user_mau.1801.topfacemobappios OR user_mau.1801.topface OR user_mau.1801.standalonetf)",122
"2015-08-01 00:00:00","first_app:topfacemobappandroid","_exists_:(user_mau.1802.topfacemobappandroid OR user_mau.1802.topfacemobappios OR user_mau.1802.topface OR user_mau.1802.standalonetf)",107
"2015-08-01 00:00:00","first_app:topfacemobappios","*","1,605"
"2015-08-01 00:00:00","first_app:topfacemobappios","_exists_:(user_mau.1501.topfacemobappandroid OR user_mau.1501.topfacemobappios OR user_mau.1501.topface OR user_mau.1501.standalonetf)",0
"2015-08-01 00:00:00","first_app:topfacemobappios","_exists_:(user_mau.1502.topfacemobappandroid OR user_mau.1502.topfacemobappios OR user_mau.1502.topface OR user_mau.1502.standalonetf)",0
"2015-08-01 00:00:00","first_app:topfacemobappios","_exists_:(user_mau.1503.topfacemobappandroid OR user_mau.1503.topfacemobappios OR user_mau.1503.topface OR user_mau.1503.standalonetf)",0
"2015-08-01 00:00:00","first_app:topfacemobappios","_exists_:(user_mau.1504.topfacemobappandroid OR user_mau.1504.topfacemobappios OR user_mau.1504.topface OR user_mau.1504.standalonetf)",0
"2015-08-01 00:00:00","first_app:topfacemobappios","_exists_:(user_mau.1505.topfacemobappandroid OR user_mau.1505.topfacemobappios OR user_mau.1505.topface OR user_mau.1505.standalonetf)",0
"2015-08-01 00:00:00","first_app:topfacemobappios","_exists_:(user_mau.1506.topfacemobappandroid OR user_mau.1506.topfacemobappios OR user_mau.1506.topface OR user_mau.1506.standalonetf)",0
"2015-08-01 00:00:00","first_app:topfacemobappios","_exists_:(user_mau.1507.topfacemobappandroid OR user_mau.1507.topfacemobappios OR user_mau.1507.topface OR user_mau.1507.standalonetf)",1
"2015-08-01 00:00:00","first_app:topfacemobappios","_exists_:(user_mau.1508.topfacemobappandroid OR user_mau.1508.topfacemobappios OR user_mau.1508.topface OR user_mau.1508.standalonetf)","1,374"
"2015-08-01 00:00:00","first_app:topfacemobappios","_exists_:(user_mau.1509.topfacemobappandroid OR user_mau.1509.topfacemobappios OR user_mau.1509.topface OR user_mau.1509.standalonetf)",381
"2015-08-01 00:00:00","first_app:topfacemobappios","_exists_:(user_mau.1510.topfacemobappandroid OR user_mau.1510.topfacemobappios OR user_mau.1510.topface OR user_mau.1510.standalonetf)",179
"2015-08-01 00:00:00","first_app:topfacemobappios","_exists_:(user_mau.1511.topfacemobappandroid OR user_mau.1511.topfacemobappios OR user_mau.1511.topface OR user_mau.1511.standalonetf)",129
"2015-08-01 00:00:00","first_app:topfacemobappios","_exists_:(user_mau.1512.topfacemobappandroid OR user_mau.1512.topfacemobappios OR user_mau.1512.topface OR user_mau.1512.standalonetf)",67
"2015-08-01 00:00:00","first_app:topfacemobappios","_exists_:(user_mau.1601.topfacemobappandroid OR user_mau.1601.topfacemobappios OR user_mau.1601.topface OR user_mau.1601.standalonetf)",155
"2015-08-01 00:00:00","first_app:topfacemobappios","_exists_:(user_mau.1602.topfacemobappandroid OR user_mau.1602.topfacemobappios OR user_mau.1602.topface OR user_mau.1602.standalonetf)",131
"2015-08-01 00:00:00","first_app:topfacemobappios","_exists_:(user_mau.1603.topfacemobappandroid OR user_mau.1603.topfacemobappios OR user_mau.1603.topface OR user_mau.1603.standalonetf)",122
"2015-08-01 00:00:00","first_app:topfacemobappios","_exists_:(user_mau.1604.topfacemobappandroid OR user_mau.1604.topfacemobappios OR user_mau.1604.topface OR user_mau.1604.standalonetf)",94
"2015-08-01 00:00:00","first_app:topfacemobappios","_exists_:(user_mau.1605.topfacemobappandroid OR user_mau.1605.topfacemobappios OR user_mau.1605.topface OR user_mau.1605.standalonetf)",83
"2015-08-01 00:00:00","first_app:topfacemobappios","_exists_:(user_mau.1606.topfacemobappandroid OR user_mau.1606.topfacemobappios OR user_mau.1606.topface OR user_mau.1606.standalonetf)",81
"2015-08-01 00:00:00","first_app:topfacemobappios","_exists_:(user_mau.1607.topfacemobappandroid OR user_mau.1607.topfacemobappios OR user_mau.1607.topface OR user_mau.1607.standalonetf)",84
"2015-08-01 00:00:00","first_app:topfacemobappios","_exists_:(user_mau.1608.topfacemobappandroid OR user_mau.1608.topfacemobappios OR user_mau.1608.topface OR user_mau.1608.standalonetf)",69
"2015-08-01 00:00:00","first_app:topfacemobappios","_exists_:(user_mau.1609.topfacemobappandroid OR user_mau.1609.topfacemobappios OR user_mau.1609.topface OR user_mau.1609.standalonetf)",54
"2015-08-01 00:00:00","first_app:topfacemobappios","_exists_:(user_mau.1610.topfacemobappandroid OR user_mau.1610.topfacemobappios OR user_mau.1610.topface OR user_mau.1610.standalonetf)",54
"2015-08-01 00:00:00","first_app:topfacemobappios","_exists_:(user_mau.1611.topfacemobappandroid OR user_mau.1611.topfacemobappios OR user_mau.1611.topface OR user_mau.1611.standalonetf)",45
"2015-08-01 00:00:00","first_app:topfacemobappios","_exists_:(user_mau.1612.topfacemobappandroid OR user_mau.1612.topfacemobappios OR user_mau.1612.topface OR user_mau.1612.standalonetf)",53
"2015-08-01 00:00:00","first_app:topfacemobappios","_exists_:(user_mau.1701.topfacemobappandroid OR user_mau.1701.topfacemobappios OR user_mau.1701.topface OR user_mau.1701.standalonetf)",44
"2015-08-01 00:00:00","first_app:topfacemobappios","_exists_:(user_mau.1702.topfacemobappandroid OR user_mau.1702.topfacemobappios OR user_mau.1702.topface OR user_mau.1702.standalonetf)",41
"2015-08-01 00:00:00","first_app:topfacemobappios","_exists_:(user_mau.1703.topfacemobappandroid OR user_mau.1703.topfacemobappios OR user_mau.1703.topface OR user_mau.1703.standalonetf)",36
"2015-08-01 00:00:00","first_app:topfacemobappios","_exists_:(user_mau.1704.topfacemobappandroid OR user_mau.1704.topfacemobappios OR user_mau.1704.topface OR user_mau.1704.standalonetf)",33
"2015-08-01 00:00:00","first_app:topfacemobappios","_exists_:(user_mau.1705.topfacemobappandroid OR user_mau.1705.topfacemobappios OR user_mau.1705.topface OR user_mau.1705.standalonetf)",34
"2015-08-01 00:00:00","first_app:topfacemobappios","_exists_:(user_mau.1706.topfacemobappandroid OR user_mau.1706.topfacemobappios OR user_mau.1706.topface OR user_mau.1706.standalonetf)",27
"2015-08-01 00:00:00","first_app:topfacemobappios","_exists_:(user_mau.1707.topfacemobappandroid OR user_mau.1707.topfacemobappios OR user_mau.1707.topface OR user_mau.1707.standalonetf)",31
"2015-08-01 00:00:00","first_app:topfacemobappios","_exists_:(user_mau.1708.topfacemobappandroid OR user_mau.1708.topfacemobappios OR user_mau.1708.topface OR user_mau.1708.standalonetf)",34
"2015-08-01 00:00:00","first_app:topfacemobappios","_exists_:(user_mau.1709.topfacemobappandroid OR user_mau.1709.topfacemobappios OR user_mau.1709.topface OR user_mau.1709.standalonetf)",28
"2015-08-01 00:00:00","first_app:topfacemobappios","_exists_:(user_mau.1710.topfacemobappandroid OR user_mau.1710.topfacemobappios OR user_mau.1710.topface OR user_mau.1710.standalonetf)",23
"2015-08-01 00:00:00","first_app:topfacemobappios","_exists_:(user_mau.1711.topfacemobappandroid OR user_mau.1711.topfacemobappios OR user_mau.1711.topface OR user_mau.1711.standalonetf)",26
"2015-08-01 00:00:00","first_app:topfacemobappios","_exists_:(user_mau.1712.topfacemobappandroid OR user_mau.1712.topfacemobappios OR user_mau.1712.topface OR user_mau.1712.standalonetf)",23
"2015-08-01 00:00:00","first_app:topfacemobappios","_exists_:(user_mau.1801.topfacemobappandroid OR user_mau.1801.topfacemobappios OR user_mau.1801.topface OR user_mau.1801.standalonetf)",20
"2015-08-01 00:00:00","first_app:topfacemobappios","_exists_:(user_mau.1802.topfacemobappandroid OR user_mau.1802.topfacemobappios OR user_mau.1802.topface OR user_mau.1802.standalonetf)",24
"2015-08-01 00:00:00","first_app:standalonetf","*","24,256"
"2015-08-01 00:00:00","first_app:standalonetf","_exists_:(user_mau.1501.topfacemobappandroid OR user_mau.1501.topfacemobappios OR user_mau.1501.topface OR user_mau.1501.standalonetf)",0
"2015-08-01 00:00:00","first_app:standalonetf","_exists_:(user_mau.1502.topfacemobappandroid OR user_mau.1502.topfacemobappios OR user_mau.1502.topface OR user_mau.1502.standalonetf)",0
"2015-08-01 00:00:00","first_app:standalonetf","_exists_:(user_mau.1503.topfacemobappandroid OR user_mau.1503.topfacemobappios OR user_mau.1503.topface OR user_mau.1503.standalonetf)",0
"2015-08-01 00:00:00","first_app:standalonetf","_exists_:(user_mau.1504.topfacemobappandroid OR user_mau.1504.topfacemobappios OR user_mau.1504.topface OR user_mau.1504.standalonetf)",0
"2015-08-01 00:00:00","first_app:standalonetf","_exists_:(user_mau.1505.topfacemobappandroid OR user_mau.1505.topfacemobappios OR user_mau.1505.topface OR user_mau.1505.standalonetf)",0
"2015-08-01 00:00:00","first_app:standalonetf","_exists_:(user_mau.1506.topfacemobappandroid OR user_mau.1506.topfacemobappios OR user_mau.1506.topface OR user_mau.1506.standalonetf)",0
"2015-08-01 00:00:00","first_app:standalonetf","_exists_:(user_mau.1507.topfacemobappandroid OR user_mau.1507.topfacemobappios OR user_mau.1507.topface OR user_mau.1507.standalonetf)",68
"2015-08-01 00:00:00","first_app:standalonetf","_exists_:(user_mau.1508.topfacemobappandroid OR user_mau.1508.topfacemobappios OR user_mau.1508.topface OR user_mau.1508.standalonetf)","18,953"
"2015-08-01 00:00:00","first_app:standalonetf","_exists_:(user_mau.1509.topfacemobappandroid OR user_mau.1509.topfacemobappios OR user_mau.1509.topface OR user_mau.1509.standalonetf)","3,148"
"2015-08-01 00:00:00","first_app:standalonetf","_exists_:(user_mau.1510.topfacemobappandroid OR user_mau.1510.topfacemobappios OR user_mau.1510.topface OR user_mau.1510.standalonetf)","1,920"
"2015-08-01 00:00:00","first_app:standalonetf","_exists_:(user_mau.1511.topfacemobappandroid OR user_mau.1511.topfacemobappios OR user_mau.1511.topface OR user_mau.1511.standalonetf)","1,675"
"2015-08-01 00:00:00","first_app:standalonetf","_exists_:(user_mau.1512.topfacemobappandroid OR user_mau.1512.topfacemobappios OR user_mau.1512.topface OR user_mau.1512.standalonetf)",754
"2015-08-01 00:00:00","first_app:standalonetf","_exists_:(user_mau.1601.topfacemobappandroid OR user_mau.1601.topfacemobappios OR user_mau.1601.topface OR user_mau.1601.standalonetf)","2,109"
"2015-08-01 00:00:00","first_app:standalonetf","_exists_:(user_mau.1602.topfacemobappandroid OR user_mau.1602.topfacemobappios OR user_mau.1602.topface OR user_mau.1602.standalonetf)","1,793"
"2015-08-01 00:00:00","first_app:standalonetf","_exists_:(user_mau.1603.topfacemobappandroid OR user_mau.1603.topfacemobappios OR user_mau.1603.topface OR user_mau.1603.standalonetf)","1,495"
"2015-08-01 00:00:00","first_app:standalonetf","_exists_:(user_mau.1604.topfacemobappandroid OR user_mau.1604.topfacemobappios OR user_mau.1604.topface OR user_mau.1604.standalonetf)","1,290"
"2015-08-01 00:00:00","first_app:standalonetf","_exists_:(user_mau.1605.topfacemobappandroid OR user_mau.1605.topfacemobappios OR user_mau.1605.topface OR user_mau.1605.standalonetf)","1,153"
"2015-08-01 00:00:00","first_app:standalonetf","_exists_:(user_mau.1606.topfacemobappandroid OR user_mau.1606.topfacemobappios OR user_mau.1606.topface OR user_mau.1606.standalonetf)","1,036"
"2015-08-01 00:00:00","first_app:standalonetf","_exists_:(user_mau.1607.topfacemobappandroid OR user_mau.1607.topfacemobappios OR user_mau.1607.topface OR user_mau.1607.standalonetf)","1,033"
"2015-08-01 00:00:00","first_app:standalonetf","_exists_:(user_mau.1608.topfacemobappandroid OR user_mau.1608.topfacemobappios OR user_mau.1608.topface OR user_mau.1608.standalonetf)",942
"2015-08-01 00:00:00","first_app:standalonetf","_exists_:(user_mau.1609.topfacemobappandroid OR user_mau.1609.topfacemobappios OR user_mau.1609.topface OR user_mau.1609.standalonetf)",830
"2015-08-01 00:00:00","first_app:standalonetf","_exists_:(user_mau.1610.topfacemobappandroid OR user_mau.1610.topfacemobappios OR user_mau.1610.topface OR user_mau.1610.standalonetf)",776
"2015-08-01 00:00:00","first_app:standalonetf","_exists_:(user_mau.1611.topfacemobappandroid OR user_mau.1611.topfacemobappios OR user_mau.1611.topface OR user_mau.1611.standalonetf)",664
"2015-08-01 00:00:00","first_app:standalonetf","_exists_:(user_mau.1612.topfacemobappandroid OR user_mau.1612.topfacemobappios OR user_mau.1612.topface OR user_mau.1612.standalonetf)",632
"2015-08-01 00:00:00","first_app:standalonetf","_exists_:(user_mau.1701.topfacemobappandroid OR user_mau.1701.topfacemobappios OR user_mau.1701.topface OR user_mau.1701.standalonetf)",633
"2015-08-01 00:00:00","first_app:standalonetf","_exists_:(user_mau.1702.topfacemobappandroid OR user_mau.1702.topfacemobappios OR user_mau.1702.topface OR user_mau.1702.standalonetf)",558
"2015-08-01 00:00:00","first_app:standalonetf","_exists_:(user_mau.1703.topfacemobappandroid OR user_mau.1703.topfacemobappios OR user_mau.1703.topface OR user_mau.1703.standalonetf)",565
"2015-08-01 00:00:00","first_app:standalonetf","_exists_:(user_mau.1704.topfacemobappandroid OR user_mau.1704.topfacemobappios OR user_mau.1704.topface OR user_mau.1704.standalonetf)",501
"2015-08-01 00:00:00","first_app:standalonetf","_exists_:(user_mau.1705.topfacemobappandroid OR user_mau.1705.topfacemobappios OR user_mau.1705.topface OR user_mau.1705.standalonetf)",472
"2015-08-01 00:00:00","first_app:standalonetf","_exists_:(user_mau.1706.topfacemobappandroid OR user_mau.1706.topfacemobappios OR user_mau.1706.topface OR user_mau.1706.standalonetf)",449
"2015-08-01 00:00:00","first_app:standalonetf","_exists_:(user_mau.1707.topfacemobappandroid OR user_mau.1707.topfacemobappios OR user_mau.1707.topface OR user_mau.1707.standalonetf)",397
"2015-08-01 00:00:00","first_app:standalonetf","_exists_:(user_mau.1708.topfacemobappandroid OR user_mau.1708.topfacemobappios OR user_mau.1708.topface OR user_mau.1708.standalonetf)",399
"2015-08-01 00:00:00","first_app:standalonetf","_exists_:(user_mau.1709.topfacemobappandroid OR user_mau.1709.topfacemobappios OR user_mau.1709.topface OR user_mau.1709.standalonetf)",410
"2015-08-01 00:00:00","first_app:standalonetf","_exists_:(user_mau.1710.topfacemobappandroid OR user_mau.1710.topfacemobappios OR user_mau.1710.topface OR user_mau.1710.standalonetf)",376
"2015-08-01 00:00:00","first_app:standalonetf","_exists_:(user_mau.1711.topfacemobappandroid OR user_mau.1711.topfacemobappios OR user_mau.1711.topface OR user_mau.1711.standalonetf)",357
"2015-08-01 00:00:00","first_app:standalonetf","_exists_:(user_mau.1712.topfacemobappandroid OR user_mau.1712.topfacemobappios OR user_mau.1712.topface OR user_mau.1712.standalonetf)",334
"2015-08-01 00:00:00","first_app:standalonetf","_exists_:(user_mau.1801.topfacemobappandroid OR user_mau.1801.topfacemobappios OR user_mau.1801.topface OR user_mau.1801.standalonetf)",303
"2015-08-01 00:00:00","first_app:standalonetf","_exists_:(user_mau.1802.topfacemobappandroid OR user_mau.1802.topfacemobappios OR user_mau.1802.topface OR user_mau.1802.standalonetf)",262
"2015-08-01 00:00:00","first_app:topface AND platform:vk","*","15,973"
"2015-08-01 00:00:00","first_app:topface AND platform:vk","_exists_:(user_mau.1501.topfacemobappandroid OR user_mau.1501.topfacemobappios OR user_mau.1501.topface OR user_mau.1501.standalonetf)",0
"2015-08-01 00:00:00","first_app:topface AND platform:vk","_exists_:(user_mau.1502.topfacemobappandroid OR user_mau.1502.topfacemobappios OR user_mau.1502.topface OR user_mau.1502.standalonetf)",0
"2015-08-01 00:00:00","first_app:topface AND platform:vk","_exists_:(user_mau.1503.topfacemobappandroid OR user_mau.1503.topfacemobappios OR user_mau.1503.topface OR user_mau.1503.standalonetf)",0
"2015-08-01 00:00:00","first_app:topface AND platform:vk","_exists_:(user_mau.1504.topfacemobappandroid OR user_mau.1504.topfacemobappios OR user_mau.1504.topface OR user_mau.1504.standalonetf)",0
"2015-08-01 00:00:00","first_app:topface AND platform:vk","_exists_:(user_mau.1505.topfacemobappandroid OR user_mau.1505.topfacemobappios OR user_mau.1505.topface OR user_mau.1505.standalonetf)",0
"2015-08-01 00:00:00","first_app:topface AND platform:vk","_exists_:(user_mau.1506.topfacemobappandroid OR user_mau.1506.topfacemobappios OR user_mau.1506.topface OR user_mau.1506.standalonetf)",0
"2015-08-01 00:00:00","first_app:topface AND platform:vk","_exists_:(user_mau.1507.topfacemobappandroid OR user_mau.1507.topfacemobappios OR user_mau.1507.topface OR user_mau.1507.standalonetf)",29
"2015-08-01 00:00:00","first_app:topface AND platform:vk","_exists_:(user_mau.1508.topfacemobappandroid OR user_mau.1508.topfacemobappios OR user_mau.1508.topface OR user_mau.1508.standalonetf)","11,780"
"2015-08-01 00:00:00","first_app:topface AND platform:vk","_exists_:(user_mau.1509.topfacemobappandroid OR user_mau.1509.topfacemobappios OR user_mau.1509.topface OR user_mau.1509.standalonetf)","3,428"
"2015-08-01 00:00:00","first_app:topface AND platform:vk","_exists_:(user_mau.1510.topfacemobappandroid OR user_mau.1510.topfacemobappios OR user_mau.1510.topface OR user_mau.1510.standalonetf)","2,157"
"2015-08-01 00:00:00","first_app:topface AND platform:vk","_exists_:(user_mau.1511.topfacemobappandroid OR user_mau.1511.topfacemobappios OR user_mau.1511.topface OR user_mau.1511.standalonetf)","1,227"
"2015-08-01 00:00:00","first_app:topface AND platform:vk","_exists_:(user_mau.1512.topfacemobappandroid OR user_mau.1512.topfacemobappios OR user_mau.1512.topface OR user_mau.1512.standalonetf)",754
"2015-08-01 00:00:00","first_app:topface AND platform:vk","_exists_:(user_mau.1601.topfacemobappandroid OR user_mau.1601.topfacemobappios OR user_mau.1601.topface OR user_mau.1601.standalonetf)","2,559"
"2015-08-01 00:00:00","first_app:topface AND platform:vk","_exists_:(user_mau.1602.topfacemobappandroid OR user_mau.1602.topfacemobappios OR user_mau.1602.topface OR user_mau.1602.standalonetf)","2,218"
"2015-08-01 00:00:00","first_app:topface AND platform:vk","_exists_:(user_mau.1603.topfacemobappandroid OR user_mau.1603.topfacemobappios OR user_mau.1603.topface OR user_mau.1603.standalonetf)","2,049"
"2015-08-01 00:00:00","first_app:topface AND platform:vk","_exists_:(user_mau.1604.topfacemobappandroid OR user_mau.1604.topfacemobappios OR user_mau.1604.topface OR user_mau.1604.standalonetf)","1,649"
"2015-08-01 00:00:00","first_app:topface AND platform:vk","_exists_:(user_mau.1605.topfacemobappandroid OR user_mau.1605.topfacemobappios OR user_mau.1605.topface OR user_mau.1605.standalonetf)","1,406"
"2015-08-01 00:00:00","first_app:topface AND platform:vk","_exists_:(user_mau.1606.topfacemobappandroid OR user_mau.1606.topfacemobappios OR user_mau.1606.topface OR user_mau.1606.standalonetf)","1,320"
"2015-08-01 00:00:00","first_app:topface AND platform:vk","_exists_:(user_mau.1607.topfacemobappandroid OR user_mau.1607.topfacemobappios OR user_mau.1607.topface OR user_mau.1607.standalonetf)","1,199"
"2015-08-01 00:00:00","first_app:topface AND platform:vk","_exists_:(user_mau.1608.topfacemobappandroid OR user_mau.1608.topfacemobappios OR user_mau.1608.topface OR user_mau.1608.standalonetf)","1,173"
"2015-08-01 00:00:00","first_app:topface AND platform:vk","_exists_:(user_mau.1609.topfacemobappandroid OR user_mau.1609.topfacemobappios OR user_mau.1609.topface OR user_mau.1609.standalonetf)","1,057"
"2015-08-01 00:00:00","first_app:topface AND platform:vk","_exists_:(user_mau.1610.topfacemobappandroid OR user_mau.1610.topfacemobappios OR user_mau.1610.topface OR user_mau.1610.standalonetf)",944
"2015-08-01 00:00:00","first_app:topface AND platform:vk","_exists_:(user_mau.1611.topfacemobappandroid OR user_mau.1611.topfacemobappios OR user_mau.1611.topface OR user_mau.1611.standalonetf)",735
"2015-08-01 00:00:00","first_app:topface AND platform:vk","_exists_:(user_mau.1612.topfacemobappandroid OR user_mau.1612.topfacemobappios OR user_mau.1612.topface OR user_mau.1612.standalonetf)",729
"2015-08-01 00:00:00","first_app:topface AND platform:vk","_exists_:(user_mau.1701.topfacemobappandroid OR user_mau.1701.topfacemobappios OR user_mau.1701.topface OR user_mau.1701.standalonetf)",742
"2015-08-01 00:00:00","first_app:topface AND platform:vk","_exists_:(user_mau.1702.topfacemobappandroid OR user_mau.1702.topfacemobappios OR user_mau.1702.topface OR user_mau.1702.standalonetf)",650
"2015-08-01 00:00:00","first_app:topface AND platform:vk","_exists_:(user_mau.1703.topfacemobappandroid OR user_mau.1703.topfacemobappios OR user_mau.1703.topface OR user_mau.1703.standalonetf)",650
"2015-08-01 00:00:00","first_app:topface AND platform:vk","_exists_:(user_mau.1704.topfacemobappandroid OR user_mau.1704.topfacemobappios OR user_mau.1704.topface OR user_mau.1704.standalonetf)",570
"2015-08-01 00:00:00","first_app:topface AND platform:vk","_exists_:(user_mau.1705.topfacemobappandroid OR user_mau.1705.topfacemobappios OR user_mau.1705.topface OR user_mau.1705.standalonetf)",568
"2015-08-01 00:00:00","first_app:topface AND platform:vk","_exists_:(user_mau.1706.topfacemobappandroid OR user_mau.1706.topfacemobappios OR user_mau.1706.topface OR user_mau.1706.standalonetf)",464
"2015-08-01 00:00:00","first_app:topface AND platform:vk","_exists_:(user_mau.1707.topfacemobappandroid OR user_mau.1707.topfacemobappios OR user_mau.1707.topface OR user_mau.1707.standalonetf)",452
"2015-08-01 00:00:00","first_app:topface AND platform:vk","_exists_:(user_mau.1708.topfacemobappandroid OR user_mau.1708.topfacemobappios OR user_mau.1708.topface OR user_mau.1708.standalonetf)",456
"2015-08-01 00:00:00","first_app:topface AND platform:vk","_exists_:(user_mau.1709.topfacemobappandroid OR user_mau.1709.topfacemobappios OR user_mau.1709.topface OR user_mau.1709.standalonetf)",451
"2015-08-01 00:00:00","first_app:topface AND platform:vk","_exists_:(user_mau.1710.topfacemobappandroid OR user_mau.1710.topfacemobappios OR user_mau.1710.topface OR user_mau.1710.standalonetf)",424
"2015-08-01 00:00:00","first_app:topface AND platform:vk","_exists_:(user_mau.1711.topfacemobappandroid OR user_mau.1711.topfacemobappios OR user_mau.1711.topface OR user_mau.1711.standalonetf)",434
"2015-08-01 00:00:00","first_app:topface AND platform:vk","_exists_:(user_mau.1712.topfacemobappandroid OR user_mau.1712.topfacemobappios OR user_mau.1712.topface OR user_mau.1712.standalonetf)",403
"2015-08-01 00:00:00","first_app:topface AND platform:vk","_exists_:(user_mau.1801.topfacemobappandroid OR user_mau.1801.topfacemobappios OR user_mau.1801.topface OR user_mau.1801.standalonetf)",388
"2015-08-01 00:00:00","first_app:topface AND platform:vk","_exists_:(user_mau.1802.topfacemobappandroid OR user_mau.1802.topfacemobappios OR user_mau.1802.topface OR user_mau.1802.standalonetf)",364
"2015-08-01 00:00:00","first_app:topface AND platform:ok","*","32,350"
"2015-08-01 00:00:00","first_app:topface AND platform:ok","_exists_:(user_mau.1501.topfacemobappandroid OR user_mau.1501.topfacemobappios OR user_mau.1501.topface OR user_mau.1501.standalonetf)",0
"2015-08-01 00:00:00","first_app:topface AND platform:ok","_exists_:(user_mau.1502.topfacemobappandroid OR user_mau.1502.topfacemobappios OR user_mau.1502.topface OR user_mau.1502.standalonetf)",0
"2015-08-01 00:00:00","first_app:topface AND platform:ok","_exists_:(user_mau.1503.topfacemobappandroid OR user_mau.1503.topfacemobappios OR user_mau.1503.topface OR user_mau.1503.standalonetf)",0
"2015-08-01 00:00:00","first_app:topface AND platform:ok","_exists_:(user_mau.1504.topfacemobappandroid OR user_mau.1504.topfacemobappios OR user_mau.1504.topface OR user_mau.1504.standalonetf)",0
"2015-08-01 00:00:00","first_app:topface AND platform:ok","_exists_:(user_mau.1505.topfacemobappandroid OR user_mau.1505.topfacemobappios OR user_mau.1505.topface OR user_mau.1505.standalonetf)",0
"2015-08-01 00:00:00","first_app:topface AND platform:ok","_exists_:(user_mau.1506.topfacemobappandroid OR user_mau.1506.topfacemobappios OR user_mau.1506.topface OR user_mau.1506.standalonetf)",0
"2015-08-01 00:00:00","first_app:topface AND platform:ok","_exists_:(user_mau.1507.topfacemobappandroid OR user_mau.1507.topfacemobappios OR user_mau.1507.topface OR user_mau.1507.standalonetf)",60
"2015-08-01 00:00:00","first_app:topface AND platform:ok","_exists_:(user_mau.1508.topfacemobappandroid OR user_mau.1508.topfacemobappios OR user_mau.1508.topface OR user_mau.1508.standalonetf)","28,752"
"2015-08-01 00:00:00","first_app:topface AND platform:ok","_exists_:(user_mau.1509.topfacemobappandroid OR user_mau.1509.topfacemobappios OR user_mau.1509.topface OR user_mau.1509.standalonetf)","6,431"
"2015-08-01 00:00:00","first_app:topface AND platform:ok","_exists_:(user_mau.1510.topfacemobappandroid OR user_mau.1510.topfacemobappios OR user_mau.1510.topface OR user_mau.1510.standalonetf)","2,492"
"2015-08-01 00:00:00","first_app:topface AND platform:ok","_exists_:(user_mau.1511.topfacemobappandroid OR user_mau.1511.topfacemobappios OR user_mau.1511.topface OR user_mau.1511.standalonetf)","1,554"
"2015-08-01 00:00:00","first_app:topface AND platform:ok","_exists_:(user_mau.1512.topfacemobappandroid OR user_mau.1512.topfacemobappios OR user_mau.1512.topface OR user_mau.1512.standalonetf)","1,040"
"2015-08-01 00:00:00","first_app:topface AND platform:ok","_exists_:(user_mau.1601.topfacemobappandroid OR user_mau.1601.topfacemobappios OR user_mau.1601.topface OR user_mau.1601.standalonetf)","1,706"
"2015-08-01 00:00:00","first_app:topface AND platform:ok","_exists_:(user_mau.1602.topfacemobappandroid OR user_mau.1602.topfacemobappios OR user_mau.1602.topface OR user_mau.1602.standalonetf)","1,552"
"2015-08-01 00:00:00","first_app:topface AND platform:ok","_exists_:(user_mau.1603.topfacemobappandroid OR user_mau.1603.topfacemobappios OR user_mau.1603.topface OR user_mau.1603.standalonetf)","1,397"
"2015-08-01 00:00:00","first_app:topface AND platform:ok","_exists_:(user_mau.1604.topfacemobappandroid OR user_mau.1604.topfacemobappios OR user_mau.1604.topface OR user_mau.1604.standalonetf)","1,072"
"2015-08-01 00:00:00","first_app:topface AND platform:ok","_exists_:(user_mau.1605.topfacemobappandroid OR user_mau.1605.topfacemobappios OR user_mau.1605.topface OR user_mau.1605.standalonetf)",814
"2015-08-01 00:00:00","first_app:topface AND platform:ok","_exists_:(user_mau.1606.topfacemobappandroid OR user_mau.1606.topfacemobappios OR user_mau.1606.topface OR user_mau.1606.standalonetf)",725
"2015-08-01 00:00:00","first_app:topface AND platform:ok","_exists_:(user_mau.1607.topfacemobappandroid OR user_mau.1607.topfacemobappios OR user_mau.1607.topface OR user_mau.1607.standalonetf)",650
"2015-08-01 00:00:00","first_app:topface AND platform:ok","_exists_:(user_mau.1608.topfacemobappandroid OR user_mau.1608.topfacemobappios OR user_mau.1608.topface OR user_mau.1608.standalonetf)",569
"2015-08-01 00:00:00","first_app:topface AND platform:ok","_exists_:(user_mau.1609.topfacemobappandroid OR user_mau.1609.topfacemobappios OR user_mau.1609.topface OR user_mau.1609.standalonetf)",550
"2015-08-01 00:00:00","first_app:topface AND platform:ok","_exists_:(user_mau.1610.topfacemobappandroid OR user_mau.1610.topfacemobappios OR user_mau.1610.topface OR user_mau.1610.standalonetf)",525
"2015-08-01 00:00:00","first_app:topface AND platform:ok","_exists_:(user_mau.1611.topfacemobappandroid OR user_mau.1611.topfacemobappios OR user_mau.1611.topface OR user_mau.1611.standalonetf)",468
"2015-08-01 00:00:00","first_app:topface AND platform:ok","_exists_:(user_mau.1612.topfacemobappandroid OR user_mau.1612.topfacemobappios OR user_mau.1612.topface OR user_mau.1612.standalonetf)",486
"2015-08-01 00:00:00","first_app:topface AND platform:ok","_exists_:(user_mau.1701.topfacemobappandroid OR user_mau.1701.topfacemobappios OR user_mau.1701.topface OR user_mau.1701.standalonetf)",428
"2015-08-01 00:00:00","first_app:topface AND platform:ok","_exists_:(user_mau.1702.topfacemobappandroid OR user_mau.1702.topfacemobappios OR user_mau.1702.topface OR user_mau.1702.standalonetf)",377
"2015-08-01 00:00:00","first_app:topface AND platform:ok","_exists_:(user_mau.1703.topfacemobappandroid OR user_mau.1703.topfacemobappios OR user_mau.1703.topface OR user_mau.1703.standalonetf)",361
"2015-08-01 00:00:00","first_app:topface AND platform:ok","_exists_:(user_mau.1704.topfacemobappandroid OR user_mau.1704.topfacemobappios OR user_mau.1704.topface OR user_mau.1704.standalonetf)",337
"2015-08-01 00:00:00","first_app:topface AND platform:ok","_exists_:(user_mau.1705.topfacemobappandroid OR user_mau.1705.topfacemobappios OR user_mau.1705.topface OR user_mau.1705.standalonetf)",305
"2015-08-01 00:00:00","first_app:topface AND platform:ok","_exists_:(user_mau.1706.topfacemobappandroid OR user_mau.1706.topfacemobappios OR user_mau.1706.topface OR user_mau.1706.standalonetf)",319
"2015-08-01 00:00:00","first_app:topface AND platform:ok","_exists_:(user_mau.1707.topfacemobappandroid OR user_mau.1707.topfacemobappios OR user_mau.1707.topface OR user_mau.1707.standalonetf)",304
"2015-08-01 00:00:00","first_app:topface AND platform:ok","_exists_:(user_mau.1708.topfacemobappandroid OR user_mau.1708.topfacemobappios OR user_mau.1708.topface OR user_mau.1708.standalonetf)",312
"2015-08-01 00:00:00","first_app:topface AND platform:ok","_exists_:(user_mau.1709.topfacemobappandroid OR user_mau.1709.topfacemobappios OR user_mau.1709.topface OR user_mau.1709.standalonetf)",258
"2015-08-01 00:00:00","first_app:topface AND platform:ok","_exists_:(user_mau.1710.topfacemobappandroid OR user_mau.1710.topfacemobappios OR user_mau.1710.topface OR user_mau.1710.standalonetf)",265
"2015-08-01 00:00:00","first_app:topface AND platform:ok","_exists_:(user_mau.1711.topfacemobappandroid OR user_mau.1711.topfacemobappios OR user_mau.1711.topface OR user_mau.1711.standalonetf)",250
"2015-08-01 00:00:00","first_app:topface AND platform:ok","_exists_:(user_mau.1712.topfacemobappandroid OR user_mau.1712.topfacemobappios OR user_mau.1712.topface OR user_mau.1712.standalonetf)",236
"2015-08-01 00:00:00","first_app:topface AND platform:ok","_exists_:(user_mau.1801.topfacemobappandroid OR user_mau.1801.topfacemobappios OR user_mau.1801.topface OR user_mau.1801.standalonetf)",230
"2015-08-01 00:00:00","first_app:topface AND platform:ok","_exists_:(user_mau.1802.topfacemobappandroid OR user_mau.1802.topfacemobappios OR user_mau.1802.topface OR user_mau.1802.standalonetf)",203
"2015-08-01 00:00:00","first_app:topface AND platform:fb","*",0
"2015-08-01 00:00:00","first_app:topface AND platform:fb","_exists_:(user_mau.1501.topfacemobappandroid OR user_mau.1501.topfacemobappios OR user_mau.1501.topface OR user_mau.1501.standalonetf)",0
"2015-08-01 00:00:00","first_app:topface AND platform:fb","_exists_:(user_mau.1502.topfacemobappandroid OR user_mau.1502.topfacemobappios OR user_mau.1502.topface OR user_mau.1502.standalonetf)",0
"2015-08-01 00:00:00","first_app:topface AND platform:fb","_exists_:(user_mau.1503.topfacemobappandroid OR user_mau.1503.topfacemobappios OR user_mau.1503.topface OR user_mau.1503.standalonetf)",0
"2015-08-01 00:00:00","first_app:topface AND platform:fb","_exists_:(user_mau.1504.topfacemobappandroid OR user_mau.1504.topfacemobappios OR user_mau.1504.topface OR user_mau.1504.standalonetf)",0
"2015-08-01 00:00:00","first_app:topface AND platform:fb","_exists_:(user_mau.1505.topfacemobappandroid OR user_mau.1505.topfacemobappios OR user_mau.1505.topface OR user_mau.1505.standalonetf)",0
"2015-08-01 00:00:00","first_app:topface AND platform:fb","_exists_:(user_mau.1506.topfacemobappandroid OR user_mau.1506.topfacemobappios OR user_mau.1506.topface OR user_mau.1506.standalonetf)",0
"2015-08-01 00:00:00","first_app:topface AND platform:fb","_exists_:(user_mau.1507.topfacemobappandroid OR user_mau.1507.topfacemobappios OR user_mau.1507.topface OR user_mau.1507.standalonetf)",0
"2015-08-01 00:00:00","first_app:topface AND platform:fb","_exists_:(user_mau.1508.topfacemobappandroid OR user_mau.1508.topfacemobappios OR user_mau.1508.topface OR user_mau.1508.standalonetf)",0
"2015-08-01 00:00:00","first_app:topface AND platform:fb","_exists_:(user_mau.1509.topfacemobappandroid OR user_mau.1509.topfacemobappios OR user_mau.1509.topface OR user_mau.1509.standalonetf)",0
"2015-08-01 00:00:00","first_app:topface AND platform:fb","_exists_:(user_mau.1510.topfacemobappandroid OR user_mau.1510.topfacemobappios OR user_mau.1510.topface OR user_mau.1510.standalonetf)",0
"2015-08-01 00:00:00","first_app:topface AND platform:fb","_exists_:(user_mau.1511.topfacemobappandroid OR user_mau.1511.topfacemobappios OR user_mau.1511.topface OR user_mau.1511.standalonetf)",0
"2015-08-01 00:00:00","first_app:topface AND platform:fb","_exists_:(user_mau.1512.topfacemobappandroid OR user_mau.1512.topfacemobappios OR user_mau.1512.topface OR user_mau.1512.standalonetf)",0
"2015-08-01 00:00:00","first_app:topface AND platform:fb","_exists_:(user_mau.1601.topfacemobappandroid OR user_mau.1601.topfacemobappios OR user_mau.1601.topface OR user_mau.1601.standalonetf)",0
"2015-08-01 00:00:00","first_app:topface AND platform:fb","_exists_:(user_mau.1602.topfacemobappandroid OR user_mau.1602.topfacemobappios OR user_mau.1602.topface OR user_mau.1602.standalonetf)",0
"2015-08-01 00:00:00","first_app:topface AND platform:fb","_exists_:(user_mau.1603.topfacemobappandroid OR user_mau.1603.topfacemobappios OR user_mau.1603.topface OR user_mau.1603.standalonetf)",0
"2015-08-01 00:00:00","first_app:topface AND platform:fb","_exists_:(user_mau.1604.topfacemobappandroid OR user_mau.1604.topfacemobappios OR user_mau.1604.topface OR user_mau.1604.standalonetf)",0
"2015-08-01 00:00:00","first_app:topface AND platform:fb","_exists_:(user_mau.1605.topfacemobappandroid OR user_mau.1605.topfacemobappios OR user_mau.1605.topface OR user_mau.1605.standalonetf)",0
"2015-08-01 00:00:00","first_app:topface AND platform:fb","_exists_:(user_mau.1606.topfacemobappandroid OR user_mau.1606.topfacemobappios OR user_mau.1606.topface OR user_mau.1606.standalonetf)",0
"2015-08-01 00:00:00","first_app:topface AND platform:fb","_exists_:(user_mau.1607.topfacemobappandroid OR user_mau.1607.topfacemobappios OR user_mau.1607.topface OR user_mau.1607.standalonetf)",0
"2015-08-01 00:00:00","first_app:topface AND platform:fb","_exists_:(user_mau.1608.topfacemobappandroid OR user_mau.1608.topfacemobappios OR user_mau.1608.topface OR user_mau.1608.standalonetf)",0
"2015-08-01 00:00:00","first_app:topface AND platform:fb","_exists_:(user_mau.1609.topfacemobappandroid OR user_mau.1609.topfacemobappios OR user_mau.1609.topface OR user_mau.1609.standalonetf)",0
"2015-08-01 00:00:00","first_app:topface AND platform:fb","_exists_:(user_mau.1610.topfacemobappandroid OR user_mau.1610.topfacemobappios OR user_mau.1610.topface OR user_mau.1610.standalonetf)",0
"2015-08-01 00:00:00","first_app:topface AND platform:fb","_exists_:(user_mau.1611.topfacemobappandroid OR user_mau.1611.topfacemobappios OR user_mau.1611.topface OR user_mau.1611.standalonetf)",0
"2015-08-01 00:00:00","first_app:topface AND platform:fb","_exists_:(user_mau.1612.topfacemobappandroid OR user_mau.1612.topfacemobappios OR user_mau.1612.topface OR user_mau.1612.standalonetf)",0
"2015-08-01 00:00:00","first_app:topface AND platform:fb","_exists_:(user_mau.1701.topfacemobappandroid OR user_mau.1701.topfacemobappios OR user_mau.1701.topface OR user_mau.1701.standalonetf)",0
"2015-08-01 00:00:00","first_app:topface AND platform:fb","_exists_:(user_mau.1702.topfacemobappandroid OR user_mau.1702.topfacemobappios OR user_mau.1702.topface OR user_mau.1702.standalonetf)",0
"2015-08-01 00:00:00","first_app:topface AND platform:fb","_exists_:(user_mau.1703.topfacemobappandroid OR user_mau.1703.topfacemobappios OR user_mau.1703.topface OR user_mau.1703.standalonetf)",0
"2015-08-01 00:00:00","first_app:topface AND platform:fb","_exists_:(user_mau.1704.topfacemobappandroid OR user_mau.1704.topfacemobappios OR user_mau.1704.topface OR user_mau.1704.standalonetf)",0
"2015-08-01 00:00:00","first_app:topface AND platform:fb","_exists_:(user_mau.1705.topfacemobappandroid OR user_mau.1705.topfacemobappios OR user_mau.1705.topface OR user_mau.1705.standalonetf)",0
"2015-08-01 00:00:00","first_app:topface AND platform:fb","_exists_:(user_mau.1706.topfacemobappandroid OR user_mau.1706.topfacemobappios OR user_mau.1706.topface OR user_mau.1706.standalonetf)",0
"2015-08-01 00:00:00","first_app:topface AND platform:fb","_exists_:(user_mau.1707.topfacemobappandroid OR user_mau.1707.topfacemobappios OR user_mau.1707.topface OR user_mau.1707.standalonetf)",0
"2015-08-01 00:00:00","first_app:topface AND platform:fb","_exists_:(user_mau.1708.topfacemobappandroid OR user_mau.1708.topfacemobappios OR user_mau.1708.topface OR user_mau.1708.standalonetf)",0
"2015-08-01 00:00:00","first_app:topface AND platform:fb","_exists_:(user_mau.1709.topfacemobappandroid OR user_mau.1709.topfacemobappios OR user_mau.1709.topface OR user_mau.1709.standalonetf)",0
"2015-08-01 00:00:00","first_app:topface AND platform:fb","_exists_:(user_mau.1710.topfacemobappandroid OR user_mau.1710.topfacemobappios OR user_mau.1710.topface OR user_mau.1710.standalonetf)",0
"2015-08-01 00:00:00","first_app:topface AND platform:fb","_exists_:(user_mau.1711.topfacemobappandroid OR user_mau.1711.topfacemobappios OR user_mau.1711.topface OR user_mau.1711.standalonetf)",0
"2015-08-01 00:00:00","first_app:topface AND platform:fb","_exists_:(user_mau.1712.topfacemobappandroid OR user_mau.1712.topfacemobappios OR user_mau.1712.topface OR user_mau.1712.standalonetf)",0
"2015-08-01 00:00:00","first_app:topface AND platform:fb","_exists_:(user_mau.1801.topfacemobappandroid OR user_mau.1801.topfacemobappios OR user_mau.1801.topface OR user_mau.1801.standalonetf)",0
"2015-08-01 00:00:00","first_app:topface AND platform:fb","_exists_:(user_mau.1802.topfacemobappandroid OR user_mau.1802.topfacemobappios OR user_mau.1802.topface OR user_mau.1802.standalonetf)",0
"2015-09-01 00:00:00","first_app:topfacemobappandroid","*","14,332"
"2015-09-01 00:00:00","first_app:topfacemobappandroid","_exists_:(user_mau.1501.topfacemobappandroid OR user_mau.1501.topfacemobappios OR user_mau.1501.topface OR user_mau.1501.standalonetf)",0
"2015-09-01 00:00:00","first_app:topfacemobappandroid","_exists_:(user_mau.1502.topfacemobappandroid OR user_mau.1502.topfacemobappios OR user_mau.1502.topface OR user_mau.1502.standalonetf)",0
"2015-09-01 00:00:00","first_app:topfacemobappandroid","_exists_:(user_mau.1503.topfacemobappandroid OR user_mau.1503.topfacemobappios OR user_mau.1503.topface OR user_mau.1503.standalonetf)",0
"2015-09-01 00:00:00","first_app:topfacemobappandroid","_exists_:(user_mau.1504.topfacemobappandroid OR user_mau.1504.topfacemobappios OR user_mau.1504.topface OR user_mau.1504.standalonetf)",0
"2015-09-01 00:00:00","first_app:topfacemobappandroid","_exists_:(user_mau.1505.topfacemobappandroid OR user_mau.1505.topfacemobappios OR user_mau.1505.topface OR user_mau.1505.standalonetf)",0
"2015-09-01 00:00:00","first_app:topfacemobappandroid","_exists_:(user_mau.1506.topfacemobappandroid OR user_mau.1506.topfacemobappios OR user_mau.1506.topface OR user_mau.1506.standalonetf)",0
"2015-09-01 00:00:00","first_app:topfacemobappandroid","_exists_:(user_mau.1507.topfacemobappandroid OR user_mau.1507.topfacemobappios OR user_mau.1507.topface OR user_mau.1507.standalonetf)",0
"2015-09-01 00:00:00","first_app:topfacemobappandroid","_exists_:(user_mau.1508.topfacemobappandroid OR user_mau.1508.topfacemobappios OR user_mau.1508.topface OR user_mau.1508.standalonetf)",20
"2015-09-01 00:00:00","first_app:topfacemobappandroid","_exists_:(user_mau.1509.topfacemobappandroid OR user_mau.1509.topfacemobappios OR user_mau.1509.topface OR user_mau.1509.standalonetf)","12,071"
"2015-09-01 00:00:00","first_app:topfacemobappandroid","_exists_:(user_mau.1510.topfacemobappandroid OR user_mau.1510.topfacemobappios OR user_mau.1510.topface OR user_mau.1510.standalonetf)","4,549"
"2015-09-01 00:00:00","first_app:topfacemobappandroid","_exists_:(user_mau.1511.topfacemobappandroid OR user_mau.1511.topfacemobappios OR user_mau.1511.topface OR user_mau.1511.standalonetf)","1,863"
"2015-09-01 00:00:00","first_app:topfacemobappandroid","_exists_:(user_mau.1512.topfacemobappandroid OR user_mau.1512.topfacemobappios OR user_mau.1512.topface OR user_mau.1512.standalonetf)",888
"2015-09-01 00:00:00","first_app:topfacemobappandroid","_exists_:(user_mau.1601.topfacemobappandroid OR user_mau.1601.topfacemobappios OR user_mau.1601.topface OR user_mau.1601.standalonetf)","1,476"
"2015-09-01 00:00:00","first_app:topfacemobappandroid","_exists_:(user_mau.1602.topfacemobappandroid OR user_mau.1602.topfacemobappios OR user_mau.1602.topface OR user_mau.1602.standalonetf)","1,109"
"2015-09-01 00:00:00","first_app:topfacemobappandroid","_exists_:(user_mau.1603.topfacemobappandroid OR user_mau.1603.topfacemobappios OR user_mau.1603.topface OR user_mau.1603.standalonetf)",839
"2015-09-01 00:00:00","first_app:topfacemobappandroid","_exists_:(user_mau.1604.topfacemobappandroid OR user_mau.1604.topfacemobappios OR user_mau.1604.topface OR user_mau.1604.standalonetf)",638
"2015-09-01 00:00:00","first_app:topfacemobappandroid","_exists_:(user_mau.1605.topfacemobappandroid OR user_mau.1605.topfacemobappios OR user_mau.1605.topface OR user_mau.1605.standalonetf)",558
"2015-09-01 00:00:00","first_app:topfacemobappandroid","_exists_:(user_mau.1606.topfacemobappandroid OR user_mau.1606.topfacemobappios OR user_mau.1606.topface OR user_mau.1606.standalonetf)",498
"2015-09-01 00:00:00","first_app:topfacemobappandroid","_exists_:(user_mau.1607.topfacemobappandroid OR user_mau.1607.topfacemobappios OR user_mau.1607.topface OR user_mau.1607.standalonetf)",488
"2015-09-01 00:00:00","first_app:topfacemobappandroid","_exists_:(user_mau.1608.topfacemobappandroid OR user_mau.1608.topfacemobappios OR user_mau.1608.topface OR user_mau.1608.standalonetf)",403
"2015-09-01 00:00:00","first_app:topfacemobappandroid","_exists_:(user_mau.1609.topfacemobappandroid OR user_mau.1609.topfacemobappios OR user_mau.1609.topface OR user_mau.1609.standalonetf)",372
"2015-09-01 00:00:00","first_app:topfacemobappandroid","_exists_:(user_mau.1610.topfacemobappandroid OR user_mau.1610.topfacemobappios OR user_mau.1610.topface OR user_mau.1610.standalonetf)",335
"2015-09-01 00:00:00","first_app:topfacemobappandroid","_exists_:(user_mau.1611.topfacemobappandroid OR user_mau.1611.topfacemobappios OR user_mau.1611.topface OR user_mau.1611.standalonetf)",301
"2015-09-01 00:00:00","first_app:topfacemobappandroid","_exists_:(user_mau.1612.topfacemobappandroid OR user_mau.1612.topfacemobappios OR user_mau.1612.topface OR user_mau.1612.standalonetf)",284
"2015-09-01 00:00:00","first_app:topfacemobappandroid","_exists_:(user_mau.1701.topfacemobappandroid OR user_mau.1701.topfacemobappios OR user_mau.1701.topface OR user_mau.1701.standalonetf)",250
"2015-09-01 00:00:00","first_app:topfacemobappandroid","_exists_:(user_mau.1702.topfacemobappandroid OR user_mau.1702.topfacemobappios OR user_mau.1702.topface OR user_mau.1702.standalonetf)",213
"2015-09-01 00:00:00","first_app:topfacemobappandroid","_exists_:(user_mau.1703.topfacemobappandroid OR user_mau.1703.topfacemobappios OR user_mau.1703.topface OR user_mau.1703.standalonetf)",188
"2015-09-01 00:00:00","first_app:topfacemobappandroid","_exists_:(user_mau.1704.topfacemobappandroid OR user_mau.1704.topfacemobappios OR user_mau.1704.topface OR user_mau.1704.standalonetf)",382
"2015-09-01 00:00:00","first_app:topfacemobappandroid","_exists_:(user_mau.1705.topfacemobappandroid OR user_mau.1705.topfacemobappios OR user_mau.1705.topface OR user_mau.1705.standalonetf)",296
"2015-09-01 00:00:00","first_app:topfacemobappandroid","_exists_:(user_mau.1706.topfacemobappandroid OR user_mau.1706.topfacemobappios OR user_mau.1706.topface OR user_mau.1706.standalonetf)",191
"2015-09-01 00:00:00","first_app:topfacemobappandroid","_exists_:(user_mau.1707.topfacemobappandroid OR user_mau.1707.topfacemobappios OR user_mau.1707.topface OR user_mau.1707.standalonetf)",241
"2015-09-01 00:00:00","first_app:topfacemobappandroid","_exists_:(user_mau.1708.topfacemobappandroid OR user_mau.1708.topfacemobappios OR user_mau.1708.topface OR user_mau.1708.standalonetf)",293
"2015-09-01 00:00:00","first_app:topfacemobappandroid","_exists_:(user_mau.1709.topfacemobappandroid OR user_mau.1709.topfacemobappios OR user_mau.1709.topface OR user_mau.1709.standalonetf)",258
"2015-09-01 00:00:00","first_app:topfacemobappandroid","_exists_:(user_mau.1710.topfacemobappandroid OR user_mau.1710.topfacemobappios OR user_mau.1710.topface OR user_mau.1710.standalonetf)",278
"2015-09-01 00:00:00","first_app:topfacemobappandroid","_exists_:(user_mau.1711.topfacemobappandroid OR user_mau.1711.topfacemobappios OR user_mau.1711.topface OR user_mau.1711.standalonetf)",221
"2015-09-01 00:00:00","first_app:topfacemobappandroid","_exists_:(user_mau.1712.topfacemobappandroid OR user_mau.1712.topfacemobappios OR user_mau.1712.topface OR user_mau.1712.standalonetf)",204
"2015-09-01 00:00:00","first_app:topfacemobappandroid","_exists_:(user_mau.1801.topfacemobappandroid OR user_mau.1801.topfacemobappios OR user_mau.1801.topface OR user_mau.1801.standalonetf)",160
"2015-09-01 00:00:00","first_app:topfacemobappandroid","_exists_:(user_mau.1802.topfacemobappandroid OR user_mau.1802.topfacemobappios OR user_mau.1802.topface OR user_mau.1802.standalonetf)",143
"2015-09-01 00:00:00","first_app:topfacemobappios","*","1,592"
"2015-09-01 00:00:00","first_app:topfacemobappios","_exists_:(user_mau.1501.topfacemobappandroid OR user_mau.1501.topfacemobappios OR user_mau.1501.topface OR user_mau.1501.standalonetf)",0
"2015-09-01 00:00:00","first_app:topfacemobappios","_exists_:(user_mau.1502.topfacemobappandroid OR user_mau.1502.topfacemobappios OR user_mau.1502.topface OR user_mau.1502.standalonetf)",0
"2015-09-01 00:00:00","first_app:topfacemobappios","_exists_:(user_mau.1503.topfacemobappandroid OR user_mau.1503.topfacemobappios OR user_mau.1503.topface OR user_mau.1503.standalonetf)",0
"2015-09-01 00:00:00","first_app:topfacemobappios","_exists_:(user_mau.1504.topfacemobappandroid OR user_mau.1504.topfacemobappios OR user_mau.1504.topface OR user_mau.1504.standalonetf)",0
"2015-09-01 00:00:00","first_app:topfacemobappios","_exists_:(user_mau.1505.topfacemobappandroid OR user_mau.1505.topfacemobappios OR user_mau.1505.topface OR user_mau.1505.standalonetf)",0
"2015-09-01 00:00:00","first_app:topfacemobappios","_exists_:(user_mau.1506.topfacemobappandroid OR user_mau.1506.topfacemobappios OR user_mau.1506.topface OR user_mau.1506.standalonetf)",0
"2015-09-01 00:00:00","first_app:topfacemobappios","_exists_:(user_mau.1507.topfacemobappandroid OR user_mau.1507.topfacemobappios OR user_mau.1507.topface OR user_mau.1507.standalonetf)",0
"2015-09-01 00:00:00","first_app:topfacemobappios","_exists_:(user_mau.1508.topfacemobappandroid OR user_mau.1508.topfacemobappios OR user_mau.1508.topface OR user_mau.1508.standalonetf)",0
"2015-09-01 00:00:00","first_app:topfacemobappios","_exists_:(user_mau.1509.topfacemobappandroid OR user_mau.1509.topfacemobappios OR user_mau.1509.topface OR user_mau.1509.standalonetf)","1,294"
"2015-09-01 00:00:00","first_app:topfacemobappios","_exists_:(user_mau.1510.topfacemobappandroid OR user_mau.1510.topfacemobappios OR user_mau.1510.topface OR user_mau.1510.standalonetf)",416
"2015-09-01 00:00:00","first_app:topfacemobappios","_exists_:(user_mau.1511.topfacemobappandroid OR user_mau.1511.topfacemobappios OR user_mau.1511.topface OR user_mau.1511.standalonetf)",187
"2015-09-01 00:00:00","first_app:topfacemobappios","_exists_:(user_mau.1512.topfacemobappandroid OR user_mau.1512.topfacemobappios OR user_mau.1512.topface OR user_mau.1512.standalonetf)",87
"2015-09-01 00:00:00","first_app:topfacemobappios","_exists_:(user_mau.1601.topfacemobappandroid OR user_mau.1601.topfacemobappios OR user_mau.1601.topface OR user_mau.1601.standalonetf)",203
"2015-09-01 00:00:00","first_app:topfacemobappios","_exists_:(user_mau.1602.topfacemobappandroid OR user_mau.1602.topfacemobappios OR user_mau.1602.topface OR user_mau.1602.standalonetf)",156
"2015-09-01 00:00:00","first_app:topfacemobappios","_exists_:(user_mau.1603.topfacemobappandroid OR user_mau.1603.topfacemobappios OR user_mau.1603.topface OR user_mau.1603.standalonetf)",126
"2015-09-01 00:00:00","first_app:topfacemobappios","_exists_:(user_mau.1604.topfacemobappandroid OR user_mau.1604.topfacemobappios OR user_mau.1604.topface OR user_mau.1604.standalonetf)",105
"2015-09-01 00:00:00","first_app:topfacemobappios","_exists_:(user_mau.1605.topfacemobappandroid OR user_mau.1605.topfacemobappios OR user_mau.1605.topface OR user_mau.1605.standalonetf)",91
"2015-09-01 00:00:00","first_app:topfacemobappios","_exists_:(user_mau.1606.topfacemobappandroid OR user_mau.1606.topfacemobappios OR user_mau.1606.topface OR user_mau.1606.standalonetf)",74
"2015-09-01 00:00:00","first_app:topfacemobappios","_exists_:(user_mau.1607.topfacemobappandroid OR user_mau.1607.topfacemobappios OR user_mau.1607.topface OR user_mau.1607.standalonetf)",83
"2015-09-01 00:00:00","first_app:topfacemobappios","_exists_:(user_mau.1608.topfacemobappandroid OR user_mau.1608.topfacemobappios OR user_mau.1608.topface OR user_mau.1608.standalonetf)",62
"2015-09-01 00:00:00","first_app:topfacemobappios","_exists_:(user_mau.1609.topfacemobappandroid OR user_mau.1609.topfacemobappios OR user_mau.1609.topface OR user_mau.1609.standalonetf)",59
"2015-09-01 00:00:00","first_app:topfacemobappios","_exists_:(user_mau.1610.topfacemobappandroid OR user_mau.1610.topfacemobappios OR user_mau.1610.topface OR user_mau.1610.standalonetf)",43
"2015-09-01 00:00:00","first_app:topfacemobappios","_exists_:(user_mau.1611.topfacemobappandroid OR user_mau.1611.topfacemobappios OR user_mau.1611.topface OR user_mau.1611.standalonetf)",48
"2015-09-01 00:00:00","first_app:topfacemobappios","_exists_:(user_mau.1612.topfacemobappandroid OR user_mau.1612.topfacemobappios OR user_mau.1612.topface OR user_mau.1612.standalonetf)",39
"2015-09-01 00:00:00","first_app:topfacemobappios","_exists_:(user_mau.1701.topfacemobappandroid OR user_mau.1701.topfacemobappios OR user_mau.1701.topface OR user_mau.1701.standalonetf)",36
"2015-09-01 00:00:00","first_app:topfacemobappios","_exists_:(user_mau.1702.topfacemobappandroid OR user_mau.1702.topfacemobappios OR user_mau.1702.topface OR user_mau.1702.standalonetf)",33
"2015-09-01 00:00:00","first_app:topfacemobappios","_exists_:(user_mau.1703.topfacemobappandroid OR user_mau.1703.topfacemobappios OR user_mau.1703.topface OR user_mau.1703.standalonetf)",33
"2015-09-01 00:00:00","first_app:topfacemobappios","_exists_:(user_mau.1704.topfacemobappandroid OR user_mau.1704.topfacemobappios OR user_mau.1704.topface OR user_mau.1704.standalonetf)",37
"2015-09-01 00:00:00","first_app:topfacemobappios","_exists_:(user_mau.1705.topfacemobappandroid OR user_mau.1705.topfacemobappios OR user_mau.1705.topface OR user_mau.1705.standalonetf)",31
"2015-09-01 00:00:00","first_app:topfacemobappios","_exists_:(user_mau.1706.topfacemobappandroid OR user_mau.1706.topfacemobappios OR user_mau.1706.topface OR user_mau.1706.standalonetf)",34
"2015-09-01 00:00:00","first_app:topfacemobappios","_exists_:(user_mau.1707.topfacemobappandroid OR user_mau.1707.topfacemobappios OR user_mau.1707.topface OR user_mau.1707.standalonetf)",25
"2015-09-01 00:00:00","first_app:topfacemobappios","_exists_:(user_mau.1708.topfacemobappandroid OR user_mau.1708.topfacemobappios OR user_mau.1708.topface OR user_mau.1708.standalonetf)",31
"2015-09-01 00:00:00","first_app:topfacemobappios","_exists_:(user_mau.1709.topfacemobappandroid OR user_mau.1709.topfacemobappios OR user_mau.1709.topface OR user_mau.1709.standalonetf)",32
"2015-09-01 00:00:00","first_app:topfacemobappios","_exists_:(user_mau.1710.topfacemobappandroid OR user_mau.1710.topfacemobappios OR user_mau.1710.topface OR user_mau.1710.standalonetf)",40
"2015-09-01 00:00:00","first_app:topfacemobappios","_exists_:(user_mau.1711.topfacemobappandroid OR user_mau.1711.topfacemobappios OR user_mau.1711.topface OR user_mau.1711.standalonetf)",27
"2015-09-01 00:00:00","first_app:topfacemobappios","_exists_:(user_mau.1712.topfacemobappandroid OR user_mau.1712.topfacemobappios OR user_mau.1712.topface OR user_mau.1712.standalonetf)",35
"2015-09-01 00:00:00","first_app:topfacemobappios","_exists_:(user_mau.1801.topfacemobappandroid OR user_mau.1801.topfacemobappios OR user_mau.1801.topface OR user_mau.1801.standalonetf)",41
"2015-09-01 00:00:00","first_app:topfacemobappios","_exists_:(user_mau.1802.topfacemobappandroid OR user_mau.1802.topfacemobappios OR user_mau.1802.topface OR user_mau.1802.standalonetf)",26
"2015-09-01 00:00:00","first_app:standalonetf","*","22,352"
"2015-09-01 00:00:00","first_app:standalonetf","_exists_:(user_mau.1501.topfacemobappandroid OR user_mau.1501.topfacemobappios OR user_mau.1501.topface OR user_mau.1501.standalonetf)",0
"2015-09-01 00:00:00","first_app:standalonetf","_exists_:(user_mau.1502.topfacemobappandroid OR user_mau.1502.topfacemobappios OR user_mau.1502.topface OR user_mau.1502.standalonetf)",0
"2015-09-01 00:00:00","first_app:standalonetf","_exists_:(user_mau.1503.topfacemobappandroid OR user_mau.1503.topfacemobappios OR user_mau.1503.topface OR user_mau.1503.standalonetf)",0
"2015-09-01 00:00:00","first_app:standalonetf","_exists_:(user_mau.1504.topfacemobappandroid OR user_mau.1504.topfacemobappios OR user_mau.1504.topface OR user_mau.1504.standalonetf)",0
"2015-09-01 00:00:00","first_app:standalonetf","_exists_:(user_mau.1505.topfacemobappandroid OR user_mau.1505.topfacemobappios OR user_mau.1505.topface OR user_mau.1505.standalonetf)",0
"2015-09-01 00:00:00","first_app:standalonetf","_exists_:(user_mau.1506.topfacemobappandroid OR user_mau.1506.topfacemobappios OR user_mau.1506.topface OR user_mau.1506.standalonetf)",0
"2015-09-01 00:00:00","first_app:standalonetf","_exists_:(user_mau.1507.topfacemobappandroid OR user_mau.1507.topfacemobappios OR user_mau.1507.topface OR user_mau.1507.standalonetf)",0
"2015-09-01 00:00:00","first_app:standalonetf","_exists_:(user_mau.1508.topfacemobappandroid OR user_mau.1508.topfacemobappios OR user_mau.1508.topface OR user_mau.1508.standalonetf)",55
"2015-09-01 00:00:00","first_app:standalonetf","_exists_:(user_mau.1509.topfacemobappandroid OR user_mau.1509.topfacemobappios OR user_mau.1509.topface OR user_mau.1509.standalonetf)","17,201"
"2015-09-01 00:00:00","first_app:standalonetf","_exists_:(user_mau.1510.topfacemobappandroid OR user_mau.1510.topfacemobappios OR user_mau.1510.topface OR user_mau.1510.standalonetf)","2,852"
"2015-09-01 00:00:00","first_app:standalonetf","_exists_:(user_mau.1511.topfacemobappandroid OR user_mau.1511.topfacemobappios OR user_mau.1511.topface OR user_mau.1511.standalonetf)","1,715"
"2015-09-01 00:00:00","first_app:standalonetf","_exists_:(user_mau.1512.topfacemobappandroid OR user_mau.1512.topfacemobappios OR user_mau.1512.topface OR user_mau.1512.standalonetf)",772
"2015-09-01 00:00:00","first_app:standalonetf","_exists_:(user_mau.1601.topfacemobappandroid OR user_mau.1601.topfacemobappios OR user_mau.1601.topface OR user_mau.1601.standalonetf)","2,116"
"2015-09-01 00:00:00","first_app:standalonetf","_exists_:(user_mau.1602.topfacemobappandroid OR user_mau.1602.topfacemobappios OR user_mau.1602.topface OR user_mau.1602.standalonetf)","1,690"
"2015-09-01 00:00:00","first_app:standalonetf","_exists_:(user_mau.1603.topfacemobappandroid OR user_mau.1603.topfacemobappios OR user_mau.1603.topface OR user_mau.1603.standalonetf)","1,494"
"2015-09-01 00:00:00","first_app:standalonetf","_exists_:(user_mau.1604.topfacemobappandroid OR user_mau.1604.topfacemobappios OR user_mau.1604.topface OR user_mau.1604.standalonetf)","1,263"
"2015-09-01 00:00:00","first_app:standalonetf","_exists_:(user_mau.1605.topfacemobappandroid OR user_mau.1605.topfacemobappios OR user_mau.1605.topface OR user_mau.1605.standalonetf)","1,090"
"2015-09-01 00:00:00","first_app:standalonetf","_exists_:(user_mau.1606.topfacemobappandroid OR user_mau.1606.topfacemobappios OR user_mau.1606.topface OR user_mau.1606.standalonetf)","1,027"
"2015-09-01 00:00:00","first_app:standalonetf","_exists_:(user_mau.1607.topfacemobappandroid OR user_mau.1607.topfacemobappios OR user_mau.1607.topface OR user_mau.1607.standalonetf)",993
"2015-09-01 00:00:00","first_app:standalonetf","_exists_:(user_mau.1608.topfacemobappandroid OR user_mau.1608.topfacemobappios OR user_mau.1608.topface OR user_mau.1608.standalonetf)",901
"2015-09-01 00:00:00","first_app:standalonetf","_exists_:(user_mau.1609.topfacemobappandroid OR user_mau.1609.topfacemobappios OR user_mau.1609.topface OR user_mau.1609.standalonetf)",817
"2015-09-01 00:00:00","first_app:standalonetf","_exists_:(user_mau.1610.topfacemobappandroid OR user_mau.1610.topfacemobappios OR user_mau.1610.topface OR user_mau.1610.standalonetf)",744
"2015-09-01 00:00:00","first_app:standalonetf","_exists_:(user_mau.1611.topfacemobappandroid OR user_mau.1611.topfacemobappios OR user_mau.1611.topface OR user_mau.1611.standalonetf)",662
"2015-09-01 00:00:00","first_app:standalonetf","_exists_:(user_mau.1612.topfacemobappandroid OR user_mau.1612.topfacemobappios OR user_mau.1612.topface OR user_mau.1612.standalonetf)",641
"2015-09-01 00:00:00","first_app:standalonetf","_exists_:(user_mau.1701.topfacemobappandroid OR user_mau.1701.topfacemobappios OR user_mau.1701.topface OR user_mau.1701.standalonetf)",611
"2015-09-01 00:00:00","first_app:standalonetf","_exists_:(user_mau.1702.topfacemobappandroid OR user_mau.1702.topfacemobappios OR user_mau.1702.topface OR user_mau.1702.standalonetf)",538
"2015-09-01 00:00:00","first_app:standalonetf","_exists_:(user_mau.1703.topfacemobappandroid OR user_mau.1703.topfacemobappios OR user_mau.1703.topface OR user_mau.1703.standalonetf)",499
"2015-09-01 00:00:00","first_app:standalonetf","_exists_:(user_mau.1704.topfacemobappandroid OR user_mau.1704.topfacemobappios OR user_mau.1704.topface OR user_mau.1704.standalonetf)",512
"2015-09-01 00:00:00","first_app:standalonetf","_exists_:(user_mau.1705.topfacemobappandroid OR user_mau.1705.topfacemobappios OR user_mau.1705.topface OR user_mau.1705.standalonetf)",437
"2015-09-01 00:00:00","first_app:standalonetf","_exists_:(user_mau.1706.topfacemobappandroid OR user_mau.1706.topfacemobappios OR user_mau.1706.topface OR user_mau.1706.standalonetf)",382
"2015-09-01 00:00:00","first_app:standalonetf","_exists_:(user_mau.1707.topfacemobappandroid OR user_mau.1707.topfacemobappios OR user_mau.1707.topface OR user_mau.1707.standalonetf)",373
"2015-09-01 00:00:00","first_app:standalonetf","_exists_:(user_mau.1708.topfacemobappandroid OR user_mau.1708.topfacemobappios OR user_mau.1708.topface OR user_mau.1708.standalonetf)",366
"2015-09-01 00:00:00","first_app:standalonetf","_exists_:(user_mau.1709.topfacemobappandroid OR user_mau.1709.topfacemobappios OR user_mau.1709.topface OR user_mau.1709.standalonetf)",373
"2015-09-01 00:00:00","first_app:standalonetf","_exists_:(user_mau.1710.topfacemobappandroid OR user_mau.1710.topfacemobappios OR user_mau.1710.topface OR user_mau.1710.standalonetf)",348
"2015-09-01 00:00:00","first_app:standalonetf","_exists_:(user_mau.1711.topfacemobappandroid OR user_mau.1711.topfacemobappios OR user_mau.1711.topface OR user_mau.1711.standalonetf)",316
"2015-09-01 00:00:00","first_app:standalonetf","_exists_:(user_mau.1712.topfacemobappandroid OR user_mau.1712.topfacemobappios OR user_mau.1712.topface OR user_mau.1712.standalonetf)",301
"2015-09-01 00:00:00","first_app:standalonetf","_exists_:(user_mau.1801.topfacemobappandroid OR user_mau.1801.topfacemobappios OR user_mau.1801.topface OR user_mau.1801.standalonetf)",297
"2015-09-01 00:00:00","first_app:standalonetf","_exists_:(user_mau.1802.topfacemobappandroid OR user_mau.1802.topfacemobappios OR user_mau.1802.topface OR user_mau.1802.standalonetf)",265
"2015-09-01 00:00:00","first_app:topface AND platform:vk","*","17,492"
"2015-09-01 00:00:00","first_app:topface AND platform:vk","_exists_:(user_mau.1501.topfacemobappandroid OR user_mau.1501.topfacemobappios OR user_mau.1501.topface OR user_mau.1501.standalonetf)",0
"2015-09-01 00:00:00","first_app:topface AND platform:vk","_exists_:(user_mau.1502.topfacemobappandroid OR user_mau.1502.topfacemobappios OR user_mau.1502.topface OR user_mau.1502.standalonetf)",0
"2015-09-01 00:00:00","first_app:topface AND platform:vk","_exists_:(user_mau.1503.topfacemobappandroid OR user_mau.1503.topfacemobappios OR user_mau.1503.topface OR user_mau.1503.standalonetf)",0
"2015-09-01 00:00:00","first_app:topface AND platform:vk","_exists_:(user_mau.1504.topfacemobappandroid OR user_mau.1504.topfacemobappios OR user_mau.1504.topface OR user_mau.1504.standalonetf)",0
"2015-09-01 00:00:00","first_app:topface AND platform:vk","_exists_:(user_mau.1505.topfacemobappandroid OR user_mau.1505.topfacemobappios OR user_mau.1505.topface OR user_mau.1505.standalonetf)",0
"2015-09-01 00:00:00","first_app:topface AND platform:vk","_exists_:(user_mau.1506.topfacemobappandroid OR user_mau.1506.topfacemobappios OR user_mau.1506.topface OR user_mau.1506.standalonetf)",0
"2015-09-01 00:00:00","first_app:topface AND platform:vk","_exists_:(user_mau.1507.topfacemobappandroid OR user_mau.1507.topfacemobappios OR user_mau.1507.topface OR user_mau.1507.standalonetf)",0
"2015-09-01 00:00:00","first_app:topface AND platform:vk","_exists_:(user_mau.1508.topfacemobappandroid OR user_mau.1508.topfacemobappios OR user_mau.1508.topface OR user_mau.1508.standalonetf)",75
"2015-09-01 00:00:00","first_app:topface AND platform:vk","_exists_:(user_mau.1509.topfacemobappandroid OR user_mau.1509.topfacemobappios OR user_mau.1509.topface OR user_mau.1509.standalonetf)","12,556"
"2015-09-01 00:00:00","first_app:topface AND platform:vk","_exists_:(user_mau.1510.topfacemobappandroid OR user_mau.1510.topfacemobappios OR user_mau.1510.topface OR user_mau.1510.standalonetf)","3,680"
"2015-09-01 00:00:00","first_app:topface AND platform:vk","_exists_:(user_mau.1511.topfacemobappandroid OR user_mau.1511.topfacemobappios OR user_mau.1511.topface OR user_mau.1511.standalonetf)","1,733"
"2015-09-01 00:00:00","first_app:topface AND platform:vk","_exists_:(user_mau.1512.topfacemobappandroid OR user_mau.1512.topfacemobappios OR user_mau.1512.topface OR user_mau.1512.standalonetf)","1,016"
"2015-09-01 00:00:00","first_app:topface AND platform:vk","_exists_:(user_mau.1601.topfacemobappandroid OR user_mau.1601.topfacemobappios OR user_mau.1601.topface OR user_mau.1601.standalonetf)","3,035"
"2015-09-01 00:00:00","first_app:topface AND platform:vk","_exists_:(user_mau.1602.topfacemobappandroid OR user_mau.1602.topfacemobappios OR user_mau.1602.topface OR user_mau.1602.standalonetf)","2,552"
"2015-09-01 00:00:00","first_app:topface AND platform:vk","_exists_:(user_mau.1603.topfacemobappandroid OR user_mau.1603.topfacemobappios OR user_mau.1603.topface OR user_mau.1603.standalonetf)","2,411"
"2015-09-01 00:00:00","first_app:topface AND platform:vk","_exists_:(user_mau.1604.topfacemobappandroid OR user_mau.1604.topfacemobappios OR user_mau.1604.topface OR user_mau.1604.standalonetf)","1,836"
"2015-09-01 00:00:00","first_app:topface AND platform:vk","_exists_:(user_mau.1605.topfacemobappandroid OR user_mau.1605.topfacemobappios OR user_mau.1605.topface OR user_mau.1605.standalonetf)","1,595"
"2015-09-01 00:00:00","first_app:topface AND platform:vk","_exists_:(user_mau.1606.topfacemobappandroid OR user_mau.1606.topfacemobappios OR user_mau.1606.topface OR user_mau.1606.standalonetf)","1,385"
"2015-09-01 00:00:00","first_app:topface AND platform:vk","_exists_:(user_mau.1607.topfacemobappandroid OR user_mau.1607.topfacemobappios OR user_mau.1607.topface OR user_mau.1607.standalonetf)","1,317"
"2015-09-01 00:00:00","first_app:topface AND platform:vk","_exists_:(user_mau.1608.topfacemobappandroid OR user_mau.1608.topfacemobappios OR user_mau.1608.topface OR user_mau.1608.standalonetf)","1,286"
"2015-09-01 00:00:00","first_app:topface AND platform:vk","_exists_:(user_mau.1609.topfacemobappandroid OR user_mau.1609.topfacemobappios OR user_mau.1609.topface OR user_mau.1609.standalonetf)","1,189"
"2015-09-01 00:00:00","first_app:topface AND platform:vk","_exists_:(user_mau.1610.topfacemobappandroid OR user_mau.1610.topfacemobappios OR user_mau.1610.topface OR user_mau.1610.standalonetf)","1,062"
"2015-09-01 00:00:00","first_app:topface AND platform:vk","_exists_:(user_mau.1611.topfacemobappandroid OR user_mau.1611.topfacemobappios OR user_mau.1611.topface OR user_mau.1611.standalonetf)",802
"2015-09-01 00:00:00","first_app:topface AND platform:vk","_exists_:(user_mau.1612.topfacemobappandroid OR user_mau.1612.topfacemobappios OR user_mau.1612.topface OR user_mau.1612.standalonetf)",730
"2015-09-01 00:00:00","first_app:topface AND platform:vk","_exists_:(user_mau.1701.topfacemobappandroid OR user_mau.1701.topfacemobappios OR user_mau.1701.topface OR user_mau.1701.standalonetf)",758
"2015-09-01 00:00:00","first_app:topface AND platform:vk","_exists_:(user_mau.1702.topfacemobappandroid OR user_mau.1702.topfacemobappios OR user_mau.1702.topface OR user_mau.1702.standalonetf)",656
"2015-09-01 00:00:00","first_app:topface AND platform:vk","_exists_:(user_mau.1703.topfacemobappandroid OR user_mau.1703.topfacemobappios OR user_mau.1703.topface OR user_mau.1703.standalonetf)",616
"2015-09-01 00:00:00","first_app:topface AND platform:vk","_exists_:(user_mau.1704.topfacemobappandroid OR user_mau.1704.topfacemobappios OR user_mau.1704.topface OR user_mau.1704.standalonetf)",571
"2015-09-01 00:00:00","first_app:topface AND platform:vk","_exists_:(user_mau.1705.topfacemobappandroid OR user_mau.1705.topfacemobappios OR user_mau.1705.topface OR user_mau.1705.standalonetf)",598
"2015-09-01 00:00:00","first_app:topface AND platform:vk","_exists_:(user_mau.1706.topfacemobappandroid OR user_mau.1706.topfacemobappios OR user_mau.1706.topface OR user_mau.1706.standalonetf)",498
"2015-09-01 00:00:00","first_app:topface AND platform:vk","_exists_:(user_mau.1707.topfacemobappandroid OR user_mau.1707.topfacemobappios OR user_mau.1707.topface OR user_mau.1707.standalonetf)",478
"2015-09-01 00:00:00","first_app:topface AND platform:vk","_exists_:(user_mau.1708.topfacemobappandroid OR user_mau.1708.topfacemobappios OR user_mau.1708.topface OR user_mau.1708.standalonetf)",451
"2015-09-01 00:00:00","first_app:topface AND platform:vk","_exists_:(user_mau.1709.topfacemobappandroid OR user_mau.1709.topfacemobappios OR user_mau.1709.topface OR user_mau.1709.standalonetf)",457
"2015-09-01 00:00:00","first_app:topface AND platform:vk","_exists_:(user_mau.1710.topfacemobappandroid OR user_mau.1710.topfacemobappios OR user_mau.1710.topface OR user_mau.1710.standalonetf)",432
"2015-09-01 00:00:00","first_app:topface AND platform:vk","_exists_:(user_mau.1711.topfacemobappandroid OR user_mau.1711.topfacemobappios OR user_mau.1711.topface OR user_mau.1711.standalonetf)",437
"2015-09-01 00:00:00","first_app:topface AND platform:vk","_exists_:(user_mau.1712.topfacemobappandroid OR user_mau.1712.topfacemobappios OR user_mau.1712.topface OR user_mau.1712.standalonetf)",374
"2015-09-01 00:00:00","first_app:topface AND platform:vk","_exists_:(user_mau.1801.topfacemobappandroid OR user_mau.1801.topfacemobappios OR user_mau.1801.topface OR user_mau.1801.standalonetf)",374
"2015-09-01 00:00:00","first_app:topface AND platform:vk","_exists_:(user_mau.1802.topfacemobappandroid OR user_mau.1802.topfacemobappios OR user_mau.1802.topface OR user_mau.1802.standalonetf)",359
"2015-09-01 00:00:00","first_app:topface AND platform:ok","*","28,139"
"2015-09-01 00:00:00","first_app:topface AND platform:ok","_exists_:(user_mau.1501.topfacemobappandroid OR user_mau.1501.topfacemobappios OR user_mau.1501.topface OR user_mau.1501.standalonetf)",0
"2015-09-01 00:00:00","first_app:topface AND platform:ok","_exists_:(user_mau.1502.topfacemobappandroid OR user_mau.1502.topfacemobappios OR user_mau.1502.topface OR user_mau.1502.standalonetf)",0
"2015-09-01 00:00:00","first_app:topface AND platform:ok","_exists_:(user_mau.1503.topfacemobappandroid OR user_mau.1503.topfacemobappios OR user_mau.1503.topface OR user_mau.1503.standalonetf)",0
"2015-09-01 00:00:00","first_app:topface AND platform:ok","_exists_:(user_mau.1504.topfacemobappandroid OR user_mau.1504.topfacemobappios OR user_mau.1504.topface OR user_mau.1504.standalonetf)",0
"2015-09-01 00:00:00","first_app:topface AND platform:ok","_exists_:(user_mau.1505.topfacemobappandroid OR user_mau.1505.topfacemobappios OR user_mau.1505.topface OR user_mau.1505.standalonetf)",0
"2015-09-01 00:00:00","first_app:topface AND platform:ok","_exists_:(user_mau.1506.topfacemobappandroid OR user_mau.1506.topfacemobappios OR user_mau.1506.topface OR user_mau.1506.standalonetf)",0
"2015-09-01 00:00:00","first_app:topface AND platform:ok","_exists_:(user_mau.1507.topfacemobappandroid OR user_mau.1507.topfacemobappios OR user_mau.1507.topface OR user_mau.1507.standalonetf)",0
"2015-09-01 00:00:00","first_app:topface AND platform:ok","_exists_:(user_mau.1508.topfacemobappandroid OR user_mau.1508.topfacemobappios OR user_mau.1508.topface OR user_mau.1508.standalonetf)",26
"2015-09-01 00:00:00","first_app:topface AND platform:ok","_exists_:(user_mau.1509.topfacemobappandroid OR user_mau.1509.topfacemobappios OR user_mau.1509.topface OR user_mau.1509.standalonetf)","24,670"
"2015-09-01 00:00:00","first_app:topface AND platform:ok","_exists_:(user_mau.1510.topfacemobappandroid OR user_mau.1510.topfacemobappios OR user_mau.1510.topface OR user_mau.1510.standalonetf)","3,490"
"2015-09-01 00:00:00","first_app:topface AND platform:ok","_exists_:(user_mau.1511.topfacemobappandroid OR user_mau.1511.topfacemobappios OR user_mau.1511.topface OR user_mau.1511.standalonetf)","1,673"
"2015-09-01 00:00:00","first_app:topface AND platform:ok","_exists_:(user_mau.1512.topfacemobappandroid OR user_mau.1512.topfacemobappios OR user_mau.1512.topface OR user_mau.1512.standalonetf)","1,130"
"2015-09-01 00:00:00","first_app:topface AND platform:ok","_exists_:(user_mau.1601.topfacemobappandroid OR user_mau.1601.topfacemobappios OR user_mau.1601.topface OR user_mau.1601.standalonetf)","1,604"
"2015-09-01 00:00:00","first_app:topface AND platform:ok","_exists_:(user_mau.1602.topfacemobappandroid OR user_mau.1602.topfacemobappios OR user_mau.1602.topface OR user_mau.1602.standalonetf)","1,574"
"2015-09-01 00:00:00","first_app:topface AND platform:ok","_exists_:(user_mau.1603.topfacemobappandroid OR user_mau.1603.topfacemobappios OR user_mau.1603.topface OR user_mau.1603.standalonetf)","1,335"
"2015-09-01 00:00:00","first_app:topface AND platform:ok","_exists_:(user_mau.1604.topfacemobappandroid OR user_mau.1604.topfacemobappios OR user_mau.1604.topface OR user_mau.1604.standalonetf)","1,000"
"2015-09-01 00:00:00","first_app:topface AND platform:ok","_exists_:(user_mau.1605.topfacemobappandroid OR user_mau.1605.topfacemobappios OR user_mau.1605.topface OR user_mau.1605.standalonetf)",703
"2015-09-01 00:00:00","first_app:topface AND platform:ok","_exists_:(user_mau.1606.topfacemobappandroid OR user_mau.1606.topfacemobappios OR user_mau.1606.topface OR user_mau.1606.standalonetf)",597
"2015-09-01 00:00:00","first_app:topface AND platform:ok","_exists_:(user_mau.1607.topfacemobappandroid OR user_mau.1607.topfacemobappios OR user_mau.1607.topface OR user_mau.1607.standalonetf)",563
"2015-09-01 00:00:00","first_app:topface AND platform:ok","_exists_:(user_mau.1608.topfacemobappandroid OR user_mau.1608.topfacemobappios OR user_mau.1608.topface OR user_mau.1608.standalonetf)",502
"2015-09-01 00:00:00","first_app:topface AND platform:ok","_exists_:(user_mau.1609.topfacemobappandroid OR user_mau.1609.topfacemobappios OR user_mau.1609.topface OR user_mau.1609.standalonetf)",530
"2015-09-01 00:00:00","first_app:topface AND platform:ok","_exists_:(user_mau.1610.topfacemobappandroid OR user_mau.1610.topfacemobappios OR user_mau.1610.topface OR user_mau.1610.standalonetf)",493
"2015-09-01 00:00:00","first_app:topface AND platform:ok","_exists_:(user_mau.1611.topfacemobappandroid OR user_mau.1611.topfacemobappios OR user_mau.1611.topface OR user_mau.1611.standalonetf)",398
"2015-09-01 00:00:00","first_app:topface AND platform:ok","_exists_:(user_mau.1612.topfacemobappandroid OR user_mau.1612.topfacemobappios OR user_mau.1612.topface OR user_mau.1612.standalonetf)",418
"2015-09-01 00:00:00","first_app:topface AND platform:ok","_exists_:(user_mau.1701.topfacemobappandroid OR user_mau.1701.topfacemobappios OR user_mau.1701.topface OR user_mau.1701.standalonetf)",426
"2015-09-01 00:00:00","first_app:topface AND platform:ok","_exists_:(user_mau.1702.topfacemobappandroid OR user_mau.1702.topfacemobappios OR user_mau.1702.topface OR user_mau.1702.standalonetf)",358
"2015-09-01 00:00:00","first_app:topface AND platform:ok","_exists_:(user_mau.1703.topfacemobappandroid OR user_mau.1703.topfacemobappios OR user_mau.1703.topface OR user_mau.1703.standalonetf)",324
"2015-09-01 00:00:00","first_app:topface AND platform:ok","_exists_:(user_mau.1704.topfacemobappandroid OR user_mau.1704.topfacemobappios OR user_mau.1704.topface OR user_mau.1704.standalonetf)",313
"2015-09-01 00:00:00","first_app:topface AND platform:ok","_exists_:(user_mau.1705.topfacemobappandroid OR user_mau.1705.topfacemobappios OR user_mau.1705.topface OR user_mau.1705.standalonetf)",280
"2015-09-01 00:00:00","first_app:topface AND platform:ok","_exists_:(user_mau.1706.topfacemobappandroid OR user_mau.1706.topfacemobappios OR user_mau.1706.topface OR user_mau.1706.standalonetf)",280
"2015-09-01 00:00:00","first_app:topface AND platform:ok","_exists_:(user_mau.1707.topfacemobappandroid OR user_mau.1707.topfacemobappios OR user_mau.1707.topface OR user_mau.1707.standalonetf)",278
"2015-09-01 00:00:00","first_app:topface AND platform:ok","_exists_:(user_mau.1708.topfacemobappandroid OR user_mau.1708.topfacemobappios OR user_mau.1708.topface OR user_mau.1708.standalonetf)",267
"2015-09-01 00:00:00","first_app:topface AND platform:ok","_exists_:(user_mau.1709.topfacemobappandroid OR user_mau.1709.topfacemobappios OR user_mau.1709.topface OR user_mau.1709.standalonetf)",244
"2015-09-01 00:00:00","first_app:topface AND platform:ok","_exists_:(user_mau.1710.topfacemobappandroid OR user_mau.1710.topfacemobappios OR user_mau.1710.topface OR user_mau.1710.standalonetf)",227
"2015-09-01 00:00:00","first_app:topface AND platform:ok","_exists_:(user_mau.1711.topfacemobappandroid OR user_mau.1711.topfacemobappios OR user_mau.1711.topface OR user_mau.1711.standalonetf)",221
"2015-09-01 00:00:00","first_app:topface AND platform:ok","_exists_:(user_mau.1712.topfacemobappandroid OR user_mau.1712.topfacemobappios OR user_mau.1712.topface OR user_mau.1712.standalonetf)",211
"2015-09-01 00:00:00","first_app:topface AND platform:ok","_exists_:(user_mau.1801.topfacemobappandroid OR user_mau.1801.topfacemobappios OR user_mau.1801.topface OR user_mau.1801.standalonetf)",209
"2015-09-01 00:00:00","first_app:topface AND platform:ok","_exists_:(user_mau.1802.topfacemobappandroid OR user_mau.1802.topfacemobappios OR user_mau.1802.topface OR user_mau.1802.standalonetf)",181
"2015-09-01 00:00:00","first_app:topface AND platform:fb","*","5,494"
"2015-09-01 00:00:00","first_app:topface AND platform:fb","_exists_:(user_mau.1501.topfacemobappandroid OR user_mau.1501.topfacemobappios OR user_mau.1501.topface OR user_mau.1501.standalonetf)",0
"2015-09-01 00:00:00","first_app:topface AND platform:fb","_exists_:(user_mau.1502.topfacemobappandroid OR user_mau.1502.topfacemobappios OR user_mau.1502.topface OR user_mau.1502.standalonetf)",0
"2015-09-01 00:00:00","first_app:topface AND platform:fb","_exists_:(user_mau.1503.topfacemobappandroid OR user_mau.1503.topfacemobappios OR user_mau.1503.topface OR user_mau.1503.standalonetf)",0
"2015-09-01 00:00:00","first_app:topface AND platform:fb","_exists_:(user_mau.1504.topfacemobappandroid OR user_mau.1504.topfacemobappios OR user_mau.1504.topface OR user_mau.1504.standalonetf)",0
"2015-09-01 00:00:00","first_app:topface AND platform:fb","_exists_:(user_mau.1505.topfacemobappandroid OR user_mau.1505.topfacemobappios OR user_mau.1505.topface OR user_mau.1505.standalonetf)",0
"2015-09-01 00:00:00","first_app:topface AND platform:fb","_exists_:(user_mau.1506.topfacemobappandroid OR user_mau.1506.topfacemobappios OR user_mau.1506.topface OR user_mau.1506.standalonetf)",0
"2015-09-01 00:00:00","first_app:topface AND platform:fb","_exists_:(user_mau.1507.topfacemobappandroid OR user_mau.1507.topfacemobappios OR user_mau.1507.topface OR user_mau.1507.standalonetf)",0
"2015-09-01 00:00:00","first_app:topface AND platform:fb","_exists_:(user_mau.1508.topfacemobappandroid OR user_mau.1508.topfacemobappios OR user_mau.1508.topface OR user_mau.1508.standalonetf)",0
"2015-09-01 00:00:00","first_app:topface AND platform:fb","_exists_:(user_mau.1509.topfacemobappandroid OR user_mau.1509.topfacemobappios OR user_mau.1509.topface OR user_mau.1509.standalonetf)","4,090"
"2015-09-01 00:00:00","first_app:topface AND platform:fb","_exists_:(user_mau.1510.topfacemobappandroid OR user_mau.1510.topfacemobappios OR user_mau.1510.topface OR user_mau.1510.standalonetf)","1,374"
"2015-09-01 00:00:00","first_app:topface AND platform:fb","_exists_:(user_mau.1511.topfacemobappandroid OR user_mau.1511.topfacemobappios OR user_mau.1511.topface OR user_mau.1511.standalonetf)",707
"2015-09-01 00:00:00","first_app:topface AND platform:fb","_exists_:(user_mau.1512.topfacemobappandroid OR user_mau.1512.topfacemobappios OR user_mau.1512.topface OR user_mau.1512.standalonetf)",427
"2015-09-01 00:00:00","first_app:topface AND platform:fb","_exists_:(user_mau.1601.topfacemobappandroid OR user_mau.1601.topfacemobappios OR user_mau.1601.topface OR user_mau.1601.standalonetf)",904
"2015-09-01 00:00:00","first_app:topface AND platform:fb","_exists_:(user_mau.1602.topfacemobappandroid OR user_mau.1602.topfacemobappios OR user_mau.1602.topface OR user_mau.1602.standalonetf)",703
"2015-09-01 00:00:00","first_app:topface AND platform:fb","_exists_:(user_mau.1603.topfacemobappandroid OR user_mau.1603.topfacemobappios OR user_mau.1603.topface OR user_mau.1603.standalonetf)",588
"2015-09-01 00:00:00","first_app:topface AND platform:fb","_exists_:(user_mau.1604.topfacemobappandroid OR user_mau.1604.topfacemobappios OR user_mau.1604.topface OR user_mau.1604.standalonetf)",492
"2015-09-01 00:00:00","first_app:topface AND platform:fb","_exists_:(user_mau.1605.topfacemobappandroid OR user_mau.1605.topfacemobappios OR user_mau.1605.topface OR user_mau.1605.standalonetf)",351
"2015-09-01 00:00:00","first_app:topface AND platform:fb","_exists_:(user_mau.1606.topfacemobappandroid OR user_mau.1606.topfacemobappios OR user_mau.1606.topface OR user_mau.1606.standalonetf)",270
"2015-09-01 00:00:00","first_app:topface AND platform:fb","_exists_:(user_mau.1607.topfacemobappandroid OR user_mau.1607.topfacemobappios OR user_mau.1607.topface OR user_mau.1607.standalonetf)",258
"2015-09-01 00:00:00","first_app:topface AND platform:fb","_exists_:(user_mau.1608.topfacemobappandroid OR user_mau.1608.topfacemobappios OR user_mau.1608.topface OR user_mau.1608.standalonetf)",241
"2015-09-01 00:00:00","first_app:topface AND platform:fb","_exists_:(user_mau.1609.topfacemobappandroid OR user_mau.1609.topfacemobappios OR user_mau.1609.topface OR user_mau.1609.standalonetf)",207
"2015-09-01 00:00:00","first_app:topface AND platform:fb","_exists_:(user_mau.1610.topfacemobappandroid OR user_mau.1610.topfacemobappios OR user_mau.1610.topface OR user_mau.1610.standalonetf)",201
"2015-09-01 00:00:00","first_app:topface AND platform:fb","_exists_:(user_mau.1611.topfacemobappandroid OR user_mau.1611.topfacemobappios OR user_mau.1611.topface OR user_mau.1611.standalonetf)",156
"2015-09-01 00:00:00","first_app:topface AND platform:fb","_exists_:(user_mau.1612.topfacemobappandroid OR user_mau.1612.topfacemobappios OR user_mau.1612.topface OR user_mau.1612.standalonetf)",127
"2015-09-01 00:00:00","first_app:topface AND platform:fb","_exists_:(user_mau.1701.topfacemobappandroid OR user_mau.1701.topfacemobappios OR user_mau.1701.topface OR user_mau.1701.standalonetf)",112
"2015-09-01 00:00:00","first_app:topface AND platform:fb","_exists_:(user_mau.1702.topfacemobappandroid OR user_mau.1702.topfacemobappios OR user_mau.1702.topface OR user_mau.1702.standalonetf)",204
"2015-09-01 00:00:00","first_app:topface AND platform:fb","_exists_:(user_mau.1703.topfacemobappandroid OR user_mau.1703.topfacemobappios OR user_mau.1703.topface OR user_mau.1703.standalonetf)",117
"2015-09-01 00:00:00","first_app:topface AND platform:fb","_exists_:(user_mau.1704.topfacemobappandroid OR user_mau.1704.topfacemobappios OR user_mau.1704.topface OR user_mau.1704.standalonetf)",200
"2015-09-01 00:00:00","first_app:topface AND platform:fb","_exists_:(user_mau.1705.topfacemobappandroid OR user_mau.1705.topfacemobappios OR user_mau.1705.topface OR user_mau.1705.standalonetf)",165
"2015-09-01 00:00:00","first_app:topface AND platform:fb","_exists_:(user_mau.1706.topfacemobappandroid OR user_mau.1706.topfacemobappios OR user_mau.1706.topface OR user_mau.1706.standalonetf)",152
"2015-09-01 00:00:00","first_app:topface AND platform:fb","_exists_:(user_mau.1707.topfacemobappandroid OR user_mau.1707.topfacemobappios OR user_mau.1707.topface OR user_mau.1707.standalonetf)",116
"2015-09-01 00:00:00","first_app:topface AND platform:fb","_exists_:(user_mau.1708.topfacemobappandroid OR user_mau.1708.topfacemobappios OR user_mau.1708.topface OR user_mau.1708.standalonetf)",156
"2015-09-01 00:00:00","first_app:topface AND platform:fb","_exists_:(user_mau.1709.topfacemobappandroid OR user_mau.1709.topfacemobappios OR user_mau.1709.topface OR user_mau.1709.standalonetf)",141
"2015-09-01 00:00:00","first_app:topface AND platform:fb","_exists_:(user_mau.1710.topfacemobappandroid OR user_mau.1710.topfacemobappios OR user_mau.1710.topface OR user_mau.1710.standalonetf)",156
"2015-09-01 00:00:00","first_app:topface AND platform:fb","_exists_:(user_mau.1711.topfacemobappandroid OR user_mau.1711.topfacemobappios OR user_mau.1711.topface OR user_mau.1711.standalonetf)",115
"2015-09-01 00:00:00","first_app:topface AND platform:fb","_exists_:(user_mau.1712.topfacemobappandroid OR user_mau.1712.topfacemobappios OR user_mau.1712.topface OR user_mau.1712.standalonetf)",99
"2015-09-01 00:00:00","first_app:topface AND platform:fb","_exists_:(user_mau.1801.topfacemobappandroid OR user_mau.1801.topfacemobappios OR user_mau.1801.topface OR user_mau.1801.standalonetf)",73
"2015-09-01 00:00:00","first_app:topface AND platform:fb","_exists_:(user_mau.1802.topfacemobappandroid OR user_mau.1802.topfacemobappios OR user_mau.1802.topface OR user_mau.1802.standalonetf)",74
"2015-10-01 00:00:00","first_app:topfacemobappandroid","*","48,961"
"2015-10-01 00:00:00","first_app:topfacemobappandroid","_exists_:(user_mau.1501.topfacemobappandroid OR user_mau.1501.topfacemobappios OR user_mau.1501.topface OR user_mau.1501.standalonetf)",0
"2015-10-01 00:00:00","first_app:topfacemobappandroid","_exists_:(user_mau.1502.topfacemobappandroid OR user_mau.1502.topfacemobappios OR user_mau.1502.topface OR user_mau.1502.standalonetf)",0
"2015-10-01 00:00:00","first_app:topfacemobappandroid","_exists_:(user_mau.1503.topfacemobappandroid OR user_mau.1503.topfacemobappios OR user_mau.1503.topface OR user_mau.1503.standalonetf)",0
"2015-10-01 00:00:00","first_app:topfacemobappandroid","_exists_:(user_mau.1504.topfacemobappandroid OR user_mau.1504.topfacemobappios OR user_mau.1504.topface OR user_mau.1504.standalonetf)",0
"2015-10-01 00:00:00","first_app:topfacemobappandroid","_exists_:(user_mau.1505.topfacemobappandroid OR user_mau.1505.topfacemobappios OR user_mau.1505.topface OR user_mau.1505.standalonetf)",0
"2015-10-01 00:00:00","first_app:topfacemobappandroid","_exists_:(user_mau.1506.topfacemobappandroid OR user_mau.1506.topfacemobappios OR user_mau.1506.topface OR user_mau.1506.standalonetf)",0
"2015-10-01 00:00:00","first_app:topfacemobappandroid","_exists_:(user_mau.1507.topfacemobappandroid OR user_mau.1507.topfacemobappios OR user_mau.1507.topface OR user_mau.1507.standalonetf)",0
"2015-10-01 00:00:00","first_app:topfacemobappandroid","_exists_:(user_mau.1508.topfacemobappandroid OR user_mau.1508.topfacemobappios OR user_mau.1508.topface OR user_mau.1508.standalonetf)",0
"2015-10-01 00:00:00","first_app:topfacemobappandroid","_exists_:(user_mau.1509.topfacemobappandroid OR user_mau.1509.topfacemobappios OR user_mau.1509.topface OR user_mau.1509.standalonetf)",222
"2015-10-01 00:00:00","first_app:topfacemobappandroid","_exists_:(user_mau.1510.topfacemobappandroid OR user_mau.1510.topfacemobappios OR user_mau.1510.topface OR user_mau.1510.standalonetf)","40,917"
"2015-10-01 00:00:00","first_app:topfacemobappandroid","_exists_:(user_mau.1511.topfacemobappandroid OR user_mau.1511.topfacemobappios OR user_mau.1511.topface OR user_mau.1511.standalonetf)","9,054"
"2015-10-01 00:00:00","first_app:topfacemobappandroid","_exists_:(user_mau.1512.topfacemobappandroid OR user_mau.1512.topfacemobappios OR user_mau.1512.topface OR user_mau.1512.standalonetf)","4,379"
"2015-10-01 00:00:00","first_app:topfacemobappandroid","_exists_:(user_mau.1601.topfacemobappandroid OR user_mau.1601.topfacemobappios OR user_mau.1601.topface OR user_mau.1601.standalonetf)","5,141"
"2015-10-01 00:00:00","first_app:topfacemobappandroid","_exists_:(user_mau.1602.topfacemobappandroid OR user_mau.1602.topfacemobappios OR user_mau.1602.topface OR user_mau.1602.standalonetf)","3,815"
"2015-10-01 00:00:00","first_app:topfacemobappandroid","_exists_:(user_mau.1603.topfacemobappandroid OR user_mau.1603.topfacemobappios OR user_mau.1603.topface OR user_mau.1603.standalonetf)","2,724"
"2015-10-01 00:00:00","first_app:topfacemobappandroid","_exists_:(user_mau.1604.topfacemobappandroid OR user_mau.1604.topfacemobappios OR user_mau.1604.topface OR user_mau.1604.standalonetf)","1,980"
"2015-10-01 00:00:00","first_app:topfacemobappandroid","_exists_:(user_mau.1605.topfacemobappandroid OR user_mau.1605.topfacemobappios OR user_mau.1605.topface OR user_mau.1605.standalonetf)","1,677"
"2015-10-01 00:00:00","first_app:topfacemobappandroid","_exists_:(user_mau.1606.topfacemobappandroid OR user_mau.1606.topfacemobappios OR user_mau.1606.topface OR user_mau.1606.standalonetf)","1,538"
"2015-10-01 00:00:00","first_app:topfacemobappandroid","_exists_:(user_mau.1607.topfacemobappandroid OR user_mau.1607.topfacemobappios OR user_mau.1607.topface OR user_mau.1607.standalonetf)","1,508"
"2015-10-01 00:00:00","first_app:topfacemobappandroid","_exists_:(user_mau.1608.topfacemobappandroid OR user_mau.1608.topfacemobappios OR user_mau.1608.topface OR user_mau.1608.standalonetf)","1,257"
"2015-10-01 00:00:00","first_app:topfacemobappandroid","_exists_:(user_mau.1609.topfacemobappandroid OR user_mau.1609.topfacemobappios OR user_mau.1609.topface OR user_mau.1609.standalonetf)","1,076"
"2015-10-01 00:00:00","first_app:topfacemobappandroid","_exists_:(user_mau.1610.topfacemobappandroid OR user_mau.1610.topfacemobappios OR user_mau.1610.topface OR user_mau.1610.standalonetf)","1,015"
"2015-10-01 00:00:00","first_app:topfacemobappandroid","_exists_:(user_mau.1611.topfacemobappandroid OR user_mau.1611.topfacemobappios OR user_mau.1611.topface OR user_mau.1611.standalonetf)",855
"2015-10-01 00:00:00","first_app:topfacemobappandroid","_exists_:(user_mau.1612.topfacemobappandroid OR user_mau.1612.topfacemobappios OR user_mau.1612.topface OR user_mau.1612.standalonetf)",854
"2015-10-01 00:00:00","first_app:topfacemobappandroid","_exists_:(user_mau.1701.topfacemobappandroid OR user_mau.1701.topfacemobappios OR user_mau.1701.topface OR user_mau.1701.standalonetf)",759
"2015-10-01 00:00:00","first_app:topfacemobappandroid","_exists_:(user_mau.1702.topfacemobappandroid OR user_mau.1702.topfacemobappios OR user_mau.1702.topface OR user_mau.1702.standalonetf)",775
"2015-10-01 00:00:00","first_app:topfacemobappandroid","_exists_:(user_mau.1703.topfacemobappandroid OR user_mau.1703.topfacemobappios OR user_mau.1703.topface OR user_mau.1703.standalonetf)",675
"2015-10-01 00:00:00","first_app:topfacemobappandroid","_exists_:(user_mau.1704.topfacemobappandroid OR user_mau.1704.topfacemobappios OR user_mau.1704.topface OR user_mau.1704.standalonetf)","1,272"
"2015-10-01 00:00:00","first_app:topfacemobappandroid","_exists_:(user_mau.1705.topfacemobappandroid OR user_mau.1705.topfacemobappios OR user_mau.1705.topface OR user_mau.1705.standalonetf)",945
"2015-10-01 00:00:00","first_app:topfacemobappandroid","_exists_:(user_mau.1706.topfacemobappandroid OR user_mau.1706.topfacemobappios OR user_mau.1706.topface OR user_mau.1706.standalonetf)",717
"2015-10-01 00:00:00","first_app:topfacemobappandroid","_exists_:(user_mau.1707.topfacemobappandroid OR user_mau.1707.topfacemobappios OR user_mau.1707.topface OR user_mau.1707.standalonetf)",721
"2015-10-01 00:00:00","first_app:topfacemobappandroid","_exists_:(user_mau.1708.topfacemobappandroid OR user_mau.1708.topfacemobappios OR user_mau.1708.topface OR user_mau.1708.standalonetf)",983
"2015-10-01 00:00:00","first_app:topfacemobappandroid","_exists_:(user_mau.1709.topfacemobappandroid OR user_mau.1709.topfacemobappios OR user_mau.1709.topface OR user_mau.1709.standalonetf)",876
"2015-10-01 00:00:00","first_app:topfacemobappandroid","_exists_:(user_mau.1710.topfacemobappandroid OR user_mau.1710.topfacemobappios OR user_mau.1710.topface OR user_mau.1710.standalonetf)",957
"2015-10-01 00:00:00","first_app:topfacemobappandroid","_exists_:(user_mau.1711.topfacemobappandroid OR user_mau.1711.topfacemobappios OR user_mau.1711.topface OR user_mau.1711.standalonetf)",784
"2015-10-01 00:00:00","first_app:topfacemobappandroid","_exists_:(user_mau.1712.topfacemobappandroid OR user_mau.1712.topfacemobappios OR user_mau.1712.topface OR user_mau.1712.standalonetf)",674
"2015-10-01 00:00:00","first_app:topfacemobappandroid","_exists_:(user_mau.1801.topfacemobappandroid OR user_mau.1801.topfacemobappios OR user_mau.1801.topface OR user_mau.1801.standalonetf)",484
"2015-10-01 00:00:00","first_app:topfacemobappandroid","_exists_:(user_mau.1802.topfacemobappandroid OR user_mau.1802.topfacemobappios OR user_mau.1802.topface OR user_mau.1802.standalonetf)",405
"2015-10-01 00:00:00","first_app:topfacemobappios","*","18,541"
"2015-10-01 00:00:00","first_app:topfacemobappios","_exists_:(user_mau.1501.topfacemobappandroid OR user_mau.1501.topfacemobappios OR user_mau.1501.topface OR user_mau.1501.standalonetf)",0
"2015-10-01 00:00:00","first_app:topfacemobappios","_exists_:(user_mau.1502.topfacemobappandroid OR user_mau.1502.topfacemobappios OR user_mau.1502.topface OR user_mau.1502.standalonetf)",0
"2015-10-01 00:00:00","first_app:topfacemobappios","_exists_:(user_mau.1503.topfacemobappandroid OR user_mau.1503.topfacemobappios OR user_mau.1503.topface OR user_mau.1503.standalonetf)",0
"2015-10-01 00:00:00","first_app:topfacemobappios","_exists_:(user_mau.1504.topfacemobappandroid OR user_mau.1504.topfacemobappios OR user_mau.1504.topface OR user_mau.1504.standalonetf)",0
"2015-10-01 00:00:00","first_app:topfacemobappios","_exists_:(user_mau.1505.topfacemobappandroid OR user_mau.1505.topfacemobappios OR user_mau.1505.topface OR user_mau.1505.standalonetf)",0
"2015-10-01 00:00:00","first_app:topfacemobappios","_exists_:(user_mau.1506.topfacemobappandroid OR user_mau.1506.topfacemobappios OR user_mau.1506.topface OR user_mau.1506.standalonetf)",0
"2015-10-01 00:00:00","first_app:topfacemobappios","_exists_:(user_mau.1507.topfacemobappandroid OR user_mau.1507.topfacemobappios OR user_mau.1507.topface OR user_mau.1507.standalonetf)",0
"2015-10-01 00:00:00","first_app:topfacemobappios","_exists_:(user_mau.1508.topfacemobappandroid OR user_mau.1508.topfacemobappios OR user_mau.1508.topface OR user_mau.1508.standalonetf)",0
"2015-10-01 00:00:00","first_app:topfacemobappios","_exists_:(user_mau.1509.topfacemobappandroid OR user_mau.1509.topfacemobappios OR user_mau.1509.topface OR user_mau.1509.standalonetf)",70
"2015-10-01 00:00:00","first_app:topfacemobappios","_exists_:(user_mau.1510.topfacemobappandroid OR user_mau.1510.topfacemobappios OR user_mau.1510.topface OR user_mau.1510.standalonetf)","15,513"
"2015-10-01 00:00:00","first_app:topfacemobappios","_exists_:(user_mau.1511.topfacemobappandroid OR user_mau.1511.topfacemobappios OR user_mau.1511.topface OR user_mau.1511.standalonetf)","4,356"
"2015-10-01 00:00:00","first_app:topfacemobappios","_exists_:(user_mau.1512.topfacemobappandroid OR user_mau.1512.topfacemobappios OR user_mau.1512.topface OR user_mau.1512.standalonetf)","1,446"
"2015-10-01 00:00:00","first_app:topfacemobappios","_exists_:(user_mau.1601.topfacemobappandroid OR user_mau.1601.topfacemobappios OR user_mau.1601.topface OR user_mau.1601.standalonetf)","1,970"
"2015-10-01 00:00:00","first_app:topfacemobappios","_exists_:(user_mau.1602.topfacemobappandroid OR user_mau.1602.topfacemobappios OR user_mau.1602.topface OR user_mau.1602.standalonetf)","1,361"
"2015-10-01 00:00:00","first_app:topfacemobappios","_exists_:(user_mau.1603.topfacemobappandroid OR user_mau.1603.topfacemobappios OR user_mau.1603.topface OR user_mau.1603.standalonetf)","1,093"
"2015-10-01 00:00:00","first_app:topfacemobappios","_exists_:(user_mau.1604.topfacemobappandroid OR user_mau.1604.topfacemobappios OR user_mau.1604.topface OR user_mau.1604.standalonetf)",840
"2015-10-01 00:00:00","first_app:topfacemobappios","_exists_:(user_mau.1605.topfacemobappandroid OR user_mau.1605.topfacemobappios OR user_mau.1605.topface OR user_mau.1605.standalonetf)",671
"2015-10-01 00:00:00","first_app:topfacemobappios","_exists_:(user_mau.1606.topfacemobappandroid OR user_mau.1606.topfacemobappios OR user_mau.1606.topface OR user_mau.1606.standalonetf)",555
"2015-10-01 00:00:00","first_app:topfacemobappios","_exists_:(user_mau.1607.topfacemobappandroid OR user_mau.1607.topfacemobappios OR user_mau.1607.topface OR user_mau.1607.standalonetf)",565
"2015-10-01 00:00:00","first_app:topfacemobappios","_exists_:(user_mau.1608.topfacemobappandroid OR user_mau.1608.topfacemobappios OR user_mau.1608.topface OR user_mau.1608.standalonetf)",436
"2015-10-01 00:00:00","first_app:topfacemobappios","_exists_:(user_mau.1609.topfacemobappandroid OR user_mau.1609.topfacemobappios OR user_mau.1609.topface OR user_mau.1609.standalonetf)",374
"2015-10-01 00:00:00","first_app:topfacemobappios","_exists_:(user_mau.1610.topfacemobappandroid OR user_mau.1610.topfacemobappios OR user_mau.1610.topface OR user_mau.1610.standalonetf)",336
"2015-10-01 00:00:00","first_app:topfacemobappios","_exists_:(user_mau.1611.topfacemobappandroid OR user_mau.1611.topfacemobappios OR user_mau.1611.topface OR user_mau.1611.standalonetf)",351
"2015-10-01 00:00:00","first_app:topfacemobappios","_exists_:(user_mau.1612.topfacemobappandroid OR user_mau.1612.topfacemobappios OR user_mau.1612.topface OR user_mau.1612.standalonetf)",359
"2015-10-01 00:00:00","first_app:topfacemobappios","_exists_:(user_mau.1701.topfacemobappandroid OR user_mau.1701.topfacemobappios OR user_mau.1701.topface OR user_mau.1701.standalonetf)",329
"2015-10-01 00:00:00","first_app:topfacemobappios","_exists_:(user_mau.1702.topfacemobappandroid OR user_mau.1702.topfacemobappios OR user_mau.1702.topface OR user_mau.1702.standalonetf)",309
"2015-10-01 00:00:00","first_app:topfacemobappios","_exists_:(user_mau.1703.topfacemobappandroid OR user_mau.1703.topfacemobappios OR user_mau.1703.topface OR user_mau.1703.standalonetf)",291
"2015-10-01 00:00:00","first_app:topfacemobappios","_exists_:(user_mau.1704.topfacemobappandroid OR user_mau.1704.topfacemobappios OR user_mau.1704.topface OR user_mau.1704.standalonetf)",274
"2015-10-01 00:00:00","first_app:topfacemobappios","_exists_:(user_mau.1705.topfacemobappandroid OR user_mau.1705.topfacemobappios OR user_mau.1705.topface OR user_mau.1705.standalonetf)",259
"2015-10-01 00:00:00","first_app:topfacemobappios","_exists_:(user_mau.1706.topfacemobappandroid OR user_mau.1706.topfacemobappios OR user_mau.1706.topface OR user_mau.1706.standalonetf)",239
"2015-10-01 00:00:00","first_app:topfacemobappios","_exists_:(user_mau.1707.topfacemobappandroid OR user_mau.1707.topfacemobappios OR user_mau.1707.topface OR user_mau.1707.standalonetf)",227
"2015-10-01 00:00:00","first_app:topfacemobappios","_exists_:(user_mau.1708.topfacemobappandroid OR user_mau.1708.topfacemobappios OR user_mau.1708.topface OR user_mau.1708.standalonetf)",274
"2015-10-01 00:00:00","first_app:topfacemobappios","_exists_:(user_mau.1709.topfacemobappandroid OR user_mau.1709.topfacemobappios OR user_mau.1709.topface OR user_mau.1709.standalonetf)",271
"2015-10-01 00:00:00","first_app:topfacemobappios","_exists_:(user_mau.1710.topfacemobappandroid OR user_mau.1710.topfacemobappios OR user_mau.1710.topface OR user_mau.1710.standalonetf)",267
"2015-10-01 00:00:00","first_app:topfacemobappios","_exists_:(user_mau.1711.topfacemobappandroid OR user_mau.1711.topfacemobappios OR user_mau.1711.topface OR user_mau.1711.standalonetf)",213
"2015-10-01 00:00:00","first_app:topfacemobappios","_exists_:(user_mau.1712.topfacemobappandroid OR user_mau.1712.topfacemobappios OR user_mau.1712.topface OR user_mau.1712.standalonetf)",283
"2015-10-01 00:00:00","first_app:topfacemobappios","_exists_:(user_mau.1801.topfacemobappandroid OR user_mau.1801.topfacemobappios OR user_mau.1801.topface OR user_mau.1801.standalonetf)",241
"2015-10-01 00:00:00","first_app:topfacemobappios","_exists_:(user_mau.1802.topfacemobappandroid OR user_mau.1802.topfacemobappios OR user_mau.1802.topface OR user_mau.1802.standalonetf)",216
"2015-10-01 00:00:00","first_app:standalonetf","*","27,496"
"2015-10-01 00:00:00","first_app:standalonetf","_exists_:(user_mau.1501.topfacemobappandroid OR user_mau.1501.topfacemobappios OR user_mau.1501.topface OR user_mau.1501.standalonetf)",0
"2015-10-01 00:00:00","first_app:standalonetf","_exists_:(user_mau.1502.topfacemobappandroid OR user_mau.1502.topfacemobappios OR user_mau.1502.topface OR user_mau.1502.standalonetf)",0
"2015-10-01 00:00:00","first_app:standalonetf","_exists_:(user_mau.1503.topfacemobappandroid OR user_mau.1503.topfacemobappios OR user_mau.1503.topface OR user_mau.1503.standalonetf)",0
"2015-10-01 00:00:00","first_app:standalonetf","_exists_:(user_mau.1504.topfacemobappandroid OR user_mau.1504.topfacemobappios OR user_mau.1504.topface OR user_mau.1504.standalonetf)",0
"2015-10-01 00:00:00","first_app:standalonetf","_exists_:(user_mau.1505.topfacemobappandroid OR user_mau.1505.topfacemobappios OR user_mau.1505.topface OR user_mau.1505.standalonetf)",0
"2015-10-01 00:00:00","first_app:standalonetf","_exists_:(user_mau.1506.topfacemobappandroid OR user_mau.1506.topfacemobappios OR user_mau.1506.topface OR user_mau.1506.standalonetf)",0
"2015-10-01 00:00:00","first_app:standalonetf","_exists_:(user_mau.1507.topfacemobappandroid OR user_mau.1507.topfacemobappios OR user_mau.1507.topface OR user_mau.1507.standalonetf)",0
"2015-10-01 00:00:00","first_app:standalonetf","_exists_:(user_mau.1508.topfacemobappandroid OR user_mau.1508.topfacemobappios OR user_mau.1508.topface OR user_mau.1508.standalonetf)",0
"2015-10-01 00:00:00","first_app:standalonetf","_exists_:(user_mau.1509.topfacemobappandroid OR user_mau.1509.topfacemobappios OR user_mau.1509.topface OR user_mau.1509.standalonetf)",67
"2015-10-01 00:00:00","first_app:standalonetf","_exists_:(user_mau.1510.topfacemobappandroid OR user_mau.1510.topfacemobappios OR user_mau.1510.topface OR user_mau.1510.standalonetf)","16,238"
"2015-10-01 00:00:00","first_app:standalonetf","_exists_:(user_mau.1511.topfacemobappandroid OR user_mau.1511.topfacemobappios OR user_mau.1511.topface OR user_mau.1511.standalonetf)","3,878"
"2015-10-01 00:00:00","first_app:standalonetf","_exists_:(user_mau.1512.topfacemobappandroid OR user_mau.1512.topfacemobappios OR user_mau.1512.topface OR user_mau.1512.standalonetf)","1,324"
"2015-10-01 00:00:00","first_app:standalonetf","_exists_:(user_mau.1601.topfacemobappandroid OR user_mau.1601.topfacemobappios OR user_mau.1601.topface OR user_mau.1601.standalonetf)","3,354"
"2015-10-01 00:00:00","first_app:standalonetf","_exists_:(user_mau.1602.topfacemobappandroid OR user_mau.1602.topfacemobappios OR user_mau.1602.topface OR user_mau.1602.standalonetf)","2,759"
"2015-10-01 00:00:00","first_app:standalonetf","_exists_:(user_mau.1603.topfacemobappandroid OR user_mau.1603.topfacemobappios OR user_mau.1603.topface OR user_mau.1603.standalonetf)","2,288"
"2015-10-01 00:00:00","first_app:standalonetf","_exists_:(user_mau.1604.topfacemobappandroid OR user_mau.1604.topfacemobappios OR user_mau.1604.topface OR user_mau.1604.standalonetf)","1,944"
"2015-10-01 00:00:00","first_app:standalonetf","_exists_:(user_mau.1605.topfacemobappandroid OR user_mau.1605.topfacemobappios OR user_mau.1605.topface OR user_mau.1605.standalonetf)","1,655"
"2015-10-01 00:00:00","first_app:standalonetf","_exists_:(user_mau.1606.topfacemobappandroid OR user_mau.1606.topfacemobappios OR user_mau.1606.topface OR user_mau.1606.standalonetf)","1,536"
"2015-10-01 00:00:00","first_app:standalonetf","_exists_:(user_mau.1607.topfacemobappandroid OR user_mau.1607.topfacemobappios OR user_mau.1607.topface OR user_mau.1607.standalonetf)","1,466"
"2015-10-01 00:00:00","first_app:standalonetf","_exists_:(user_mau.1608.topfacemobappandroid OR user_mau.1608.topfacemobappios OR user_mau.1608.topface OR user_mau.1608.standalonetf)","1,320"
"2015-10-01 00:00:00","first_app:standalonetf","_exists_:(user_mau.1609.topfacemobappandroid OR user_mau.1609.topfacemobappios OR user_mau.1609.topface OR user_mau.1609.standalonetf)","1,191"
"2015-10-01 00:00:00","first_app:standalonetf","_exists_:(user_mau.1610.topfacemobappandroid OR user_mau.1610.topfacemobappios OR user_mau.1610.topface OR user_mau.1610.standalonetf)","1,117"
"2015-10-01 00:00:00","first_app:standalonetf","_exists_:(user_mau.1611.topfacemobappandroid OR user_mau.1611.topfacemobappios OR user_mau.1611.topface OR user_mau.1611.standalonetf)","1,001"
"2015-10-01 00:00:00","first_app:standalonetf","_exists_:(user_mau.1612.topfacemobappandroid OR user_mau.1612.topfacemobappios OR user_mau.1612.topface OR user_mau.1612.standalonetf)",907
"2015-10-01 00:00:00","first_app:standalonetf","_exists_:(user_mau.1701.topfacemobappandroid OR user_mau.1701.topfacemobappios OR user_mau.1701.topface OR user_mau.1701.standalonetf)",866
"2015-10-01 00:00:00","first_app:standalonetf","_exists_:(user_mau.1702.topfacemobappandroid OR user_mau.1702.topfacemobappios OR user_mau.1702.topface OR user_mau.1702.standalonetf)",784
"2015-10-01 00:00:00","first_app:standalonetf","_exists_:(user_mau.1703.topfacemobappandroid OR user_mau.1703.topfacemobappios OR user_mau.1703.topface OR user_mau.1703.standalonetf)",746
"2015-10-01 00:00:00","first_app:standalonetf","_exists_:(user_mau.1704.topfacemobappandroid OR user_mau.1704.topfacemobappios OR user_mau.1704.topface OR user_mau.1704.standalonetf)",671
"2015-10-01 00:00:00","first_app:standalonetf","_exists_:(user_mau.1705.topfacemobappandroid OR user_mau.1705.topfacemobappios OR user_mau.1705.topface OR user_mau.1705.standalonetf)",608
"2015-10-01 00:00:00","first_app:standalonetf","_exists_:(user_mau.1706.topfacemobappandroid OR user_mau.1706.topfacemobappios OR user_mau.1706.topface OR user_mau.1706.standalonetf)",522
"2015-10-01 00:00:00","first_app:standalonetf","_exists_:(user_mau.1707.topfacemobappandroid OR user_mau.1707.topfacemobappios OR user_mau.1707.topface OR user_mau.1707.standalonetf)",498
"2015-10-01 00:00:00","first_app:standalonetf","_exists_:(user_mau.1708.topfacemobappandroid OR user_mau.1708.topfacemobappios OR user_mau.1708.topface OR user_mau.1708.standalonetf)",448
"2015-10-01 00:00:00","first_app:standalonetf","_exists_:(user_mau.1709.topfacemobappandroid OR user_mau.1709.topfacemobappios OR user_mau.1709.topface OR user_mau.1709.standalonetf)",476
"2015-10-01 00:00:00","first_app:standalonetf","_exists_:(user_mau.1710.topfacemobappandroid OR user_mau.1710.topfacemobappios OR user_mau.1710.topface OR user_mau.1710.standalonetf)",468
"2015-10-01 00:00:00","first_app:standalonetf","_exists_:(user_mau.1711.topfacemobappandroid OR user_mau.1711.topfacemobappios OR user_mau.1711.topface OR user_mau.1711.standalonetf)",442
"2015-10-01 00:00:00","first_app:standalonetf","_exists_:(user_mau.1712.topfacemobappandroid OR user_mau.1712.topfacemobappios OR user_mau.1712.topface OR user_mau.1712.standalonetf)",410
"2015-10-01 00:00:00","first_app:standalonetf","_exists_:(user_mau.1801.topfacemobappandroid OR user_mau.1801.topfacemobappios OR user_mau.1801.topface OR user_mau.1801.standalonetf)",405
"2015-10-01 00:00:00","first_app:standalonetf","_exists_:(user_mau.1802.topfacemobappandroid OR user_mau.1802.topfacemobappios OR user_mau.1802.topface OR user_mau.1802.standalonetf)",364
"2015-10-01 00:00:00","first_app:topface AND platform:vk","*","14,256"
"2015-10-01 00:00:00","first_app:topface AND platform:vk","_exists_:(user_mau.1501.topfacemobappandroid OR user_mau.1501.topfacemobappios OR user_mau.1501.topface OR user_mau.1501.standalonetf)",0
"2015-10-01 00:00:00","first_app:topface AND platform:vk","_exists_:(user_mau.1502.topfacemobappandroid OR user_mau.1502.topfacemobappios OR user_mau.1502.topface OR user_mau.1502.standalonetf)",0
"2015-10-01 00:00:00","first_app:topface AND platform:vk","_exists_:(user_mau.1503.topfacemobappandroid OR user_mau.1503.topfacemobappios OR user_mau.1503.topface OR user_mau.1503.standalonetf)",0
"2015-10-01 00:00:00","first_app:topface AND platform:vk","_exists_:(user_mau.1504.topfacemobappandroid OR user_mau.1504.topfacemobappios OR user_mau.1504.topface OR user_mau.1504.standalonetf)",0
"2015-10-01 00:00:00","first_app:topface AND platform:vk","_exists_:(user_mau.1505.topfacemobappandroid OR user_mau.1505.topfacemobappios OR user_mau.1505.topface OR user_mau.1505.standalonetf)",0
"2015-10-01 00:00:00","first_app:topface AND platform:vk","_exists_:(user_mau.1506.topfacemobappandroid OR user_mau.1506.topfacemobappios OR user_mau.1506.topface OR user_mau.1506.standalonetf)",0
"2015-10-01 00:00:00","first_app:topface AND platform:vk","_exists_:(user_mau.1507.topfacemobappandroid OR user_mau.1507.topfacemobappios OR user_mau.1507.topface OR user_mau.1507.standalonetf)",0
"2015-10-01 00:00:00","first_app:topface AND platform:vk","_exists_:(user_mau.1508.topfacemobappandroid OR user_mau.1508.topfacemobappios OR user_mau.1508.topface OR user_mau.1508.standalonetf)",0
"2015-10-01 00:00:00","first_app:topface AND platform:vk","_exists_:(user_mau.1509.topfacemobappandroid OR user_mau.1509.topfacemobappios OR user_mau.1509.topface OR user_mau.1509.standalonetf)",22
"2015-10-01 00:00:00","first_app:topface AND platform:vk","_exists_:(user_mau.1510.topfacemobappandroid OR user_mau.1510.topfacemobappios OR user_mau.1510.topface OR user_mau.1510.standalonetf)","9,707"
"2015-10-01 00:00:00","first_app:topface AND platform:vk","_exists_:(user_mau.1511.topfacemobappandroid OR user_mau.1511.topfacemobappios OR user_mau.1511.topface OR user_mau.1511.standalonetf)","2,508"
"2015-10-01 00:00:00","first_app:topface AND platform:vk","_exists_:(user_mau.1512.topfacemobappandroid OR user_mau.1512.topfacemobappios OR user_mau.1512.topface OR user_mau.1512.standalonetf)","1,022"
"2015-10-01 00:00:00","first_app:topface AND platform:vk","_exists_:(user_mau.1601.topfacemobappandroid OR user_mau.1601.topfacemobappios OR user_mau.1601.topface OR user_mau.1601.standalonetf)","2,727"
"2015-10-01 00:00:00","first_app:topface AND platform:vk","_exists_:(user_mau.1602.topfacemobappandroid OR user_mau.1602.topfacemobappios OR user_mau.1602.topface OR user_mau.1602.standalonetf)","2,343"
"2015-10-01 00:00:00","first_app:topface AND platform:vk","_exists_:(user_mau.1603.topfacemobappandroid OR user_mau.1603.topfacemobappios OR user_mau.1603.topface OR user_mau.1603.standalonetf)","2,208"
"2015-10-01 00:00:00","first_app:topface AND platform:vk","_exists_:(user_mau.1604.topfacemobappandroid OR user_mau.1604.topfacemobappios OR user_mau.1604.topface OR user_mau.1604.standalonetf)","1,727"
"2015-10-01 00:00:00","first_app:topface AND platform:vk","_exists_:(user_mau.1605.topfacemobappandroid OR user_mau.1605.topfacemobappios OR user_mau.1605.topface OR user_mau.1605.standalonetf)","1,424"
"2015-10-01 00:00:00","first_app:topface AND platform:vk","_exists_:(user_mau.1606.topfacemobappandroid OR user_mau.1606.topfacemobappios OR user_mau.1606.topface OR user_mau.1606.standalonetf)","1,308"
"2015-10-01 00:00:00","first_app:topface AND platform:vk","_exists_:(user_mau.1607.topfacemobappandroid OR user_mau.1607.topfacemobappios OR user_mau.1607.topface OR user_mau.1607.standalonetf)","1,145"
"2015-10-01 00:00:00","first_app:topface AND platform:vk","_exists_:(user_mau.1608.topfacemobappandroid OR user_mau.1608.topfacemobappios OR user_mau.1608.topface OR user_mau.1608.standalonetf)","1,057"
"2015-10-01 00:00:00","first_app:topface AND platform:vk","_exists_:(user_mau.1609.topfacemobappandroid OR user_mau.1609.topfacemobappios OR user_mau.1609.topface OR user_mau.1609.standalonetf)","1,055"
"2015-10-01 00:00:00","first_app:topface AND platform:vk","_exists_:(user_mau.1610.topfacemobappandroid OR user_mau.1610.topfacemobappios OR user_mau.1610.topface OR user_mau.1610.standalonetf)",979
"2015-10-01 00:00:00","first_app:topface AND platform:vk","_exists_:(user_mau.1611.topfacemobappandroid OR user_mau.1611.topfacemobappios OR user_mau.1611.topface OR user_mau.1611.standalonetf)",764
"2015-10-01 00:00:00","first_app:topface AND platform:vk","_exists_:(user_mau.1612.topfacemobappandroid OR user_mau.1612.topfacemobappios OR user_mau.1612.topface OR user_mau.1612.standalonetf)",750
"2015-10-01 00:00:00","first_app:topface AND platform:vk","_exists_:(user_mau.1701.topfacemobappandroid OR user_mau.1701.topfacemobappios OR user_mau.1701.topface OR user_mau.1701.standalonetf)",729
"2015-10-01 00:00:00","first_app:topface AND platform:vk","_exists_:(user_mau.1702.topfacemobappandroid OR user_mau.1702.topfacemobappios OR user_mau.1702.topface OR user_mau.1702.standalonetf)",617
"2015-10-01 00:00:00","first_app:topface AND platform:vk","_exists_:(user_mau.1703.topfacemobappandroid OR user_mau.1703.topfacemobappios OR user_mau.1703.topface OR user_mau.1703.standalonetf)",589
"2015-10-01 00:00:00","first_app:topface AND platform:vk","_exists_:(user_mau.1704.topfacemobappandroid OR user_mau.1704.topfacemobappios OR user_mau.1704.topface OR user_mau.1704.standalonetf)",587
"2015-10-01 00:00:00","first_app:topface AND platform:vk","_exists_:(user_mau.1705.topfacemobappandroid OR user_mau.1705.topfacemobappios OR user_mau.1705.topface OR user_mau.1705.standalonetf)",512
"2015-10-01 00:00:00","first_app:topface AND platform:vk","_exists_:(user_mau.1706.topfacemobappandroid OR user_mau.1706.topfacemobappios OR user_mau.1706.topface OR user_mau.1706.standalonetf)",446
"2015-10-01 00:00:00","first_app:topface AND platform:vk","_exists_:(user_mau.1707.topfacemobappandroid OR user_mau.1707.topfacemobappios OR user_mau.1707.topface OR user_mau.1707.standalonetf)",408
"2015-10-01 00:00:00","first_app:topface AND platform:vk","_exists_:(user_mau.1708.topfacemobappandroid OR user_mau.1708.topfacemobappios OR user_mau.1708.topface OR user_mau.1708.standalonetf)",408
"2015-10-01 00:00:00","first_app:topface AND platform:vk","_exists_:(user_mau.1709.topfacemobappandroid OR user_mau.1709.topfacemobappios OR user_mau.1709.topface OR user_mau.1709.standalonetf)",427
"2015-10-01 00:00:00","first_app:topface AND platform:vk","_exists_:(user_mau.1710.topfacemobappandroid OR user_mau.1710.topfacemobappios OR user_mau.1710.topface OR user_mau.1710.standalonetf)",410
"2015-10-01 00:00:00","first_app:topface AND platform:vk","_exists_:(user_mau.1711.topfacemobappandroid OR user_mau.1711.topfacemobappios OR user_mau.1711.topface OR user_mau.1711.standalonetf)",398
"2015-10-01 00:00:00","first_app:topface AND platform:vk","_exists_:(user_mau.1712.topfacemobappandroid OR user_mau.1712.topfacemobappios OR user_mau.1712.topface OR user_mau.1712.standalonetf)",358
"2015-10-01 00:00:00","first_app:topface AND platform:vk","_exists_:(user_mau.1801.topfacemobappandroid OR user_mau.1801.topfacemobappios OR user_mau.1801.topface OR user_mau.1801.standalonetf)",377
"2015-10-01 00:00:00","first_app:topface AND platform:vk","_exists_:(user_mau.1802.topfacemobappandroid OR user_mau.1802.topfacemobappios OR user_mau.1802.topface OR user_mau.1802.standalonetf)",336
"2015-10-01 00:00:00","first_app:topface AND platform:ok","*","35,721"
"2015-10-01 00:00:00","first_app:topface AND platform:ok","_exists_:(user_mau.1501.topfacemobappandroid OR user_mau.1501.topfacemobappios OR user_mau.1501.topface OR user_mau.1501.standalonetf)",0
"2015-10-01 00:00:00","first_app:topface AND platform:ok","_exists_:(user_mau.1502.topfacemobappandroid OR user_mau.1502.topfacemobappios OR user_mau.1502.topface OR user_mau.1502.standalonetf)",0
"2015-10-01 00:00:00","first_app:topface AND platform:ok","_exists_:(user_mau.1503.topfacemobappandroid OR user_mau.1503.topfacemobappios OR user_mau.1503.topface OR user_mau.1503.standalonetf)",0
"2015-10-01 00:00:00","first_app:topface AND platform:ok","_exists_:(user_mau.1504.topfacemobappandroid OR user_mau.1504.topfacemobappios OR user_mau.1504.topface OR user_mau.1504.standalonetf)",0
"2015-10-01 00:00:00","first_app:topface AND platform:ok","_exists_:(user_mau.1505.topfacemobappandroid OR user_mau.1505.topfacemobappios OR user_mau.1505.topface OR user_mau.1505.standalonetf)",0
"2015-10-01 00:00:00","first_app:topface AND platform:ok","_exists_:(user_mau.1506.topfacemobappandroid OR user_mau.1506.topfacemobappios OR user_mau.1506.topface OR user_mau.1506.standalonetf)",0
"2015-10-01 00:00:00","first_app:topface AND platform:ok","_exists_:(user_mau.1507.topfacemobappandroid OR user_mau.1507.topfacemobappios OR user_mau.1507.topface OR user_mau.1507.standalonetf)",0
"2015-10-01 00:00:00","first_app:topface AND platform:ok","_exists_:(user_mau.1508.topfacemobappandroid OR user_mau.1508.topfacemobappios OR user_mau.1508.topface OR user_mau.1508.standalonetf)",0
"2015-10-01 00:00:00","first_app:topface AND platform:ok","_exists_:(user_mau.1509.topfacemobappandroid OR user_mau.1509.topfacemobappios OR user_mau.1509.topface OR user_mau.1509.standalonetf)",25
"2015-10-01 00:00:00","first_app:topface AND platform:ok","_exists_:(user_mau.1510.topfacemobappandroid OR user_mau.1510.topfacemobappios OR user_mau.1510.topface OR user_mau.1510.standalonetf)","31,119"
"2015-10-01 00:00:00","first_app:topface AND platform:ok","_exists_:(user_mau.1511.topfacemobappandroid OR user_mau.1511.topfacemobappios OR user_mau.1511.topface OR user_mau.1511.standalonetf)","2,701"
"2015-10-01 00:00:00","first_app:topface AND platform:ok","_exists_:(user_mau.1512.topfacemobappandroid OR user_mau.1512.topfacemobappios OR user_mau.1512.topface OR user_mau.1512.standalonetf)","1,357"
"2015-10-01 00:00:00","first_app:topface AND platform:ok","_exists_:(user_mau.1601.topfacemobappandroid OR user_mau.1601.topfacemobappios OR user_mau.1601.topface OR user_mau.1601.standalonetf)","1,839"
"2015-10-01 00:00:00","first_app:topface AND platform:ok","_exists_:(user_mau.1602.topfacemobappandroid OR user_mau.1602.topfacemobappios OR user_mau.1602.topface OR user_mau.1602.standalonetf)","1,949"
"2015-10-01 00:00:00","first_app:topface AND platform:ok","_exists_:(user_mau.1603.topfacemobappandroid OR user_mau.1603.topfacemobappios OR user_mau.1603.topface OR user_mau.1603.standalonetf)","1,718"
"2015-10-01 00:00:00","first_app:topface AND platform:ok","_exists_:(user_mau.1604.topfacemobappandroid OR user_mau.1604.topfacemobappios OR user_mau.1604.topface OR user_mau.1604.standalonetf)","1,142"
"2015-10-01 00:00:00","first_app:topface AND platform:ok","_exists_:(user_mau.1605.topfacemobappandroid OR user_mau.1605.topfacemobappios OR user_mau.1605.topface OR user_mau.1605.standalonetf)",790
"2015-10-01 00:00:00","first_app:topface AND platform:ok","_exists_:(user_mau.1606.topfacemobappandroid OR user_mau.1606.topfacemobappios OR user_mau.1606.topface OR user_mau.1606.standalonetf)",654
"2015-10-01 00:00:00","first_app:topface AND platform:ok","_exists_:(user_mau.1607.topfacemobappandroid OR user_mau.1607.topfacemobappios OR user_mau.1607.topface OR user_mau.1607.standalonetf)",604
"2015-10-01 00:00:00","first_app:topface AND platform:ok","_exists_:(user_mau.1608.topfacemobappandroid OR user_mau.1608.topfacemobappios OR user_mau.1608.topface OR user_mau.1608.standalonetf)",532
"2015-10-01 00:00:00","first_app:topface AND platform:ok","_exists_:(user_mau.1609.topfacemobappandroid OR user_mau.1609.topfacemobappios OR user_mau.1609.topface OR user_mau.1609.standalonetf)",569
"2015-10-01 00:00:00","first_app:topface AND platform:ok","_exists_:(user_mau.1610.topfacemobappandroid OR user_mau.1610.topfacemobappios OR user_mau.1610.topface OR user_mau.1610.standalonetf)",487
"2015-10-01 00:00:00","first_app:topface AND platform:ok","_exists_:(user_mau.1611.topfacemobappandroid OR user_mau.1611.topfacemobappios OR user_mau.1611.topface OR user_mau.1611.standalonetf)",439
"2015-10-01 00:00:00","first_app:topface AND platform:ok","_exists_:(user_mau.1612.topfacemobappandroid OR user_mau.1612.topfacemobappios OR user_mau.1612.topface OR user_mau.1612.standalonetf)",453
"2015-10-01 00:00:00","first_app:topface AND platform:ok","_exists_:(user_mau.1701.topfacemobappandroid OR user_mau.1701.topfacemobappios OR user_mau.1701.topface OR user_mau.1701.standalonetf)",439
"2015-10-01 00:00:00","first_app:topface AND platform:ok","_exists_:(user_mau.1702.topfacemobappandroid OR user_mau.1702.topfacemobappios OR user_mau.1702.topface OR user_mau.1702.standalonetf)",385
"2015-10-01 00:00:00","first_app:topface AND platform:ok","_exists_:(user_mau.1703.topfacemobappandroid OR user_mau.1703.topfacemobappios OR user_mau.1703.topface OR user_mau.1703.standalonetf)",364
"2015-10-01 00:00:00","first_app:topface AND platform:ok","_exists_:(user_mau.1704.topfacemobappandroid OR user_mau.1704.topfacemobappios OR user_mau.1704.topface OR user_mau.1704.standalonetf)",341
"2015-10-01 00:00:00","first_app:topface AND platform:ok","_exists_:(user_mau.1705.topfacemobappandroid OR user_mau.1705.topfacemobappios OR user_mau.1705.topface OR user_mau.1705.standalonetf)",319
"2015-10-01 00:00:00","first_app:topface AND platform:ok","_exists_:(user_mau.1706.topfacemobappandroid OR user_mau.1706.topfacemobappios OR user_mau.1706.topface OR user_mau.1706.standalonetf)",306
"2015-10-01 00:00:00","first_app:topface AND platform:ok","_exists_:(user_mau.1707.topfacemobappandroid OR user_mau.1707.topfacemobappios OR user_mau.1707.topface OR user_mau.1707.standalonetf)",287
"2015-10-01 00:00:00","first_app:topface AND platform:ok","_exists_:(user_mau.1708.topfacemobappandroid OR user_mau.1708.topfacemobappios OR user_mau.1708.topface OR user_mau.1708.standalonetf)",272
"2015-10-01 00:00:00","first_app:topface AND platform:ok","_exists_:(user_mau.1709.topfacemobappandroid OR user_mau.1709.topfacemobappios OR user_mau.1709.topface OR user_mau.1709.standalonetf)",268
"2015-10-01 00:00:00","first_app:topface AND platform:ok","_exists_:(user_mau.1710.topfacemobappandroid OR user_mau.1710.topfacemobappios OR user_mau.1710.topface OR user_mau.1710.standalonetf)",266
"2015-10-01 00:00:00","first_app:topface AND platform:ok","_exists_:(user_mau.1711.topfacemobappandroid OR user_mau.1711.topfacemobappios OR user_mau.1711.topface OR user_mau.1711.standalonetf)",259
"2015-10-01 00:00:00","first_app:topface AND platform:ok","_exists_:(user_mau.1712.topfacemobappandroid OR user_mau.1712.topfacemobappios OR user_mau.1712.topface OR user_mau.1712.standalonetf)",224
"2015-10-01 00:00:00","first_app:topface AND platform:ok","_exists_:(user_mau.1801.topfacemobappandroid OR user_mau.1801.topfacemobappios OR user_mau.1801.topface OR user_mau.1801.standalonetf)",224
"2015-10-01 00:00:00","first_app:topface AND platform:ok","_exists_:(user_mau.1802.topfacemobappandroid OR user_mau.1802.topfacemobappios OR user_mau.1802.topface OR user_mau.1802.standalonetf)",206
"2015-10-01 00:00:00","first_app:topface AND platform:fb","*","26,036"
"2015-10-01 00:00:00","first_app:topface AND platform:fb","_exists_:(user_mau.1501.topfacemobappandroid OR user_mau.1501.topfacemobappios OR user_mau.1501.topface OR user_mau.1501.standalonetf)",0
"2015-10-01 00:00:00","first_app:topface AND platform:fb","_exists_:(user_mau.1502.topfacemobappandroid OR user_mau.1502.topfacemobappios OR user_mau.1502.topface OR user_mau.1502.standalonetf)",0
"2015-10-01 00:00:00","first_app:topface AND platform:fb","_exists_:(user_mau.1503.topfacemobappandroid OR user_mau.1503.topfacemobappios OR user_mau.1503.topface OR user_mau.1503.standalonetf)",0
"2015-10-01 00:00:00","first_app:topface AND platform:fb","_exists_:(user_mau.1504.topfacemobappandroid OR user_mau.1504.topfacemobappios OR user_mau.1504.topface OR user_mau.1504.standalonetf)",0
"2015-10-01 00:00:00","first_app:topface AND platform:fb","_exists_:(user_mau.1505.topfacemobappandroid OR user_mau.1505.topfacemobappios OR user_mau.1505.topface OR user_mau.1505.standalonetf)",0
"2015-10-01 00:00:00","first_app:topface AND platform:fb","_exists_:(user_mau.1506.topfacemobappandroid OR user_mau.1506.topfacemobappios OR user_mau.1506.topface OR user_mau.1506.standalonetf)",0
"2015-10-01 00:00:00","first_app:topface AND platform:fb","_exists_:(user_mau.1507.topfacemobappandroid OR user_mau.1507.topfacemobappios OR user_mau.1507.topface OR user_mau.1507.standalonetf)",0
"2015-10-01 00:00:00","first_app:topface AND platform:fb","_exists_:(user_mau.1508.topfacemobappandroid OR user_mau.1508.topfacemobappios OR user_mau.1508.topface OR user_mau.1508.standalonetf)",0
"2015-10-01 00:00:00","first_app:topface AND platform:fb","_exists_:(user_mau.1509.topfacemobappandroid OR user_mau.1509.topfacemobappios OR user_mau.1509.topface OR user_mau.1509.standalonetf)",11
"2015-10-01 00:00:00","first_app:topface AND platform:fb","_exists_:(user_mau.1510.topfacemobappandroid OR user_mau.1510.topfacemobappios OR user_mau.1510.topface OR user_mau.1510.standalonetf)","19,661"
"2015-10-01 00:00:00","first_app:topface AND platform:fb","_exists_:(user_mau.1511.topfacemobappandroid OR user_mau.1511.topfacemobappios OR user_mau.1511.topface OR user_mau.1511.standalonetf)","5,988"
"2015-10-01 00:00:00","first_app:topface AND platform:fb","_exists_:(user_mau.1512.topfacemobappandroid OR user_mau.1512.topfacemobappios OR user_mau.1512.topface OR user_mau.1512.standalonetf)","2,797"
"2015-10-01 00:00:00","first_app:topface AND platform:fb","_exists_:(user_mau.1601.topfacemobappandroid OR user_mau.1601.topfacemobappios OR user_mau.1601.topface OR user_mau.1601.standalonetf)","4,225"
"2015-10-01 00:00:00","first_app:topface AND platform:fb","_exists_:(user_mau.1602.topfacemobappandroid OR user_mau.1602.topfacemobappios OR user_mau.1602.topface OR user_mau.1602.standalonetf)","3,011"
"2015-10-01 00:00:00","first_app:topface AND platform:fb","_exists_:(user_mau.1603.topfacemobappandroid OR user_mau.1603.topfacemobappios OR user_mau.1603.topface OR user_mau.1603.standalonetf)","2,542"
"2015-10-01 00:00:00","first_app:topface AND platform:fb","_exists_:(user_mau.1604.topfacemobappandroid OR user_mau.1604.topfacemobappios OR user_mau.1604.topface OR user_mau.1604.standalonetf)","2,110"
"2015-10-01 00:00:00","first_app:topface AND platform:fb","_exists_:(user_mau.1605.topfacemobappandroid OR user_mau.1605.topfacemobappios OR user_mau.1605.topface OR user_mau.1605.standalonetf)","1,485"
"2015-10-01 00:00:00","first_app:topface AND platform:fb","_exists_:(user_mau.1606.topfacemobappandroid OR user_mau.1606.topfacemobappios OR user_mau.1606.topface OR user_mau.1606.standalonetf)","1,172"
"2015-10-01 00:00:00","first_app:topface AND platform:fb","_exists_:(user_mau.1607.topfacemobappandroid OR user_mau.1607.topfacemobappios OR user_mau.1607.topface OR user_mau.1607.standalonetf)","1,121"
"2015-10-01 00:00:00","first_app:topface AND platform:fb","_exists_:(user_mau.1608.topfacemobappandroid OR user_mau.1608.topfacemobappios OR user_mau.1608.topface OR user_mau.1608.standalonetf)",970
"2015-10-01 00:00:00","first_app:topface AND platform:fb","_exists_:(user_mau.1609.topfacemobappandroid OR user_mau.1609.topfacemobappios OR user_mau.1609.topface OR user_mau.1609.standalonetf)",883
"2015-10-01 00:00:00","first_app:topface AND platform:fb","_exists_:(user_mau.1610.topfacemobappandroid OR user_mau.1610.topfacemobappios OR user_mau.1610.topface OR user_mau.1610.standalonetf)",844
"2015-10-01 00:00:00","first_app:topface AND platform:fb","_exists_:(user_mau.1611.topfacemobappandroid OR user_mau.1611.topfacemobappios OR user_mau.1611.topface OR user_mau.1611.standalonetf)",717
"2015-10-01 00:00:00","first_app:topface AND platform:fb","_exists_:(user_mau.1612.topfacemobappandroid OR user_mau.1612.topfacemobappios OR user_mau.1612.topface OR user_mau.1612.standalonetf)",557
"2015-10-01 00:00:00","first_app:topface AND platform:fb","_exists_:(user_mau.1701.topfacemobappandroid OR user_mau.1701.topfacemobappios OR user_mau.1701.topface OR user_mau.1701.standalonetf)",495
"2015-10-01 00:00:00","first_app:topface AND platform:fb","_exists_:(user_mau.1702.topfacemobappandroid OR user_mau.1702.topfacemobappios OR user_mau.1702.topface OR user_mau.1702.standalonetf)",966
"2015-10-01 00:00:00","first_app:topface AND platform:fb","_exists_:(user_mau.1703.topfacemobappandroid OR user_mau.1703.topfacemobappios OR user_mau.1703.topface OR user_mau.1703.standalonetf)",497
"2015-10-01 00:00:00","first_app:topface AND platform:fb","_exists_:(user_mau.1704.topfacemobappandroid OR user_mau.1704.topfacemobappios OR user_mau.1704.topface OR user_mau.1704.standalonetf)",718
"2015-10-01 00:00:00","first_app:topface AND platform:fb","_exists_:(user_mau.1705.topfacemobappandroid OR user_mau.1705.topfacemobappios OR user_mau.1705.topface OR user_mau.1705.standalonetf)",748
"2015-10-01 00:00:00","first_app:topface AND platform:fb","_exists_:(user_mau.1706.topfacemobappandroid OR user_mau.1706.topfacemobappios OR user_mau.1706.topface OR user_mau.1706.standalonetf)",656
"2015-10-01 00:00:00","first_app:topface AND platform:fb","_exists_:(user_mau.1707.topfacemobappandroid OR user_mau.1707.topfacemobappios OR user_mau.1707.topface OR user_mau.1707.standalonetf)",649
"2015-10-01 00:00:00","first_app:topface AND platform:fb","_exists_:(user_mau.1708.topfacemobappandroid OR user_mau.1708.topfacemobappios OR user_mau.1708.topface OR user_mau.1708.standalonetf)",713
"2015-10-01 00:00:00","first_app:topface AND platform:fb","_exists_:(user_mau.1709.topfacemobappandroid OR user_mau.1709.topfacemobappios OR user_mau.1709.topface OR user_mau.1709.standalonetf)",705
"2015-10-01 00:00:00","first_app:topface AND platform:fb","_exists_:(user_mau.1710.topfacemobappandroid OR user_mau.1710.topfacemobappios OR user_mau.1710.topface OR user_mau.1710.standalonetf)",649
"2015-10-01 00:00:00","first_app:topface AND platform:fb","_exists_:(user_mau.1711.topfacemobappandroid OR user_mau.1711.topfacemobappios OR user_mau.1711.topface OR user_mau.1711.standalonetf)",616
"2015-10-01 00:00:00","first_app:topface AND platform:fb","_exists_:(user_mau.1712.topfacemobappandroid OR user_mau.1712.topfacemobappios OR user_mau.1712.topface OR user_mau.1712.standalonetf)",492
"2015-10-01 00:00:00","first_app:topface AND platform:fb","_exists_:(user_mau.1801.topfacemobappandroid OR user_mau.1801.topfacemobappios OR user_mau.1801.topface OR user_mau.1801.standalonetf)",417
"2015-10-01 00:00:00","first_app:topface AND platform:fb","_exists_:(user_mau.1802.topfacemobappandroid OR user_mau.1802.topfacemobappios OR user_mau.1802.topface OR user_mau.1802.standalonetf)",331
"2015-11-01 00:00:00","first_app:topfacemobappandroid","*","35,032"
"2015-11-01 00:00:00","first_app:topfacemobappandroid","_exists_:(user_mau.1501.topfacemobappandroid OR user_mau.1501.topfacemobappios OR user_mau.1501.topface OR user_mau.1501.standalonetf)",0
"2015-11-01 00:00:00","first_app:topfacemobappandroid","_exists_:(user_mau.1502.topfacemobappandroid OR user_mau.1502.topfacemobappios OR user_mau.1502.topface OR user_mau.1502.standalonetf)",0
"2015-11-01 00:00:00","first_app:topfacemobappandroid","_exists_:(user_mau.1503.topfacemobappandroid OR user_mau.1503.topfacemobappios OR user_mau.1503.topface OR user_mau.1503.standalonetf)",0
"2015-11-01 00:00:00","first_app:topfacemobappandroid","_exists_:(user_mau.1504.topfacemobappandroid OR user_mau.1504.topfacemobappios OR user_mau.1504.topface OR user_mau.1504.standalonetf)",0
"2015-11-01 00:00:00","first_app:topfacemobappandroid","_exists_:(user_mau.1505.topfacemobappandroid OR user_mau.1505.topfacemobappios OR user_mau.1505.topface OR user_mau.1505.standalonetf)",0
"2015-11-01 00:00:00","first_app:topfacemobappandroid","_exists_:(user_mau.1506.topfacemobappandroid OR user_mau.1506.topfacemobappios OR user_mau.1506.topface OR user_mau.1506.standalonetf)",0
"2015-11-01 00:00:00","first_app:topfacemobappandroid","_exists_:(user_mau.1507.topfacemobappandroid OR user_mau.1507.topfacemobappios OR user_mau.1507.topface OR user_mau.1507.standalonetf)",0
"2015-11-01 00:00:00","first_app:topfacemobappandroid","_exists_:(user_mau.1508.topfacemobappandroid OR user_mau.1508.topfacemobappios OR user_mau.1508.topface OR user_mau.1508.standalonetf)",0
"2015-11-01 00:00:00","first_app:topfacemobappandroid","_exists_:(user_mau.1509.topfacemobappandroid OR user_mau.1509.topfacemobappios OR user_mau.1509.topface OR user_mau.1509.standalonetf)",0
"2015-11-01 00:00:00","first_app:topfacemobappandroid","_exists_:(user_mau.1510.topfacemobappandroid OR user_mau.1510.topfacemobappios OR user_mau.1510.topface OR user_mau.1510.standalonetf)",2
"2015-11-01 00:00:00","first_app:topfacemobappandroid","_exists_:(user_mau.1511.topfacemobappandroid OR user_mau.1511.topfacemobappios OR user_mau.1511.topface OR user_mau.1511.standalonetf)","27,819"
"2015-11-01 00:00:00","first_app:topfacemobappandroid","_exists_:(user_mau.1512.topfacemobappandroid OR user_mau.1512.topfacemobappios OR user_mau.1512.topface OR user_mau.1512.standalonetf)","4,930"
"2015-11-01 00:00:00","first_app:topfacemobappandroid","_exists_:(user_mau.1601.topfacemobappandroid OR user_mau.1601.topfacemobappios OR user_mau.1601.topface OR user_mau.1601.standalonetf)","5,476"
"2015-11-01 00:00:00","first_app:topfacemobappandroid","_exists_:(user_mau.1602.topfacemobappandroid OR user_mau.1602.topfacemobappios OR user_mau.1602.topface OR user_mau.1602.standalonetf)","3,061"
"2015-11-01 00:00:00","first_app:topfacemobappandroid","_exists_:(user_mau.1603.topfacemobappandroid OR user_mau.1603.topfacemobappios OR user_mau.1603.topface OR user_mau.1603.standalonetf)","2,206"
"2015-11-01 00:00:00","first_app:topfacemobappandroid","_exists_:(user_mau.1604.topfacemobappandroid OR user_mau.1604.topfacemobappios OR user_mau.1604.topface OR user_mau.1604.standalonetf)","1,544"
"2015-11-01 00:00:00","first_app:topfacemobappandroid","_exists_:(user_mau.1605.topfacemobappandroid OR user_mau.1605.topfacemobappios OR user_mau.1605.topface OR user_mau.1605.standalonetf)","1,214"
"2015-11-01 00:00:00","first_app:topfacemobappandroid","_exists_:(user_mau.1606.topfacemobappandroid OR user_mau.1606.topfacemobappios OR user_mau.1606.topface OR user_mau.1606.standalonetf)","1,137"
"2015-11-01 00:00:00","first_app:topfacemobappandroid","_exists_:(user_mau.1607.topfacemobappandroid OR user_mau.1607.topfacemobappios OR user_mau.1607.topface OR user_mau.1607.standalonetf)","1,102"
"2015-11-01 00:00:00","first_app:topfacemobappandroid","_exists_:(user_mau.1608.topfacemobappandroid OR user_mau.1608.topfacemobappios OR user_mau.1608.topface OR user_mau.1608.standalonetf)",892
"2015-11-01 00:00:00","first_app:topfacemobappandroid","_exists_:(user_mau.1609.topfacemobappandroid OR user_mau.1609.topfacemobappios OR user_mau.1609.topface OR user_mau.1609.standalonetf)",802
"2015-11-01 00:00:00","first_app:topfacemobappandroid","_exists_:(user_mau.1610.topfacemobappandroid OR user_mau.1610.topfacemobappios OR user_mau.1610.topface OR user_mau.1610.standalonetf)",759
"2015-11-01 00:00:00","first_app:topfacemobappandroid","_exists_:(user_mau.1611.topfacemobappandroid OR user_mau.1611.topfacemobappios OR user_mau.1611.topface OR user_mau.1611.standalonetf)",616
"2015-11-01 00:00:00","first_app:topfacemobappandroid","_exists_:(user_mau.1612.topfacemobappandroid OR user_mau.1612.topfacemobappios OR user_mau.1612.topface OR user_mau.1612.standalonetf)",626
"2015-11-01 00:00:00","first_app:topfacemobappandroid","_exists_:(user_mau.1701.topfacemobappandroid OR user_mau.1701.topfacemobappios OR user_mau.1701.topface OR user_mau.1701.standalonetf)",550
"2015-11-01 00:00:00","first_app:topfacemobappandroid","_exists_:(user_mau.1702.topfacemobappandroid OR user_mau.1702.topfacemobappios OR user_mau.1702.topface OR user_mau.1702.standalonetf)",553
"2015-11-01 00:00:00","first_app:topfacemobappandroid","_exists_:(user_mau.1703.topfacemobappandroid OR user_mau.1703.topfacemobappios OR user_mau.1703.topface OR user_mau.1703.standalonetf)",490
"2015-11-01 00:00:00","first_app:topfacemobappandroid","_exists_:(user_mau.1704.topfacemobappandroid OR user_mau.1704.topfacemobappios OR user_mau.1704.topface OR user_mau.1704.standalonetf)",790
"2015-11-01 00:00:00","first_app:topfacemobappandroid","_exists_:(user_mau.1705.topfacemobappandroid OR user_mau.1705.topfacemobappios OR user_mau.1705.topface OR user_mau.1705.standalonetf)",691
"2015-11-01 00:00:00","first_app:topfacemobappandroid","_exists_:(user_mau.1706.topfacemobappandroid OR user_mau.1706.topfacemobappios OR user_mau.1706.topface OR user_mau.1706.standalonetf)",497
"2015-11-01 00:00:00","first_app:topfacemobappandroid","_exists_:(user_mau.1707.topfacemobappandroid OR user_mau.1707.topfacemobappios OR user_mau.1707.topface OR user_mau.1707.standalonetf)",476
"2015-11-01 00:00:00","first_app:topfacemobappandroid","_exists_:(user_mau.1708.topfacemobappandroid OR user_mau.1708.topfacemobappios OR user_mau.1708.topface OR user_mau.1708.standalonetf)",616
"2015-11-01 00:00:00","first_app:topfacemobappandroid","_exists_:(user_mau.1709.topfacemobappandroid OR user_mau.1709.topfacemobappios OR user_mau.1709.topface OR user_mau.1709.standalonetf)",571
"2015-11-01 00:00:00","first_app:topfacemobappandroid","_exists_:(user_mau.1710.topfacemobappandroid OR user_mau.1710.topfacemobappios OR user_mau.1710.topface OR user_mau.1710.standalonetf)",639
"2015-11-01 00:00:00","first_app:topfacemobappandroid","_exists_:(user_mau.1711.topfacemobappandroid OR user_mau.1711.topfacemobappios OR user_mau.1711.topface OR user_mau.1711.standalonetf)",557
"2015-11-01 00:00:00","first_app:topfacemobappandroid","_exists_:(user_mau.1712.topfacemobappandroid OR user_mau.1712.topfacemobappios OR user_mau.1712.topface OR user_mau.1712.standalonetf)",444
"2015-11-01 00:00:00","first_app:topfacemobappandroid","_exists_:(user_mau.1801.topfacemobappandroid OR user_mau.1801.topfacemobappios OR user_mau.1801.topface OR user_mau.1801.standalonetf)",327
"2015-11-01 00:00:00","first_app:topfacemobappandroid","_exists_:(user_mau.1802.topfacemobappandroid OR user_mau.1802.topfacemobappios OR user_mau.1802.topface OR user_mau.1802.standalonetf)",283
"2015-11-01 00:00:00","first_app:topfacemobappios","*","10,063"
"2015-11-01 00:00:00","first_app:topfacemobappios","_exists_:(user_mau.1501.topfacemobappandroid OR user_mau.1501.topfacemobappios OR user_mau.1501.topface OR user_mau.1501.standalonetf)",0
"2015-11-01 00:00:00","first_app:topfacemobappios","_exists_:(user_mau.1502.topfacemobappandroid OR user_mau.1502.topfacemobappios OR user_mau.1502.topface OR user_mau.1502.standalonetf)",0
"2015-11-01 00:00:00","first_app:topfacemobappios","_exists_:(user_mau.1503.topfacemobappandroid OR user_mau.1503.topfacemobappios OR user_mau.1503.topface OR user_mau.1503.standalonetf)",0
"2015-11-01 00:00:00","first_app:topfacemobappios","_exists_:(user_mau.1504.topfacemobappandroid OR user_mau.1504.topfacemobappios OR user_mau.1504.topface OR user_mau.1504.standalonetf)",0
"2015-11-01 00:00:00","first_app:topfacemobappios","_exists_:(user_mau.1505.topfacemobappandroid OR user_mau.1505.topfacemobappios OR user_mau.1505.topface OR user_mau.1505.standalonetf)",0
"2015-11-01 00:00:00","first_app:topfacemobappios","_exists_:(user_mau.1506.topfacemobappandroid OR user_mau.1506.topfacemobappios OR user_mau.1506.topface OR user_mau.1506.standalonetf)",0
"2015-11-01 00:00:00","first_app:topfacemobappios","_exists_:(user_mau.1507.topfacemobappandroid OR user_mau.1507.topfacemobappios OR user_mau.1507.topface OR user_mau.1507.standalonetf)",0
"2015-11-01 00:00:00","first_app:topfacemobappios","_exists_:(user_mau.1508.topfacemobappandroid OR user_mau.1508.topfacemobappios OR user_mau.1508.topface OR user_mau.1508.standalonetf)",0
"2015-11-01 00:00:00","first_app:topfacemobappios","_exists_:(user_mau.1509.topfacemobappandroid OR user_mau.1509.topfacemobappios OR user_mau.1509.topface OR user_mau.1509.standalonetf)",0
"2015-11-01 00:00:00","first_app:topfacemobappios","_exists_:(user_mau.1510.topfacemobappandroid OR user_mau.1510.topfacemobappios OR user_mau.1510.topface OR user_mau.1510.standalonetf)",223
"2015-11-01 00:00:00","first_app:topfacemobappios","_exists_:(user_mau.1511.topfacemobappandroid OR user_mau.1511.topfacemobappios OR user_mau.1511.topface OR user_mau.1511.standalonetf)","7,805"
"2015-11-01 00:00:00","first_app:topfacemobappios","_exists_:(user_mau.1512.topfacemobappandroid OR user_mau.1512.topfacemobappios OR user_mau.1512.topface OR user_mau.1512.standalonetf)","1,433"
"2015-11-01 00:00:00","first_app:topfacemobappios","_exists_:(user_mau.1601.topfacemobappandroid OR user_mau.1601.topfacemobappios OR user_mau.1601.topface OR user_mau.1601.standalonetf)","1,540"
"2015-11-01 00:00:00","first_app:topfacemobappios","_exists_:(user_mau.1602.topfacemobappandroid OR user_mau.1602.topfacemobappios OR user_mau.1602.topface OR user_mau.1602.standalonetf)","1,029"
"2015-11-01 00:00:00","first_app:topfacemobappios","_exists_:(user_mau.1603.topfacemobappandroid OR user_mau.1603.topfacemobappios OR user_mau.1603.topface OR user_mau.1603.standalonetf)",754
"2015-11-01 00:00:00","first_app:topfacemobappios","_exists_:(user_mau.1604.topfacemobappandroid OR user_mau.1604.topfacemobappios OR user_mau.1604.topface OR user_mau.1604.standalonetf)",542
"2015-11-01 00:00:00","first_app:topfacemobappios","_exists_:(user_mau.1605.topfacemobappandroid OR user_mau.1605.topfacemobappios OR user_mau.1605.topface OR user_mau.1605.standalonetf)",470
"2015-11-01 00:00:00","first_app:topfacemobappios","_exists_:(user_mau.1606.topfacemobappandroid OR user_mau.1606.topfacemobappios OR user_mau.1606.topface OR user_mau.1606.standalonetf)",367
"2015-11-01 00:00:00","first_app:topfacemobappios","_exists_:(user_mau.1607.topfacemobappandroid OR user_mau.1607.topfacemobappios OR user_mau.1607.topface OR user_mau.1607.standalonetf)",344
"2015-11-01 00:00:00","first_app:topfacemobappios","_exists_:(user_mau.1608.topfacemobappandroid OR user_mau.1608.topfacemobappios OR user_mau.1608.topface OR user_mau.1608.standalonetf)",259
"2015-11-01 00:00:00","first_app:topfacemobappios","_exists_:(user_mau.1609.topfacemobappandroid OR user_mau.1609.topfacemobappios OR user_mau.1609.topface OR user_mau.1609.standalonetf)",198
"2015-11-01 00:00:00","first_app:topfacemobappios","_exists_:(user_mau.1610.topfacemobappandroid OR user_mau.1610.topfacemobappios OR user_mau.1610.topface OR user_mau.1610.standalonetf)",224
"2015-11-01 00:00:00","first_app:topfacemobappios","_exists_:(user_mau.1611.topfacemobappandroid OR user_mau.1611.topfacemobappios OR user_mau.1611.topface OR user_mau.1611.standalonetf)",203
"2015-11-01 00:00:00","first_app:topfacemobappios","_exists_:(user_mau.1612.topfacemobappandroid OR user_mau.1612.topfacemobappios OR user_mau.1612.topface OR user_mau.1612.standalonetf)",221
"2015-11-01 00:00:00","first_app:topfacemobappios","_exists_:(user_mau.1701.topfacemobappandroid OR user_mau.1701.topfacemobappios OR user_mau.1701.topface OR user_mau.1701.standalonetf)",176
"2015-11-01 00:00:00","first_app:topfacemobappios","_exists_:(user_mau.1702.topfacemobappandroid OR user_mau.1702.topfacemobappios OR user_mau.1702.topface OR user_mau.1702.standalonetf)",168
"2015-11-01 00:00:00","first_app:topfacemobappios","_exists_:(user_mau.1703.topfacemobappandroid OR user_mau.1703.topfacemobappios OR user_mau.1703.topface OR user_mau.1703.standalonetf)",147
"2015-11-01 00:00:00","first_app:topfacemobappios","_exists_:(user_mau.1704.topfacemobappandroid OR user_mau.1704.topfacemobappios OR user_mau.1704.topface OR user_mau.1704.standalonetf)",134
"2015-11-01 00:00:00","first_app:topfacemobappios","_exists_:(user_mau.1705.topfacemobappandroid OR user_mau.1705.topfacemobappios OR user_mau.1705.topface OR user_mau.1705.standalonetf)",148
"2015-11-01 00:00:00","first_app:topfacemobappios","_exists_:(user_mau.1706.topfacemobappandroid OR user_mau.1706.topfacemobappios OR user_mau.1706.topface OR user_mau.1706.standalonetf)",125
"2015-11-01 00:00:00","first_app:topfacemobappios","_exists_:(user_mau.1707.topfacemobappandroid OR user_mau.1707.topfacemobappios OR user_mau.1707.topface OR user_mau.1707.standalonetf)",123
"2015-11-01 00:00:00","first_app:topfacemobappios","_exists_:(user_mau.1708.topfacemobappandroid OR user_mau.1708.topfacemobappios OR user_mau.1708.topface OR user_mau.1708.standalonetf)",152
"2015-11-01 00:00:00","first_app:topfacemobappios","_exists_:(user_mau.1709.topfacemobappandroid OR user_mau.1709.topfacemobappios OR user_mau.1709.topface OR user_mau.1709.standalonetf)",149
"2015-11-01 00:00:00","first_app:topfacemobappios","_exists_:(user_mau.1710.topfacemobappandroid OR user_mau.1710.topfacemobappios OR user_mau.1710.topface OR user_mau.1710.standalonetf)",157
"2015-11-01 00:00:00","first_app:topfacemobappios","_exists_:(user_mau.1711.topfacemobappandroid OR user_mau.1711.topfacemobappios OR user_mau.1711.topface OR user_mau.1711.standalonetf)",134
"2015-11-01 00:00:00","first_app:topfacemobappios","_exists_:(user_mau.1712.topfacemobappandroid OR user_mau.1712.topfacemobappios OR user_mau.1712.topface OR user_mau.1712.standalonetf)",131
"2015-11-01 00:00:00","first_app:topfacemobappios","_exists_:(user_mau.1801.topfacemobappandroid OR user_mau.1801.topfacemobappios OR user_mau.1801.topface OR user_mau.1801.standalonetf)",127
"2015-11-01 00:00:00","first_app:topfacemobappios","_exists_:(user_mau.1802.topfacemobappandroid OR user_mau.1802.topfacemobappios OR user_mau.1802.topface OR user_mau.1802.standalonetf)",102
"2015-11-01 00:00:00","first_app:standalonetf","*","28,004"
"2015-11-01 00:00:00","first_app:standalonetf","_exists_:(user_mau.1501.topfacemobappandroid OR user_mau.1501.topfacemobappios OR user_mau.1501.topface OR user_mau.1501.standalonetf)",0
"2015-11-01 00:00:00","first_app:standalonetf","_exists_:(user_mau.1502.topfacemobappandroid OR user_mau.1502.topfacemobappios OR user_mau.1502.topface OR user_mau.1502.standalonetf)",0
"2015-11-01 00:00:00","first_app:standalonetf","_exists_:(user_mau.1503.topfacemobappandroid OR user_mau.1503.topfacemobappios OR user_mau.1503.topface OR user_mau.1503.standalonetf)",0
"2015-11-01 00:00:00","first_app:standalonetf","_exists_:(user_mau.1504.topfacemobappandroid OR user_mau.1504.topfacemobappios OR user_mau.1504.topface OR user_mau.1504.standalonetf)",0
"2015-11-01 00:00:00","first_app:standalonetf","_exists_:(user_mau.1505.topfacemobappandroid OR user_mau.1505.topfacemobappios OR user_mau.1505.topface OR user_mau.1505.standalonetf)",0
"2015-11-01 00:00:00","first_app:standalonetf","_exists_:(user_mau.1506.topfacemobappandroid OR user_mau.1506.topfacemobappios OR user_mau.1506.topface OR user_mau.1506.standalonetf)",0
"2015-11-01 00:00:00","first_app:standalonetf","_exists_:(user_mau.1507.topfacemobappandroid OR user_mau.1507.topfacemobappios OR user_mau.1507.topface OR user_mau.1507.standalonetf)",0
"2015-11-01 00:00:00","first_app:standalonetf","_exists_:(user_mau.1508.topfacemobappandroid OR user_mau.1508.topfacemobappios OR user_mau.1508.topface OR user_mau.1508.standalonetf)",0
"2015-11-01 00:00:00","first_app:standalonetf","_exists_:(user_mau.1509.topfacemobappandroid OR user_mau.1509.topfacemobappios OR user_mau.1509.topface OR user_mau.1509.standalonetf)",0
"2015-11-01 00:00:00","first_app:standalonetf","_exists_:(user_mau.1510.topfacemobappandroid OR user_mau.1510.topfacemobappios OR user_mau.1510.topface OR user_mau.1510.standalonetf)",92
"2015-11-01 00:00:00","first_app:standalonetf","_exists_:(user_mau.1511.topfacemobappandroid OR user_mau.1511.topfacemobappios OR user_mau.1511.topface OR user_mau.1511.standalonetf)","15,493"
"2015-11-01 00:00:00","first_app:standalonetf","_exists_:(user_mau.1512.topfacemobappandroid OR user_mau.1512.topfacemobappios OR user_mau.1512.topface OR user_mau.1512.standalonetf)","2,711"
"2015-11-01 00:00:00","first_app:standalonetf","_exists_:(user_mau.1601.topfacemobappandroid OR user_mau.1601.topfacemobappios OR user_mau.1601.topface OR user_mau.1601.standalonetf)","4,481"
"2015-11-01 00:00:00","first_app:standalonetf","_exists_:(user_mau.1602.topfacemobappandroid OR user_mau.1602.topfacemobappios OR user_mau.1602.topface OR user_mau.1602.standalonetf)","3,366"
"2015-11-01 00:00:00","first_app:standalonetf","_exists_:(user_mau.1603.topfacemobappandroid OR user_mau.1603.topfacemobappios OR user_mau.1603.topface OR user_mau.1603.standalonetf)","2,691"
"2015-11-01 00:00:00","first_app:standalonetf","_exists_:(user_mau.1604.topfacemobappandroid OR user_mau.1604.topfacemobappios OR user_mau.1604.topface OR user_mau.1604.standalonetf)","2,310"
"2015-11-01 00:00:00","first_app:standalonetf","_exists_:(user_mau.1605.topfacemobappandroid OR user_mau.1605.topfacemobappios OR user_mau.1605.topface OR user_mau.1605.standalonetf)","1,931"
"2015-11-01 00:00:00","first_app:standalonetf","_exists_:(user_mau.1606.topfacemobappandroid OR user_mau.1606.topfacemobappios OR user_mau.1606.topface OR user_mau.1606.standalonetf)","1,761"
"2015-11-01 00:00:00","first_app:standalonetf","_exists_:(user_mau.1607.topfacemobappandroid OR user_mau.1607.topfacemobappios OR user_mau.1607.topface OR user_mau.1607.standalonetf)","1,686"
"2015-11-01 00:00:00","first_app:standalonetf","_exists_:(user_mau.1608.topfacemobappandroid OR user_mau.1608.topfacemobappios OR user_mau.1608.topface OR user_mau.1608.standalonetf)","1,441"
"2015-11-01 00:00:00","first_app:standalonetf","_exists_:(user_mau.1609.topfacemobappandroid OR user_mau.1609.topfacemobappios OR user_mau.1609.topface OR user_mau.1609.standalonetf)","1,347"
"2015-11-01 00:00:00","first_app:standalonetf","_exists_:(user_mau.1610.topfacemobappandroid OR user_mau.1610.topfacemobappios OR user_mau.1610.topface OR user_mau.1610.standalonetf)","1,211"
"2015-11-01 00:00:00","first_app:standalonetf","_exists_:(user_mau.1611.topfacemobappandroid OR user_mau.1611.topfacemobappios OR user_mau.1611.topface OR user_mau.1611.standalonetf)","1,183"
"2015-11-01 00:00:00","first_app:standalonetf","_exists_:(user_mau.1612.topfacemobappandroid OR user_mau.1612.topfacemobappios OR user_mau.1612.topface OR user_mau.1612.standalonetf)","1,026"
"2015-11-01 00:00:00","first_app:standalonetf","_exists_:(user_mau.1701.topfacemobappandroid OR user_mau.1701.topfacemobappios OR user_mau.1701.topface OR user_mau.1701.standalonetf)",976
"2015-11-01 00:00:00","first_app:standalonetf","_exists_:(user_mau.1702.topfacemobappandroid OR user_mau.1702.topfacemobappios OR user_mau.1702.topface OR user_mau.1702.standalonetf)",879
"2015-11-01 00:00:00","first_app:standalonetf","_exists_:(user_mau.1703.topfacemobappandroid OR user_mau.1703.topfacemobappios OR user_mau.1703.topface OR user_mau.1703.standalonetf)",806
"2015-11-01 00:00:00","first_app:standalonetf","_exists_:(user_mau.1704.topfacemobappandroid OR user_mau.1704.topfacemobappios OR user_mau.1704.topface OR user_mau.1704.standalonetf)",759
"2015-11-01 00:00:00","first_app:standalonetf","_exists_:(user_mau.1705.topfacemobappandroid OR user_mau.1705.topfacemobappios OR user_mau.1705.topface OR user_mau.1705.standalonetf)",686
"2015-11-01 00:00:00","first_app:standalonetf","_exists_:(user_mau.1706.topfacemobappandroid OR user_mau.1706.topfacemobappios OR user_mau.1706.topface OR user_mau.1706.standalonetf)",559
"2015-11-01 00:00:00","first_app:standalonetf","_exists_:(user_mau.1707.topfacemobappandroid OR user_mau.1707.topfacemobappios OR user_mau.1707.topface OR user_mau.1707.standalonetf)",529
"2015-11-01 00:00:00","first_app:standalonetf","_exists_:(user_mau.1708.topfacemobappandroid OR user_mau.1708.topfacemobappios OR user_mau.1708.topface OR user_mau.1708.standalonetf)",502
"2015-11-01 00:00:00","first_app:standalonetf","_exists_:(user_mau.1709.topfacemobappandroid OR user_mau.1709.topfacemobappios OR user_mau.1709.topface OR user_mau.1709.standalonetf)",502
"2015-11-01 00:00:00","first_app:standalonetf","_exists_:(user_mau.1710.topfacemobappandroid OR user_mau.1710.topfacemobappios OR user_mau.1710.topface OR user_mau.1710.standalonetf)",477
"2015-11-01 00:00:00","first_app:standalonetf","_exists_:(user_mau.1711.topfacemobappandroid OR user_mau.1711.topfacemobappios OR user_mau.1711.topface OR user_mau.1711.standalonetf)",440
"2015-11-01 00:00:00","first_app:standalonetf","_exists_:(user_mau.1712.topfacemobappandroid OR user_mau.1712.topfacemobappios OR user_mau.1712.topface OR user_mau.1712.standalonetf)",437
"2015-11-01 00:00:00","first_app:standalonetf","_exists_:(user_mau.1801.topfacemobappandroid OR user_mau.1801.topfacemobappios OR user_mau.1801.topface OR user_mau.1801.standalonetf)",454
"2015-11-01 00:00:00","first_app:standalonetf","_exists_:(user_mau.1802.topfacemobappandroid OR user_mau.1802.topfacemobappios OR user_mau.1802.topface OR user_mau.1802.standalonetf)",390
"2015-11-01 00:00:00","first_app:topface AND platform:vk","*","14,935"
"2015-11-01 00:00:00","first_app:topface AND platform:vk","_exists_:(user_mau.1501.topfacemobappandroid OR user_mau.1501.topfacemobappios OR user_mau.1501.topface OR user_mau.1501.standalonetf)",0
"2015-11-01 00:00:00","first_app:topface AND platform:vk","_exists_:(user_mau.1502.topfacemobappandroid OR user_mau.1502.topfacemobappios OR user_mau.1502.topface OR user_mau.1502.standalonetf)",0
"2015-11-01 00:00:00","first_app:topface AND platform:vk","_exists_:(user_mau.1503.topfacemobappandroid OR user_mau.1503.topfacemobappios OR user_mau.1503.topface OR user_mau.1503.standalonetf)",0
"2015-11-01 00:00:00","first_app:topface AND platform:vk","_exists_:(user_mau.1504.topfacemobappandroid OR user_mau.1504.topfacemobappios OR user_mau.1504.topface OR user_mau.1504.standalonetf)",0
"2015-11-01 00:00:00","first_app:topface AND platform:vk","_exists_:(user_mau.1505.topfacemobappandroid OR user_mau.1505.topfacemobappios OR user_mau.1505.topface OR user_mau.1505.standalonetf)",0
"2015-11-01 00:00:00","first_app:topface AND platform:vk","_exists_:(user_mau.1506.topfacemobappandroid OR user_mau.1506.topfacemobappios OR user_mau.1506.topface OR user_mau.1506.standalonetf)",0
"2015-11-01 00:00:00","first_app:topface AND platform:vk","_exists_:(user_mau.1507.topfacemobappandroid OR user_mau.1507.topfacemobappios OR user_mau.1507.topface OR user_mau.1507.standalonetf)",0
"2015-11-01 00:00:00","first_app:topface AND platform:vk","_exists_:(user_mau.1508.topfacemobappandroid OR user_mau.1508.topfacemobappios OR user_mau.1508.topface OR user_mau.1508.standalonetf)",0
"2015-11-01 00:00:00","first_app:topface AND platform:vk","_exists_:(user_mau.1509.topfacemobappandroid OR user_mau.1509.topfacemobappios OR user_mau.1509.topface OR user_mau.1509.standalonetf)",0
"2015-11-01 00:00:00","first_app:topface AND platform:vk","_exists_:(user_mau.1510.topfacemobappandroid OR user_mau.1510.topfacemobappios OR user_mau.1510.topface OR user_mau.1510.standalonetf)",75
"2015-11-01 00:00:00","first_app:topface AND platform:vk","_exists_:(user_mau.1511.topfacemobappandroid OR user_mau.1511.topfacemobappios OR user_mau.1511.topface OR user_mau.1511.standalonetf)","9,134"
"2015-11-01 00:00:00","first_app:topface AND platform:vk","_exists_:(user_mau.1512.topfacemobappandroid OR user_mau.1512.topfacemobappios OR user_mau.1512.topface OR user_mau.1512.standalonetf)","1,908"
"2015-11-01 00:00:00","first_app:topface AND platform:vk","_exists_:(user_mau.1601.topfacemobappandroid OR user_mau.1601.topfacemobappios OR user_mau.1601.topface OR user_mau.1601.standalonetf)","3,784"
"2015-11-01 00:00:00","first_app:topface AND platform:vk","_exists_:(user_mau.1602.topfacemobappandroid OR user_mau.1602.topfacemobappios OR user_mau.1602.topface OR user_mau.1602.standalonetf)","2,964"
"2015-11-01 00:00:00","first_app:topface AND platform:vk","_exists_:(user_mau.1603.topfacemobappandroid OR user_mau.1603.topfacemobappios OR user_mau.1603.topface OR user_mau.1603.standalonetf)","2,752"
"2015-11-01 00:00:00","first_app:topface AND platform:vk","_exists_:(user_mau.1604.topfacemobappandroid OR user_mau.1604.topfacemobappios OR user_mau.1604.topface OR user_mau.1604.standalonetf)","2,095"
"2015-11-01 00:00:00","first_app:topface AND platform:vk","_exists_:(user_mau.1605.topfacemobappandroid OR user_mau.1605.topfacemobappios OR user_mau.1605.topface OR user_mau.1605.standalonetf)","1,756"
"2015-11-01 00:00:00","first_app:topface AND platform:vk","_exists_:(user_mau.1606.topfacemobappandroid OR user_mau.1606.topfacemobappios OR user_mau.1606.topface OR user_mau.1606.standalonetf)","1,551"
"2015-11-01 00:00:00","first_app:topface AND platform:vk","_exists_:(user_mau.1607.topfacemobappandroid OR user_mau.1607.topfacemobappios OR user_mau.1607.topface OR user_mau.1607.standalonetf)","1,465"
"2015-11-01 00:00:00","first_app:topface AND platform:vk","_exists_:(user_mau.1608.topfacemobappandroid OR user_mau.1608.topfacemobappios OR user_mau.1608.topface OR user_mau.1608.standalonetf)","1,385"
"2015-11-01 00:00:00","first_app:topface AND platform:vk","_exists_:(user_mau.1609.topfacemobappandroid OR user_mau.1609.topfacemobappios OR user_mau.1609.topface OR user_mau.1609.standalonetf)","1,205"
"2015-11-01 00:00:00","first_app:topface AND platform:vk","_exists_:(user_mau.1610.topfacemobappandroid OR user_mau.1610.topfacemobappios OR user_mau.1610.topface OR user_mau.1610.standalonetf)","1,105"
"2015-11-01 00:00:00","first_app:topface AND platform:vk","_exists_:(user_mau.1611.topfacemobappandroid OR user_mau.1611.topfacemobappios OR user_mau.1611.topface OR user_mau.1611.standalonetf)",844
"2015-11-01 00:00:00","first_app:topface AND platform:vk","_exists_:(user_mau.1612.topfacemobappandroid OR user_mau.1612.topfacemobappios OR user_mau.1612.topface OR user_mau.1612.standalonetf)",815
"2015-11-01 00:00:00","first_app:topface AND platform:vk","_exists_:(user_mau.1701.topfacemobappandroid OR user_mau.1701.topfacemobappios OR user_mau.1701.topface OR user_mau.1701.standalonetf)",809
"2015-11-01 00:00:00","first_app:topface AND platform:vk","_exists_:(user_mau.1702.topfacemobappandroid OR user_mau.1702.topfacemobappios OR user_mau.1702.topface OR user_mau.1702.standalonetf)",698
"2015-11-01 00:00:00","first_app:topface AND platform:vk","_exists_:(user_mau.1703.topfacemobappandroid OR user_mau.1703.topfacemobappios OR user_mau.1703.topface OR user_mau.1703.standalonetf)",686
"2015-11-01 00:00:00","first_app:topface AND platform:vk","_exists_:(user_mau.1704.topfacemobappandroid OR user_mau.1704.topfacemobappios OR user_mau.1704.topface OR user_mau.1704.standalonetf)",672
"2015-11-01 00:00:00","first_app:topface AND platform:vk","_exists_:(user_mau.1705.topfacemobappandroid OR user_mau.1705.topfacemobappios OR user_mau.1705.topface OR user_mau.1705.standalonetf)",620
"2015-11-01 00:00:00","first_app:topface AND platform:vk","_exists_:(user_mau.1706.topfacemobappandroid OR user_mau.1706.topfacemobappios OR user_mau.1706.topface OR user_mau.1706.standalonetf)",528
"2015-11-01 00:00:00","first_app:topface AND platform:vk","_exists_:(user_mau.1707.topfacemobappandroid OR user_mau.1707.topfacemobappios OR user_mau.1707.topface OR user_mau.1707.standalonetf)",448
"2015-11-01 00:00:00","first_app:topface AND platform:vk","_exists_:(user_mau.1708.topfacemobappandroid OR user_mau.1708.topfacemobappios OR user_mau.1708.topface OR user_mau.1708.standalonetf)",452
"2015-11-01 00:00:00","first_app:topface AND platform:vk","_exists_:(user_mau.1709.topfacemobappandroid OR user_mau.1709.topfacemobappios OR user_mau.1709.topface OR user_mau.1709.standalonetf)",471
"2015-11-01 00:00:00","first_app:topface AND platform:vk","_exists_:(user_mau.1710.topfacemobappandroid OR user_mau.1710.topfacemobappios OR user_mau.1710.topface OR user_mau.1710.standalonetf)",471
"2015-11-01 00:00:00","first_app:topface AND platform:vk","_exists_:(user_mau.1711.topfacemobappandroid OR user_mau.1711.topfacemobappios OR user_mau.1711.topface OR user_mau.1711.standalonetf)",447
"2015-11-01 00:00:00","first_app:topface AND platform:vk","_exists_:(user_mau.1712.topfacemobappandroid OR user_mau.1712.topfacemobappios OR user_mau.1712.topface OR user_mau.1712.standalonetf)",415
"2015-11-01 00:00:00","first_app:topface AND platform:vk","_exists_:(user_mau.1801.topfacemobappandroid OR user_mau.1801.topfacemobappios OR user_mau.1801.topface OR user_mau.1801.standalonetf)",389
"2015-11-01 00:00:00","first_app:topface AND platform:vk","_exists_:(user_mau.1802.topfacemobappandroid OR user_mau.1802.topfacemobappios OR user_mau.1802.topface OR user_mau.1802.standalonetf)",355
"2015-11-01 00:00:00","first_app:topface AND platform:ok","*","39,825"
"2015-11-01 00:00:00","first_app:topface AND platform:ok","_exists_:(user_mau.1501.topfacemobappandroid OR user_mau.1501.topfacemobappios OR user_mau.1501.topface OR user_mau.1501.standalonetf)",0
"2015-11-01 00:00:00","first_app:topface AND platform:ok","_exists_:(user_mau.1502.topfacemobappandroid OR user_mau.1502.topfacemobappios OR user_mau.1502.topface OR user_mau.1502.standalonetf)",0
"2015-11-01 00:00:00","first_app:topface AND platform:ok","_exists_:(user_mau.1503.topfacemobappandroid OR user_mau.1503.topfacemobappios OR user_mau.1503.topface OR user_mau.1503.standalonetf)",0
"2015-11-01 00:00:00","first_app:topface AND platform:ok","_exists_:(user_mau.1504.topfacemobappandroid OR user_mau.1504.topfacemobappios OR user_mau.1504.topface OR user_mau.1504.standalonetf)",0
"2015-11-01 00:00:00","first_app:topface AND platform:ok","_exists_:(user_mau.1505.topfacemobappandroid OR user_mau.1505.topfacemobappios OR user_mau.1505.topface OR user_mau.1505.standalonetf)",0
"2015-11-01 00:00:00","first_app:topface AND platform:ok","_exists_:(user_mau.1506.topfacemobappandroid OR user_mau.1506.topfacemobappios OR user_mau.1506.topface OR user_mau.1506.standalonetf)",0
"2015-11-01 00:00:00","first_app:topface AND platform:ok","_exists_:(user_mau.1507.topfacemobappandroid OR user_mau.1507.topfacemobappios OR user_mau.1507.topface OR user_mau.1507.standalonetf)",0
"2015-11-01 00:00:00","first_app:topface AND platform:ok","_exists_:(user_mau.1508.topfacemobappandroid OR user_mau.1508.topfacemobappios OR user_mau.1508.topface OR user_mau.1508.standalonetf)",0
"2015-11-01 00:00:00","first_app:topface AND platform:ok","_exists_:(user_mau.1509.topfacemobappandroid OR user_mau.1509.topfacemobappios OR user_mau.1509.topface OR user_mau.1509.standalonetf)",0
"2015-11-01 00:00:00","first_app:topface AND platform:ok","_exists_:(user_mau.1510.topfacemobappandroid OR user_mau.1510.topfacemobappios OR user_mau.1510.topface OR user_mau.1510.standalonetf)",58
"2015-11-01 00:00:00","first_app:topface AND platform:ok","_exists_:(user_mau.1511.topfacemobappandroid OR user_mau.1511.topfacemobappios OR user_mau.1511.topface OR user_mau.1511.standalonetf)","34,775"
"2015-11-01 00:00:00","first_app:topface AND platform:ok","_exists_:(user_mau.1512.topfacemobappandroid OR user_mau.1512.topfacemobappios OR user_mau.1512.topface OR user_mau.1512.standalonetf)","2,760"
"2015-11-01 00:00:00","first_app:topface AND platform:ok","_exists_:(user_mau.1601.topfacemobappandroid OR user_mau.1601.topfacemobappios OR user_mau.1601.topface OR user_mau.1601.standalonetf)","2,561"
"2015-11-01 00:00:00","first_app:topface AND platform:ok","_exists_:(user_mau.1602.topfacemobappandroid OR user_mau.1602.topfacemobappios OR user_mau.1602.topface OR user_mau.1602.standalonetf)","1,813"
"2015-11-01 00:00:00","first_app:topface AND platform:ok","_exists_:(user_mau.1603.topfacemobappandroid OR user_mau.1603.topfacemobappios OR user_mau.1603.topface OR user_mau.1603.standalonetf)","2,097"
"2015-11-01 00:00:00","first_app:topface AND platform:ok","_exists_:(user_mau.1604.topfacemobappandroid OR user_mau.1604.topfacemobappios OR user_mau.1604.topface OR user_mau.1604.standalonetf)","1,506"
"2015-11-01 00:00:00","first_app:topface AND platform:ok","_exists_:(user_mau.1605.topfacemobappandroid OR user_mau.1605.topfacemobappios OR user_mau.1605.topface OR user_mau.1605.standalonetf)","1,050"
"2015-11-01 00:00:00","first_app:topface AND platform:ok","_exists_:(user_mau.1606.topfacemobappandroid OR user_mau.1606.topfacemobappios OR user_mau.1606.topface OR user_mau.1606.standalonetf)",909
"2015-11-01 00:00:00","first_app:topface AND platform:ok","_exists_:(user_mau.1607.topfacemobappandroid OR user_mau.1607.topfacemobappios OR user_mau.1607.topface OR user_mau.1607.standalonetf)",799
"2015-11-01 00:00:00","first_app:topface AND platform:ok","_exists_:(user_mau.1608.topfacemobappandroid OR user_mau.1608.topfacemobappios OR user_mau.1608.topface OR user_mau.1608.standalonetf)",643
"2015-11-01 00:00:00","first_app:topface AND platform:ok","_exists_:(user_mau.1609.topfacemobappandroid OR user_mau.1609.topfacemobappios OR user_mau.1609.topface OR user_mau.1609.standalonetf)",797
"2015-11-01 00:00:00","first_app:topface AND platform:ok","_exists_:(user_mau.1610.topfacemobappandroid OR user_mau.1610.topfacemobappios OR user_mau.1610.topface OR user_mau.1610.standalonetf)",737
"2015-11-01 00:00:00","first_app:topface AND platform:ok","_exists_:(user_mau.1611.topfacemobappandroid OR user_mau.1611.topfacemobappios OR user_mau.1611.topface OR user_mau.1611.standalonetf)",658
"2015-11-01 00:00:00","first_app:topface AND platform:ok","_exists_:(user_mau.1612.topfacemobappandroid OR user_mau.1612.topfacemobappios OR user_mau.1612.topface OR user_mau.1612.standalonetf)",638
"2015-11-01 00:00:00","first_app:topface AND platform:ok","_exists_:(user_mau.1701.topfacemobappandroid OR user_mau.1701.topfacemobappios OR user_mau.1701.topface OR user_mau.1701.standalonetf)",572
"2015-11-01 00:00:00","first_app:topface AND platform:ok","_exists_:(user_mau.1702.topfacemobappandroid OR user_mau.1702.topfacemobappios OR user_mau.1702.topface OR user_mau.1702.standalonetf)",546
"2015-11-01 00:00:00","first_app:topface AND platform:ok","_exists_:(user_mau.1703.topfacemobappandroid OR user_mau.1703.topfacemobappios OR user_mau.1703.topface OR user_mau.1703.standalonetf)",480
"2015-11-01 00:00:00","first_app:topface AND platform:ok","_exists_:(user_mau.1704.topfacemobappandroid OR user_mau.1704.topfacemobappios OR user_mau.1704.topface OR user_mau.1704.standalonetf)",444
"2015-11-01 00:00:00","first_app:topface AND platform:ok","_exists_:(user_mau.1705.topfacemobappandroid OR user_mau.1705.topfacemobappios OR user_mau.1705.topface OR user_mau.1705.standalonetf)",380
"2015-11-01 00:00:00","first_app:topface AND platform:ok","_exists_:(user_mau.1706.topfacemobappandroid OR user_mau.1706.topfacemobappios OR user_mau.1706.topface OR user_mau.1706.standalonetf)",382
"2015-11-01 00:00:00","first_app:topface AND platform:ok","_exists_:(user_mau.1707.topfacemobappandroid OR user_mau.1707.topfacemobappios OR user_mau.1707.topface OR user_mau.1707.standalonetf)",342
"2015-11-01 00:00:00","first_app:topface AND platform:ok","_exists_:(user_mau.1708.topfacemobappandroid OR user_mau.1708.topfacemobappios OR user_mau.1708.topface OR user_mau.1708.standalonetf)",342
"2015-11-01 00:00:00","first_app:topface AND platform:ok","_exists_:(user_mau.1709.topfacemobappandroid OR user_mau.1709.topfacemobappios OR user_mau.1709.topface OR user_mau.1709.standalonetf)",312
"2015-11-01 00:00:00","first_app:topface AND platform:ok","_exists_:(user_mau.1710.topfacemobappandroid OR user_mau.1710.topfacemobappios OR user_mau.1710.topface OR user_mau.1710.standalonetf)",348
"2015-11-01 00:00:00","first_app:topface AND platform:ok","_exists_:(user_mau.1711.topfacemobappandroid OR user_mau.1711.topfacemobappios OR user_mau.1711.topface OR user_mau.1711.standalonetf)",312
"2015-11-01 00:00:00","first_app:topface AND platform:ok","_exists_:(user_mau.1712.topfacemobappandroid OR user_mau.1712.topfacemobappios OR user_mau.1712.topface OR user_mau.1712.standalonetf)",271
"2015-11-01 00:00:00","first_app:topface AND platform:ok","_exists_:(user_mau.1801.topfacemobappandroid OR user_mau.1801.topfacemobappios OR user_mau.1801.topface OR user_mau.1801.standalonetf)",259
"2015-11-01 00:00:00","first_app:topface AND platform:ok","_exists_:(user_mau.1802.topfacemobappandroid OR user_mau.1802.topfacemobappios OR user_mau.1802.topface OR user_mau.1802.standalonetf)",248
"2015-11-01 00:00:00","first_app:topface AND platform:fb","*","58,855"
"2015-11-01 00:00:00","first_app:topface AND platform:fb","_exists_:(user_mau.1501.topfacemobappandroid OR user_mau.1501.topfacemobappios OR user_mau.1501.topface OR user_mau.1501.standalonetf)",0
"2015-11-01 00:00:00","first_app:topface AND platform:fb","_exists_:(user_mau.1502.topfacemobappandroid OR user_mau.1502.topfacemobappios OR user_mau.1502.topface OR user_mau.1502.standalonetf)",0
"2015-11-01 00:00:00","first_app:topface AND platform:fb","_exists_:(user_mau.1503.topfacemobappandroid OR user_mau.1503.topfacemobappios OR user_mau.1503.topface OR user_mau.1503.standalonetf)",0
"2015-11-01 00:00:00","first_app:topface AND platform:fb","_exists_:(user_mau.1504.topfacemobappandroid OR user_mau.1504.topfacemobappios OR user_mau.1504.topface OR user_mau.1504.standalonetf)",0
"2015-11-01 00:00:00","first_app:topface AND platform:fb","_exists_:(user_mau.1505.topfacemobappandroid OR user_mau.1505.topfacemobappios OR user_mau.1505.topface OR user_mau.1505.standalonetf)",0
"2015-11-01 00:00:00","first_app:topface AND platform:fb","_exists_:(user_mau.1506.topfacemobappandroid OR user_mau.1506.topfacemobappios OR user_mau.1506.topface OR user_mau.1506.standalonetf)",0
"2015-11-01 00:00:00","first_app:topface AND platform:fb","_exists_:(user_mau.1507.topfacemobappandroid OR user_mau.1507.topfacemobappios OR user_mau.1507.topface OR user_mau.1507.standalonetf)",0
"2015-11-01 00:00:00","first_app:topface AND platform:fb","_exists_:(user_mau.1508.topfacemobappandroid OR user_mau.1508.topfacemobappios OR user_mau.1508.topface OR user_mau.1508.standalonetf)",0
"2015-11-01 00:00:00","first_app:topface AND platform:fb","_exists_:(user_mau.1509.topfacemobappandroid OR user_mau.1509.topfacemobappios OR user_mau.1509.topface OR user_mau.1509.standalonetf)",0
"2015-11-01 00:00:00","first_app:topface AND platform:fb","_exists_:(user_mau.1510.topfacemobappandroid OR user_mau.1510.topfacemobappios OR user_mau.1510.topface OR user_mau.1510.standalonetf)",22
"2015-11-01 00:00:00","first_app:topface AND platform:fb","_exists_:(user_mau.1511.topfacemobappandroid OR user_mau.1511.topfacemobappios OR user_mau.1511.topface OR user_mau.1511.standalonetf)","42,250"
"2015-11-01 00:00:00","first_app:topface AND platform:fb","_exists_:(user_mau.1512.topfacemobappandroid OR user_mau.1512.topfacemobappios OR user_mau.1512.topface OR user_mau.1512.standalonetf)","9,920"
"2015-11-01 00:00:00","first_app:topface AND platform:fb","_exists_:(user_mau.1601.topfacemobappandroid OR user_mau.1601.topfacemobappios OR user_mau.1601.topface OR user_mau.1601.standalonetf)","11,672"
"2015-11-01 00:00:00","first_app:topface AND platform:fb","_exists_:(user_mau.1602.topfacemobappandroid OR user_mau.1602.topfacemobappios OR user_mau.1602.topface OR user_mau.1602.standalonetf)","7,865"
"2015-11-01 00:00:00","first_app:topface AND platform:fb","_exists_:(user_mau.1603.topfacemobappandroid OR user_mau.1603.topfacemobappios OR user_mau.1603.topface OR user_mau.1603.standalonetf)","6,625"
"2015-11-01 00:00:00","first_app:topface AND platform:fb","_exists_:(user_mau.1604.topfacemobappandroid OR user_mau.1604.topfacemobappios OR user_mau.1604.topface OR user_mau.1604.standalonetf)","5,330"
"2015-11-01 00:00:00","first_app:topface AND platform:fb","_exists_:(user_mau.1605.topfacemobappandroid OR user_mau.1605.topfacemobappios OR user_mau.1605.topface OR user_mau.1605.standalonetf)","3,850"
"2015-11-01 00:00:00","first_app:topface AND platform:fb","_exists_:(user_mau.1606.topfacemobappandroid OR user_mau.1606.topfacemobappios OR user_mau.1606.topface OR user_mau.1606.standalonetf)","3,182"
"2015-11-01 00:00:00","first_app:topface AND platform:fb","_exists_:(user_mau.1607.topfacemobappandroid OR user_mau.1607.topfacemobappios OR user_mau.1607.topface OR user_mau.1607.standalonetf)","2,835"
"2015-11-01 00:00:00","first_app:topface AND platform:fb","_exists_:(user_mau.1608.topfacemobappandroid OR user_mau.1608.topfacemobappios OR user_mau.1608.topface OR user_mau.1608.standalonetf)","2,523"
"2015-11-01 00:00:00","first_app:topface AND platform:fb","_exists_:(user_mau.1609.topfacemobappandroid OR user_mau.1609.topfacemobappios OR user_mau.1609.topface OR user_mau.1609.standalonetf)","2,224"
"2015-11-01 00:00:00","first_app:topface AND platform:fb","_exists_:(user_mau.1610.topfacemobappandroid OR user_mau.1610.topfacemobappios OR user_mau.1610.topface OR user_mau.1610.standalonetf)","2,094"
"2015-11-01 00:00:00","first_app:topface AND platform:fb","_exists_:(user_mau.1611.topfacemobappandroid OR user_mau.1611.topfacemobappios OR user_mau.1611.topface OR user_mau.1611.standalonetf)","1,805"
"2015-11-01 00:00:00","first_app:topface AND platform:fb","_exists_:(user_mau.1612.topfacemobappandroid OR user_mau.1612.topfacemobappios OR user_mau.1612.topface OR user_mau.1612.standalonetf)","1,483"
"2015-11-01 00:00:00","first_app:topface AND platform:fb","_exists_:(user_mau.1701.topfacemobappandroid OR user_mau.1701.topfacemobappios OR user_mau.1701.topface OR user_mau.1701.standalonetf)","1,244"
"2015-11-01 00:00:00","first_app:topface AND platform:fb","_exists_:(user_mau.1702.topfacemobappandroid OR user_mau.1702.topfacemobappios OR user_mau.1702.topface OR user_mau.1702.standalonetf)","2,440"
"2015-11-01 00:00:00","first_app:topface AND platform:fb","_exists_:(user_mau.1703.topfacemobappandroid OR user_mau.1703.topfacemobappios OR user_mau.1703.topface OR user_mau.1703.standalonetf)","1,270"
"2015-11-01 00:00:00","first_app:topface AND platform:fb","_exists_:(user_mau.1704.topfacemobappandroid OR user_mau.1704.topfacemobappios OR user_mau.1704.topface OR user_mau.1704.standalonetf)","1,182"
"2015-11-01 00:00:00","first_app:topface AND platform:fb","_exists_:(user_mau.1705.topfacemobappandroid OR user_mau.1705.topfacemobappios OR user_mau.1705.topface OR user_mau.1705.standalonetf)","2,054"
"2015-11-01 00:00:00","first_app:topface AND platform:fb","_exists_:(user_mau.1706.topfacemobappandroid OR user_mau.1706.topfacemobappios OR user_mau.1706.topface OR user_mau.1706.standalonetf)","1,694"
"2015-11-01 00:00:00","first_app:topface AND platform:fb","_exists_:(user_mau.1707.topfacemobappandroid OR user_mau.1707.topfacemobappios OR user_mau.1707.topface OR user_mau.1707.standalonetf)","1,694"
"2015-11-01 00:00:00","first_app:topface AND platform:fb","_exists_:(user_mau.1708.topfacemobappandroid OR user_mau.1708.topfacemobappios OR user_mau.1708.topface OR user_mau.1708.standalonetf)","1,660"
"2015-11-01 00:00:00","first_app:topface AND platform:fb","_exists_:(user_mau.1709.topfacemobappandroid OR user_mau.1709.topfacemobappios OR user_mau.1709.topface OR user_mau.1709.standalonetf)","1,860"
"2015-11-01 00:00:00","first_app:topface AND platform:fb","_exists_:(user_mau.1710.topfacemobappandroid OR user_mau.1710.topfacemobappios OR user_mau.1710.topface OR user_mau.1710.standalonetf)","1,257"
"2015-11-01 00:00:00","first_app:topface AND platform:fb","_exists_:(user_mau.1711.topfacemobappandroid OR user_mau.1711.topfacemobappios OR user_mau.1711.topface OR user_mau.1711.standalonetf)","1,817"
"2015-11-01 00:00:00","first_app:topface AND platform:fb","_exists_:(user_mau.1712.topfacemobappandroid OR user_mau.1712.topfacemobappios OR user_mau.1712.topface OR user_mau.1712.standalonetf)","1,249"
"2015-11-01 00:00:00","first_app:topface AND platform:fb","_exists_:(user_mau.1801.topfacemobappandroid OR user_mau.1801.topfacemobappios OR user_mau.1801.topface OR user_mau.1801.standalonetf)",992
"2015-11-01 00:00:00","first_app:topface AND platform:fb","_exists_:(user_mau.1802.topfacemobappandroid OR user_mau.1802.topfacemobappios OR user_mau.1802.topface OR user_mau.1802.standalonetf)",932
"2015-12-01 00:00:00","first_app:topfacemobappandroid","*","37,692"
"2015-12-01 00:00:00","first_app:topfacemobappandroid","_exists_:(user_mau.1501.topfacemobappandroid OR user_mau.1501.topfacemobappios OR user_mau.1501.topface OR user_mau.1501.standalonetf)",0
"2015-12-01 00:00:00","first_app:topfacemobappandroid","_exists_:(user_mau.1502.topfacemobappandroid OR user_mau.1502.topfacemobappios OR user_mau.1502.topface OR user_mau.1502.standalonetf)",0
"2015-12-01 00:00:00","first_app:topfacemobappandroid","_exists_:(user_mau.1503.topfacemobappandroid OR user_mau.1503.topfacemobappios OR user_mau.1503.topface OR user_mau.1503.standalonetf)",0
"2015-12-01 00:00:00","first_app:topfacemobappandroid","_exists_:(user_mau.1504.topfacemobappandroid OR user_mau.1504.topfacemobappios OR user_mau.1504.topface OR user_mau.1504.standalonetf)",0
"2015-12-01 00:00:00","first_app:topfacemobappandroid","_exists_:(user_mau.1505.topfacemobappandroid OR user_mau.1505.topfacemobappios OR user_mau.1505.topface OR user_mau.1505.standalonetf)",0
"2015-12-01 00:00:00","first_app:topfacemobappandroid","_exists_:(user_mau.1506.topfacemobappandroid OR user_mau.1506.topfacemobappios OR user_mau.1506.topface OR user_mau.1506.standalonetf)",0
"2015-12-01 00:00:00","first_app:topfacemobappandroid","_exists_:(user_mau.1507.topfacemobappandroid OR user_mau.1507.topfacemobappios OR user_mau.1507.topface OR user_mau.1507.standalonetf)",0
"2015-12-01 00:00:00","first_app:topfacemobappandroid","_exists_:(user_mau.1508.topfacemobappandroid OR user_mau.1508.topfacemobappios OR user_mau.1508.topface OR user_mau.1508.standalonetf)",0
"2015-12-01 00:00:00","first_app:topfacemobappandroid","_exists_:(user_mau.1509.topfacemobappandroid OR user_mau.1509.topfacemobappios OR user_mau.1509.topface OR user_mau.1509.standalonetf)",0
"2015-12-01 00:00:00","first_app:topfacemobappandroid","_exists_:(user_mau.1510.topfacemobappandroid OR user_mau.1510.topfacemobappios OR user_mau.1510.topface OR user_mau.1510.standalonetf)",0
"2015-12-01 00:00:00","first_app:topfacemobappandroid","_exists_:(user_mau.1511.topfacemobappandroid OR user_mau.1511.topfacemobappios OR user_mau.1511.topface OR user_mau.1511.standalonetf)",131
"2015-12-01 00:00:00","first_app:topfacemobappandroid","_exists_:(user_mau.1512.topfacemobappandroid OR user_mau.1512.topfacemobappios OR user_mau.1512.topface OR user_mau.1512.standalonetf)","24,122"
"2015-12-01 00:00:00","first_app:topfacemobappandroid","_exists_:(user_mau.1601.topfacemobappandroid OR user_mau.1601.topfacemobappios OR user_mau.1601.topface OR user_mau.1601.standalonetf)","11,825"
"2015-12-01 00:00:00","first_app:topfacemobappandroid","_exists_:(user_mau.1602.topfacemobappandroid OR user_mau.1602.topfacemobappios OR user_mau.1602.topface OR user_mau.1602.standalonetf)","5,610"
"2015-12-01 00:00:00","first_app:topfacemobappandroid","_exists_:(user_mau.1603.topfacemobappandroid OR user_mau.1603.topfacemobappios OR user_mau.1603.topface OR user_mau.1603.standalonetf)","2,972"
"2015-12-01 00:00:00","first_app:topfacemobappandroid","_exists_:(user_mau.1604.topfacemobappandroid OR user_mau.1604.topfacemobappios OR user_mau.1604.topface OR user_mau.1604.standalonetf)","2,010"
"2015-12-01 00:00:00","first_app:topfacemobappandroid","_exists_:(user_mau.1605.topfacemobappandroid OR user_mau.1605.topfacemobappios OR user_mau.1605.topface OR user_mau.1605.standalonetf)","1,633"
"2015-12-01 00:00:00","first_app:topfacemobappandroid","_exists_:(user_mau.1606.topfacemobappandroid OR user_mau.1606.topfacemobappios OR user_mau.1606.topface OR user_mau.1606.standalonetf)","1,557"
"2015-12-01 00:00:00","first_app:topfacemobappandroid","_exists_:(user_mau.1607.topfacemobappandroid OR user_mau.1607.topfacemobappios OR user_mau.1607.topface OR user_mau.1607.standalonetf)","1,263"
"2015-12-01 00:00:00","first_app:topfacemobappandroid","_exists_:(user_mau.1608.topfacemobappandroid OR user_mau.1608.topfacemobappios OR user_mau.1608.topface OR user_mau.1608.standalonetf)","1,086"
"2015-12-01 00:00:00","first_app:topfacemobappandroid","_exists_:(user_mau.1609.topfacemobappandroid OR user_mau.1609.topfacemobappios OR user_mau.1609.topface OR user_mau.1609.standalonetf)",917
"2015-12-01 00:00:00","first_app:topfacemobappandroid","_exists_:(user_mau.1610.topfacemobappandroid OR user_mau.1610.topfacemobappios OR user_mau.1610.topface OR user_mau.1610.standalonetf)",857
"2015-12-01 00:00:00","first_app:topfacemobappandroid","_exists_:(user_mau.1611.topfacemobappandroid OR user_mau.1611.topfacemobappios OR user_mau.1611.topface OR user_mau.1611.standalonetf)",726
"2015-12-01 00:00:00","first_app:topfacemobappandroid","_exists_:(user_mau.1612.topfacemobappandroid OR user_mau.1612.topfacemobappios OR user_mau.1612.topface OR user_mau.1612.standalonetf)",707
"2015-12-01 00:00:00","first_app:topfacemobappandroid","_exists_:(user_mau.1701.topfacemobappandroid OR user_mau.1701.topfacemobappios OR user_mau.1701.topface OR user_mau.1701.standalonetf)",671
"2015-12-01 00:00:00","first_app:topfacemobappandroid","_exists_:(user_mau.1702.topfacemobappandroid OR user_mau.1702.topfacemobappios OR user_mau.1702.topface OR user_mau.1702.standalonetf)",639
"2015-12-01 00:00:00","first_app:topfacemobappandroid","_exists_:(user_mau.1703.topfacemobappandroid OR user_mau.1703.topfacemobappios OR user_mau.1703.topface OR user_mau.1703.standalonetf)",534
"2015-12-01 00:00:00","first_app:topfacemobappandroid","_exists_:(user_mau.1704.topfacemobappandroid OR user_mau.1704.topfacemobappios OR user_mau.1704.topface OR user_mau.1704.standalonetf)",883
"2015-12-01 00:00:00","first_app:topfacemobappandroid","_exists_:(user_mau.1705.topfacemobappandroid OR user_mau.1705.topfacemobappios OR user_mau.1705.topface OR user_mau.1705.standalonetf)",657
"2015-12-01 00:00:00","first_app:topfacemobappandroid","_exists_:(user_mau.1706.topfacemobappandroid OR user_mau.1706.topfacemobappios OR user_mau.1706.topface OR user_mau.1706.standalonetf)",540
"2015-12-01 00:00:00","first_app:topfacemobappandroid","_exists_:(user_mau.1707.topfacemobappandroid OR user_mau.1707.topfacemobappios OR user_mau.1707.topface OR user_mau.1707.standalonetf)",493
"2015-12-01 00:00:00","first_app:topfacemobappandroid","_exists_:(user_mau.1708.topfacemobappandroid OR user_mau.1708.topfacemobappios OR user_mau.1708.topface OR user_mau.1708.standalonetf)",679
"2015-12-01 00:00:00","first_app:topfacemobappandroid","_exists_:(user_mau.1709.topfacemobappandroid OR user_mau.1709.topfacemobappios OR user_mau.1709.topface OR user_mau.1709.standalonetf)",659
"2015-12-01 00:00:00","first_app:topfacemobappandroid","_exists_:(user_mau.1710.topfacemobappandroid OR user_mau.1710.topfacemobappios OR user_mau.1710.topface OR user_mau.1710.standalonetf)",626
"2015-12-01 00:00:00","first_app:topfacemobappandroid","_exists_:(user_mau.1711.topfacemobappandroid OR user_mau.1711.topfacemobappios OR user_mau.1711.topface OR user_mau.1711.standalonetf)",574
"2015-12-01 00:00:00","first_app:topfacemobappandroid","_exists_:(user_mau.1712.topfacemobappandroid OR user_mau.1712.topfacemobappios OR user_mau.1712.topface OR user_mau.1712.standalonetf)",458
"2015-12-01 00:00:00","first_app:topfacemobappandroid","_exists_:(user_mau.1801.topfacemobappandroid OR user_mau.1801.topfacemobappios OR user_mau.1801.topface OR user_mau.1801.standalonetf)",388
"2015-12-01 00:00:00","first_app:topfacemobappandroid","_exists_:(user_mau.1802.topfacemobappandroid OR user_mau.1802.topfacemobappios OR user_mau.1802.topface OR user_mau.1802.standalonetf)",297
"2015-12-01 00:00:00","first_app:topfacemobappios","*","11,002"
"2015-12-01 00:00:00","first_app:topfacemobappios","_exists_:(user_mau.1501.topfacemobappandroid OR user_mau.1501.topfacemobappios OR user_mau.1501.topface OR user_mau.1501.standalonetf)",0
"2015-12-01 00:00:00","first_app:topfacemobappios","_exists_:(user_mau.1502.topfacemobappandroid OR user_mau.1502.topfacemobappios OR user_mau.1502.topface OR user_mau.1502.standalonetf)",0
"2015-12-01 00:00:00","first_app:topfacemobappios","_exists_:(user_mau.1503.topfacemobappandroid OR user_mau.1503.topfacemobappios OR user_mau.1503.topface OR user_mau.1503.standalonetf)",0
"2015-12-01 00:00:00","first_app:topfacemobappios","_exists_:(user_mau.1504.topfacemobappandroid OR user_mau.1504.topfacemobappios OR user_mau.1504.topface OR user_mau.1504.standalonetf)",0
"2015-12-01 00:00:00","first_app:topfacemobappios","_exists_:(user_mau.1505.topfacemobappandroid OR user_mau.1505.topfacemobappios OR user_mau.1505.topface OR user_mau.1505.standalonetf)",0
"2015-12-01 00:00:00","first_app:topfacemobappios","_exists_:(user_mau.1506.topfacemobappandroid OR user_mau.1506.topfacemobappios OR user_mau.1506.topface OR user_mau.1506.standalonetf)",0
"2015-12-01 00:00:00","first_app:topfacemobappios","_exists_:(user_mau.1507.topfacemobappandroid OR user_mau.1507.topfacemobappios OR user_mau.1507.topface OR user_mau.1507.standalonetf)",0
"2015-12-01 00:00:00","first_app:topfacemobappios","_exists_:(user_mau.1508.topfacemobappandroid OR user_mau.1508.topfacemobappios OR user_mau.1508.topface OR user_mau.1508.standalonetf)",0
"2015-12-01 00:00:00","first_app:topfacemobappios","_exists_:(user_mau.1509.topfacemobappandroid OR user_mau.1509.topfacemobappios OR user_mau.1509.topface OR user_mau.1509.standalonetf)",0
"2015-12-01 00:00:00","first_app:topfacemobappios","_exists_:(user_mau.1510.topfacemobappandroid OR user_mau.1510.topfacemobappios OR user_mau.1510.topface OR user_mau.1510.standalonetf)",0
"2015-12-01 00:00:00","first_app:topfacemobappios","_exists_:(user_mau.1511.topfacemobappandroid OR user_mau.1511.topfacemobappios OR user_mau.1511.topface OR user_mau.1511.standalonetf)",24
"2015-12-01 00:00:00","first_app:topfacemobappios","_exists_:(user_mau.1512.topfacemobappandroid OR user_mau.1512.topfacemobappios OR user_mau.1512.topface OR user_mau.1512.standalonetf)","7,328"
"2015-12-01 00:00:00","first_app:topfacemobappios","_exists_:(user_mau.1601.topfacemobappandroid OR user_mau.1601.topfacemobappios OR user_mau.1601.topface OR user_mau.1601.standalonetf)","3,077"
"2015-12-01 00:00:00","first_app:topfacemobappios","_exists_:(user_mau.1602.topfacemobappandroid OR user_mau.1602.topfacemobappios OR user_mau.1602.topface OR user_mau.1602.standalonetf)","1,463"
"2015-12-01 00:00:00","first_app:topfacemobappios","_exists_:(user_mau.1603.topfacemobappandroid OR user_mau.1603.topfacemobappios OR user_mau.1603.topface OR user_mau.1603.standalonetf)",949
"2015-12-01 00:00:00","first_app:topfacemobappios","_exists_:(user_mau.1604.topfacemobappandroid OR user_mau.1604.topfacemobappios OR user_mau.1604.topface OR user_mau.1604.standalonetf)",692
"2015-12-01 00:00:00","first_app:topfacemobappios","_exists_:(user_mau.1605.topfacemobappandroid OR user_mau.1605.topfacemobappios OR user_mau.1605.topface OR user_mau.1605.standalonetf)",508
"2015-12-01 00:00:00","first_app:topfacemobappios","_exists_:(user_mau.1606.topfacemobappandroid OR user_mau.1606.topfacemobappios OR user_mau.1606.topface OR user_mau.1606.standalonetf)",481
"2015-12-01 00:00:00","first_app:topfacemobappios","_exists_:(user_mau.1607.topfacemobappandroid OR user_mau.1607.topfacemobappios OR user_mau.1607.topface OR user_mau.1607.standalonetf)",396
"2015-12-01 00:00:00","first_app:topfacemobappios","_exists_:(user_mau.1608.topfacemobappandroid OR user_mau.1608.topfacemobappios OR user_mau.1608.topface OR user_mau.1608.standalonetf)",271
"2015-12-01 00:00:00","first_app:topfacemobappios","_exists_:(user_mau.1609.topfacemobappandroid OR user_mau.1609.topfacemobappios OR user_mau.1609.topface OR user_mau.1609.standalonetf)",231
"2015-12-01 00:00:00","first_app:topfacemobappios","_exists_:(user_mau.1610.topfacemobappandroid OR user_mau.1610.topfacemobappios OR user_mau.1610.topface OR user_mau.1610.standalonetf)",234
"2015-12-01 00:00:00","first_app:topfacemobappios","_exists_:(user_mau.1611.topfacemobappandroid OR user_mau.1611.topfacemobappios OR user_mau.1611.topface OR user_mau.1611.standalonetf)",221
"2015-12-01 00:00:00","first_app:topfacemobappios","_exists_:(user_mau.1612.topfacemobappandroid OR user_mau.1612.topfacemobappios OR user_mau.1612.topface OR user_mau.1612.standalonetf)",226
"2015-12-01 00:00:00","first_app:topfacemobappios","_exists_:(user_mau.1701.topfacemobappandroid OR user_mau.1701.topfacemobappios OR user_mau.1701.topface OR user_mau.1701.standalonetf)",198
"2015-12-01 00:00:00","first_app:topfacemobappios","_exists_:(user_mau.1702.topfacemobappandroid OR user_mau.1702.topfacemobappios OR user_mau.1702.topface OR user_mau.1702.standalonetf)",160
"2015-12-01 00:00:00","first_app:topfacemobappios","_exists_:(user_mau.1703.topfacemobappandroid OR user_mau.1703.topfacemobappios OR user_mau.1703.topface OR user_mau.1703.standalonetf)",143
"2015-12-01 00:00:00","first_app:topfacemobappios","_exists_:(user_mau.1704.topfacemobappandroid OR user_mau.1704.topfacemobappios OR user_mau.1704.topface OR user_mau.1704.standalonetf)",148
"2015-12-01 00:00:00","first_app:topfacemobappios","_exists_:(user_mau.1705.topfacemobappandroid OR user_mau.1705.topfacemobappios OR user_mau.1705.topface OR user_mau.1705.standalonetf)",158
"2015-12-01 00:00:00","first_app:topfacemobappios","_exists_:(user_mau.1706.topfacemobappandroid OR user_mau.1706.topfacemobappios OR user_mau.1706.topface OR user_mau.1706.standalonetf)",138
"2015-12-01 00:00:00","first_app:topfacemobappios","_exists_:(user_mau.1707.topfacemobappandroid OR user_mau.1707.topfacemobappios OR user_mau.1707.topface OR user_mau.1707.standalonetf)",128
"2015-12-01 00:00:00","first_app:topfacemobappios","_exists_:(user_mau.1708.topfacemobappandroid OR user_mau.1708.topfacemobappios OR user_mau.1708.topface OR user_mau.1708.standalonetf)",157
"2015-12-01 00:00:00","first_app:topfacemobappios","_exists_:(user_mau.1709.topfacemobappandroid OR user_mau.1709.topfacemobappios OR user_mau.1709.topface OR user_mau.1709.standalonetf)",142
"2015-12-01 00:00:00","first_app:topfacemobappios","_exists_:(user_mau.1710.topfacemobappandroid OR user_mau.1710.topfacemobappios OR user_mau.1710.topface OR user_mau.1710.standalonetf)",159
"2015-12-01 00:00:00","first_app:topfacemobappios","_exists_:(user_mau.1711.topfacemobappandroid OR user_mau.1711.topfacemobappios OR user_mau.1711.topface OR user_mau.1711.standalonetf)",139
"2015-12-01 00:00:00","first_app:topfacemobappios","_exists_:(user_mau.1712.topfacemobappandroid OR user_mau.1712.topfacemobappios OR user_mau.1712.topface OR user_mau.1712.standalonetf)",184
"2015-12-01 00:00:00","first_app:topfacemobappios","_exists_:(user_mau.1801.topfacemobappandroid OR user_mau.1801.topfacemobappios OR user_mau.1801.topface OR user_mau.1801.standalonetf)",164
"2015-12-01 00:00:00","first_app:topfacemobappios","_exists_:(user_mau.1802.topfacemobappandroid OR user_mau.1802.topfacemobappios OR user_mau.1802.topface OR user_mau.1802.standalonetf)",120
"2015-12-01 00:00:00","first_app:standalonetf","*","21,494"
"2015-12-01 00:00:00","first_app:standalonetf","_exists_:(user_mau.1501.topfacemobappandroid OR user_mau.1501.topfacemobappios OR user_mau.1501.topface OR user_mau.1501.standalonetf)",0
"2015-12-01 00:00:00","first_app:standalonetf","_exists_:(user_mau.1502.topfacemobappandroid OR user_mau.1502.topfacemobappios OR user_mau.1502.topface OR user_mau.1502.standalonetf)",0
"2015-12-01 00:00:00","first_app:standalonetf","_exists_:(user_mau.1503.topfacemobappandroid OR user_mau.1503.topfacemobappios OR user_mau.1503.topface OR user_mau.1503.standalonetf)",0
"2015-12-01 00:00:00","first_app:standalonetf","_exists_:(user_mau.1504.topfacemobappandroid OR user_mau.1504.topfacemobappios OR user_mau.1504.topface OR user_mau.1504.standalonetf)",0
"2015-12-01 00:00:00","first_app:standalonetf","_exists_:(user_mau.1505.topfacemobappandroid OR user_mau.1505.topfacemobappios OR user_mau.1505.topface OR user_mau.1505.standalonetf)",0
"2015-12-01 00:00:00","first_app:standalonetf","_exists_:(user_mau.1506.topfacemobappandroid OR user_mau.1506.topfacemobappios OR user_mau.1506.topface OR user_mau.1506.standalonetf)",0
"2015-12-01 00:00:00","first_app:standalonetf","_exists_:(user_mau.1507.topfacemobappandroid OR user_mau.1507.topfacemobappios OR user_mau.1507.topface OR user_mau.1507.standalonetf)",0
"2015-12-01 00:00:00","first_app:standalonetf","_exists_:(user_mau.1508.topfacemobappandroid OR user_mau.1508.topfacemobappios OR user_mau.1508.topface OR user_mau.1508.standalonetf)",0
"2015-12-01 00:00:00","first_app:standalonetf","_exists_:(user_mau.1509.topfacemobappandroid OR user_mau.1509.topfacemobappios OR user_mau.1509.topface OR user_mau.1509.standalonetf)",0
"2015-12-01 00:00:00","first_app:standalonetf","_exists_:(user_mau.1510.topfacemobappandroid OR user_mau.1510.topfacemobappios OR user_mau.1510.topface OR user_mau.1510.standalonetf)",0
"2015-12-01 00:00:00","first_app:standalonetf","_exists_:(user_mau.1511.topfacemobappandroid OR user_mau.1511.topfacemobappios OR user_mau.1511.topface OR user_mau.1511.standalonetf)",31
"2015-12-01 00:00:00","first_app:standalonetf","_exists_:(user_mau.1512.topfacemobappandroid OR user_mau.1512.topfacemobappios OR user_mau.1512.topface OR user_mau.1512.standalonetf)","9,851"
"2015-12-01 00:00:00","first_app:standalonetf","_exists_:(user_mau.1601.topfacemobappandroid OR user_mau.1601.topfacemobappios OR user_mau.1601.topface OR user_mau.1601.standalonetf)","5,847"
"2015-12-01 00:00:00","first_app:standalonetf","_exists_:(user_mau.1602.topfacemobappandroid OR user_mau.1602.topfacemobappios OR user_mau.1602.topface OR user_mau.1602.standalonetf)","3,530"
"2015-12-01 00:00:00","first_app:standalonetf","_exists_:(user_mau.1603.topfacemobappandroid OR user_mau.1603.topfacemobappios OR user_mau.1603.topface OR user_mau.1603.standalonetf)","2,590"
"2015-12-01 00:00:00","first_app:standalonetf","_exists_:(user_mau.1604.topfacemobappandroid OR user_mau.1604.topfacemobappios OR user_mau.1604.topface OR user_mau.1604.standalonetf)","2,104"
"2015-12-01 00:00:00","first_app:standalonetf","_exists_:(user_mau.1605.topfacemobappandroid OR user_mau.1605.topfacemobappios OR user_mau.1605.topface OR user_mau.1605.standalonetf)","1,800"
"2015-12-01 00:00:00","first_app:standalonetf","_exists_:(user_mau.1606.topfacemobappandroid OR user_mau.1606.topfacemobappios OR user_mau.1606.topface OR user_mau.1606.standalonetf)","1,561"
"2015-12-01 00:00:00","first_app:standalonetf","_exists_:(user_mau.1607.topfacemobappandroid OR user_mau.1607.topfacemobappios OR user_mau.1607.topface OR user_mau.1607.standalonetf)","1,419"
"2015-12-01 00:00:00","first_app:standalonetf","_exists_:(user_mau.1608.topfacemobappandroid OR user_mau.1608.topfacemobappios OR user_mau.1608.topface OR user_mau.1608.standalonetf)","1,277"
"2015-12-01 00:00:00","first_app:standalonetf","_exists_:(user_mau.1609.topfacemobappandroid OR user_mau.1609.topfacemobappios OR user_mau.1609.topface OR user_mau.1609.standalonetf)","1,156"
"2015-12-01 00:00:00","first_app:standalonetf","_exists_:(user_mau.1610.topfacemobappandroid OR user_mau.1610.topfacemobappios OR user_mau.1610.topface OR user_mau.1610.standalonetf)","1,062"
"2015-12-01 00:00:00","first_app:standalonetf","_exists_:(user_mau.1611.topfacemobappandroid OR user_mau.1611.topfacemobappios OR user_mau.1611.topface OR user_mau.1611.standalonetf)",995
"2015-12-01 00:00:00","first_app:standalonetf","_exists_:(user_mau.1612.topfacemobappandroid OR user_mau.1612.topfacemobappios OR user_mau.1612.topface OR user_mau.1612.standalonetf)",910
"2015-12-01 00:00:00","first_app:standalonetf","_exists_:(user_mau.1701.topfacemobappandroid OR user_mau.1701.topfacemobappios OR user_mau.1701.topface OR user_mau.1701.standalonetf)",829
"2015-12-01 00:00:00","first_app:standalonetf","_exists_:(user_mau.1702.topfacemobappandroid OR user_mau.1702.topfacemobappios OR user_mau.1702.topface OR user_mau.1702.standalonetf)",752
"2015-12-01 00:00:00","first_app:standalonetf","_exists_:(user_mau.1703.topfacemobappandroid OR user_mau.1703.topfacemobappios OR user_mau.1703.topface OR user_mau.1703.standalonetf)",673
"2015-12-01 00:00:00","first_app:standalonetf","_exists_:(user_mau.1704.topfacemobappandroid OR user_mau.1704.topfacemobappios OR user_mau.1704.topface OR user_mau.1704.standalonetf)",608
"2015-12-01 00:00:00","first_app:standalonetf","_exists_:(user_mau.1705.topfacemobappandroid OR user_mau.1705.topfacemobappios OR user_mau.1705.topface OR user_mau.1705.standalonetf)",555
"2015-12-01 00:00:00","first_app:standalonetf","_exists_:(user_mau.1706.topfacemobappandroid OR user_mau.1706.topfacemobappios OR user_mau.1706.topface OR user_mau.1706.standalonetf)",469
"2015-12-01 00:00:00","first_app:standalonetf","_exists_:(user_mau.1707.topfacemobappandroid OR user_mau.1707.topfacemobappios OR user_mau.1707.topface OR user_mau.1707.standalonetf)",455
"2015-12-01 00:00:00","first_app:standalonetf","_exists_:(user_mau.1708.topfacemobappandroid OR user_mau.1708.topfacemobappios OR user_mau.1708.topface OR user_mau.1708.standalonetf)",413
"2015-12-01 00:00:00","first_app:standalonetf","_exists_:(user_mau.1709.topfacemobappandroid OR user_mau.1709.topfacemobappios OR user_mau.1709.topface OR user_mau.1709.standalonetf)",425
"2015-12-01 00:00:00","first_app:standalonetf","_exists_:(user_mau.1710.topfacemobappandroid OR user_mau.1710.topfacemobappios OR user_mau.1710.topface OR user_mau.1710.standalonetf)",402
"2015-12-01 00:00:00","first_app:standalonetf","_exists_:(user_mau.1711.topfacemobappandroid OR user_mau.1711.topfacemobappios OR user_mau.1711.topface OR user_mau.1711.standalonetf)",375
"2015-12-01 00:00:00","first_app:standalonetf","_exists_:(user_mau.1712.topfacemobappandroid OR user_mau.1712.topfacemobappios OR user_mau.1712.topface OR user_mau.1712.standalonetf)",337
"2015-12-01 00:00:00","first_app:standalonetf","_exists_:(user_mau.1801.topfacemobappandroid OR user_mau.1801.topfacemobappios OR user_mau.1801.topface OR user_mau.1801.standalonetf)",337
"2015-12-01 00:00:00","first_app:standalonetf","_exists_:(user_mau.1802.topfacemobappandroid OR user_mau.1802.topfacemobappios OR user_mau.1802.topface OR user_mau.1802.standalonetf)",289
"2015-12-01 00:00:00","first_app:topface AND platform:vk","*","14,559"
"2015-12-01 00:00:00","first_app:topface AND platform:vk","_exists_:(user_mau.1501.topfacemobappandroid OR user_mau.1501.topfacemobappios OR user_mau.1501.topface OR user_mau.1501.standalonetf)",0
"2015-12-01 00:00:00","first_app:topface AND platform:vk","_exists_:(user_mau.1502.topfacemobappandroid OR user_mau.1502.topfacemobappios OR user_mau.1502.topface OR user_mau.1502.standalonetf)",0
"2015-12-01 00:00:00","first_app:topface AND platform:vk","_exists_:(user_mau.1503.topfacemobappandroid OR user_mau.1503.topfacemobappios OR user_mau.1503.topface OR user_mau.1503.standalonetf)",0
"2015-12-01 00:00:00","first_app:topface AND platform:vk","_exists_:(user_mau.1504.topfacemobappandroid OR user_mau.1504.topfacemobappios OR user_mau.1504.topface OR user_mau.1504.standalonetf)",0
"2015-12-01 00:00:00","first_app:topface AND platform:vk","_exists_:(user_mau.1505.topfacemobappandroid OR user_mau.1505.topfacemobappios OR user_mau.1505.topface OR user_mau.1505.standalonetf)",0
"2015-12-01 00:00:00","first_app:topface AND platform:vk","_exists_:(user_mau.1506.topfacemobappandroid OR user_mau.1506.topfacemobappios OR user_mau.1506.topface OR user_mau.1506.standalonetf)",0
"2015-12-01 00:00:00","first_app:topface AND platform:vk","_exists_:(user_mau.1507.topfacemobappandroid OR user_mau.1507.topfacemobappios OR user_mau.1507.topface OR user_mau.1507.standalonetf)",0
"2015-12-01 00:00:00","first_app:topface AND platform:vk","_exists_:(user_mau.1508.topfacemobappandroid OR user_mau.1508.topfacemobappios OR user_mau.1508.topface OR user_mau.1508.standalonetf)",0
"2015-12-01 00:00:00","first_app:topface AND platform:vk","_exists_:(user_mau.1509.topfacemobappandroid OR user_mau.1509.topfacemobappios OR user_mau.1509.topface OR user_mau.1509.standalonetf)",0
"2015-12-01 00:00:00","first_app:topface AND platform:vk","_exists_:(user_mau.1510.topfacemobappandroid OR user_mau.1510.topfacemobappios OR user_mau.1510.topface OR user_mau.1510.standalonetf)",0
"2015-12-01 00:00:00","first_app:topface AND platform:vk","_exists_:(user_mau.1511.topfacemobappandroid OR user_mau.1511.topfacemobappios OR user_mau.1511.topface OR user_mau.1511.standalonetf)",31
"2015-12-01 00:00:00","first_app:topface AND platform:vk","_exists_:(user_mau.1512.topfacemobappandroid OR user_mau.1512.topfacemobappios OR user_mau.1512.topface OR user_mau.1512.standalonetf)","7,315"
"2015-12-01 00:00:00","first_app:topface AND platform:vk","_exists_:(user_mau.1601.topfacemobappandroid OR user_mau.1601.topfacemobappios OR user_mau.1601.topface OR user_mau.1601.standalonetf)","5,303"
"2015-12-01 00:00:00","first_app:topface AND platform:vk","_exists_:(user_mau.1602.topfacemobappandroid OR user_mau.1602.topfacemobappios OR user_mau.1602.topface OR user_mau.1602.standalonetf)","3,585"
"2015-12-01 00:00:00","first_app:topface AND platform:vk","_exists_:(user_mau.1603.topfacemobappandroid OR user_mau.1603.topfacemobappios OR user_mau.1603.topface OR user_mau.1603.standalonetf)","3,179"
"2015-12-01 00:00:00","first_app:topface AND platform:vk","_exists_:(user_mau.1604.topfacemobappandroid OR user_mau.1604.topfacemobappios OR user_mau.1604.topface OR user_mau.1604.standalonetf)","2,290"
"2015-12-01 00:00:00","first_app:topface AND platform:vk","_exists_:(user_mau.1605.topfacemobappandroid OR user_mau.1605.topfacemobappios OR user_mau.1605.topface OR user_mau.1605.standalonetf)","1,938"
"2015-12-01 00:00:00","first_app:topface AND platform:vk","_exists_:(user_mau.1606.topfacemobappandroid OR user_mau.1606.topfacemobappios OR user_mau.1606.topface OR user_mau.1606.standalonetf)","1,650"
"2015-12-01 00:00:00","first_app:topface AND platform:vk","_exists_:(user_mau.1607.topfacemobappandroid OR user_mau.1607.topfacemobappios OR user_mau.1607.topface OR user_mau.1607.standalonetf)","1,513"
"2015-12-01 00:00:00","first_app:topface AND platform:vk","_exists_:(user_mau.1608.topfacemobappandroid OR user_mau.1608.topfacemobappios OR user_mau.1608.topface OR user_mau.1608.standalonetf)","1,394"
"2015-12-01 00:00:00","first_app:topface AND platform:vk","_exists_:(user_mau.1609.topfacemobappandroid OR user_mau.1609.topfacemobappios OR user_mau.1609.topface OR user_mau.1609.standalonetf)","1,255"
"2015-12-01 00:00:00","first_app:topface AND platform:vk","_exists_:(user_mau.1610.topfacemobappandroid OR user_mau.1610.topfacemobappios OR user_mau.1610.topface OR user_mau.1610.standalonetf)","1,173"
"2015-12-01 00:00:00","first_app:topface AND platform:vk","_exists_:(user_mau.1611.topfacemobappandroid OR user_mau.1611.topfacemobappios OR user_mau.1611.topface OR user_mau.1611.standalonetf)",854
"2015-12-01 00:00:00","first_app:topface AND platform:vk","_exists_:(user_mau.1612.topfacemobappandroid OR user_mau.1612.topfacemobappios OR user_mau.1612.topface OR user_mau.1612.standalonetf)",832
"2015-12-01 00:00:00","first_app:topface AND platform:vk","_exists_:(user_mau.1701.topfacemobappandroid OR user_mau.1701.topfacemobappios OR user_mau.1701.topface OR user_mau.1701.standalonetf)",809
"2015-12-01 00:00:00","first_app:topface AND platform:vk","_exists_:(user_mau.1702.topfacemobappandroid OR user_mau.1702.topfacemobappios OR user_mau.1702.topface OR user_mau.1702.standalonetf)",720
"2015-12-01 00:00:00","first_app:topface AND platform:vk","_exists_:(user_mau.1703.topfacemobappandroid OR user_mau.1703.topfacemobappios OR user_mau.1703.topface OR user_mau.1703.standalonetf)",703
"2015-12-01 00:00:00","first_app:topface AND platform:vk","_exists_:(user_mau.1704.topfacemobappandroid OR user_mau.1704.topfacemobappios OR user_mau.1704.topface OR user_mau.1704.standalonetf)",664
"2015-12-01 00:00:00","first_app:topface AND platform:vk","_exists_:(user_mau.1705.topfacemobappandroid OR user_mau.1705.topfacemobappios OR user_mau.1705.topface OR user_mau.1705.standalonetf)",637
"2015-12-01 00:00:00","first_app:topface AND platform:vk","_exists_:(user_mau.1706.topfacemobappandroid OR user_mau.1706.topfacemobappios OR user_mau.1706.topface OR user_mau.1706.standalonetf)",510
"2015-12-01 00:00:00","first_app:topface AND platform:vk","_exists_:(user_mau.1707.topfacemobappandroid OR user_mau.1707.topfacemobappios OR user_mau.1707.topface OR user_mau.1707.standalonetf)",477
"2015-12-01 00:00:00","first_app:topface AND platform:vk","_exists_:(user_mau.1708.topfacemobappandroid OR user_mau.1708.topfacemobappios OR user_mau.1708.topface OR user_mau.1708.standalonetf)",492
"2015-12-01 00:00:00","first_app:topface AND platform:vk","_exists_:(user_mau.1709.topfacemobappandroid OR user_mau.1709.topfacemobappios OR user_mau.1709.topface OR user_mau.1709.standalonetf)",532
"2015-12-01 00:00:00","first_app:topface AND platform:vk","_exists_:(user_mau.1710.topfacemobappandroid OR user_mau.1710.topfacemobappios OR user_mau.1710.topface OR user_mau.1710.standalonetf)",487
"2015-12-01 00:00:00","first_app:topface AND platform:vk","_exists_:(user_mau.1711.topfacemobappandroid OR user_mau.1711.topfacemobappios OR user_mau.1711.topface OR user_mau.1711.standalonetf)",462
"2015-12-01 00:00:00","first_app:topface AND platform:vk","_exists_:(user_mau.1712.topfacemobappandroid OR user_mau.1712.topfacemobappios OR user_mau.1712.topface OR user_mau.1712.standalonetf)",436
"2015-12-01 00:00:00","first_app:topface AND platform:vk","_exists_:(user_mau.1801.topfacemobappandroid OR user_mau.1801.topfacemobappios OR user_mau.1801.topface OR user_mau.1801.standalonetf)",427
"2015-12-01 00:00:00","first_app:topface AND platform:vk","_exists_:(user_mau.1802.topfacemobappandroid OR user_mau.1802.topfacemobappios OR user_mau.1802.topface OR user_mau.1802.standalonetf)",397
"2015-12-01 00:00:00","first_app:topface AND platform:ok","*","29,729"
"2015-12-01 00:00:00","first_app:topface AND platform:ok","_exists_:(user_mau.1501.topfacemobappandroid OR user_mau.1501.topfacemobappios OR user_mau.1501.topface OR user_mau.1501.standalonetf)",0
"2015-12-01 00:00:00","first_app:topface AND platform:ok","_exists_:(user_mau.1502.topfacemobappandroid OR user_mau.1502.topfacemobappios OR user_mau.1502.topface OR user_mau.1502.standalonetf)",0
"2015-12-01 00:00:00","first_app:topface AND platform:ok","_exists_:(user_mau.1503.topfacemobappandroid OR user_mau.1503.topfacemobappios OR user_mau.1503.topface OR user_mau.1503.standalonetf)",0
"2015-12-01 00:00:00","first_app:topface AND platform:ok","_exists_:(user_mau.1504.topfacemobappandroid OR user_mau.1504.topfacemobappios OR user_mau.1504.topface OR user_mau.1504.standalonetf)",0
"2015-12-01 00:00:00","first_app:topface AND platform:ok","_exists_:(user_mau.1505.topfacemobappandroid OR user_mau.1505.topfacemobappios OR user_mau.1505.topface OR user_mau.1505.standalonetf)",0
"2015-12-01 00:00:00","first_app:topface AND platform:ok","_exists_:(user_mau.1506.topfacemobappandroid OR user_mau.1506.topfacemobappios OR user_mau.1506.topface OR user_mau.1506.standalonetf)",0
"2015-12-01 00:00:00","first_app:topface AND platform:ok","_exists_:(user_mau.1507.topfacemobappandroid OR user_mau.1507.topfacemobappios OR user_mau.1507.topface OR user_mau.1507.standalonetf)",0
"2015-12-01 00:00:00","first_app:topface AND platform:ok","_exists_:(user_mau.1508.topfacemobappandroid OR user_mau.1508.topfacemobappios OR user_mau.1508.topface OR user_mau.1508.standalonetf)",0
"2015-12-01 00:00:00","first_app:topface AND platform:ok","_exists_:(user_mau.1509.topfacemobappandroid OR user_mau.1509.topfacemobappios OR user_mau.1509.topface OR user_mau.1509.standalonetf)",0
"2015-12-01 00:00:00","first_app:topface AND platform:ok","_exists_:(user_mau.1510.topfacemobappandroid OR user_mau.1510.topfacemobappios OR user_mau.1510.topface OR user_mau.1510.standalonetf)",0
"2015-12-01 00:00:00","first_app:topface AND platform:ok","_exists_:(user_mau.1511.topfacemobappandroid OR user_mau.1511.topfacemobappios OR user_mau.1511.topface OR user_mau.1511.standalonetf)",7
"2015-12-01 00:00:00","first_app:topface AND platform:ok","_exists_:(user_mau.1512.topfacemobappandroid OR user_mau.1512.topfacemobappios OR user_mau.1512.topface OR user_mau.1512.standalonetf)","24,853"
"2015-12-01 00:00:00","first_app:topface AND platform:ok","_exists_:(user_mau.1601.topfacemobappandroid OR user_mau.1601.topfacemobappios OR user_mau.1601.topface OR user_mau.1601.standalonetf)","3,061"
"2015-12-01 00:00:00","first_app:topface AND platform:ok","_exists_:(user_mau.1602.topfacemobappandroid OR user_mau.1602.topfacemobappios OR user_mau.1602.topface OR user_mau.1602.standalonetf)","1,577"
"2015-12-01 00:00:00","first_app:topface AND platform:ok","_exists_:(user_mau.1603.topfacemobappandroid OR user_mau.1603.topfacemobappios OR user_mau.1603.topface OR user_mau.1603.standalonetf)","1,660"
"2015-12-01 00:00:00","first_app:topface AND platform:ok","_exists_:(user_mau.1604.topfacemobappandroid OR user_mau.1604.topfacemobappios OR user_mau.1604.topface OR user_mau.1604.standalonetf)","1,251"
"2015-12-01 00:00:00","first_app:topface AND platform:ok","_exists_:(user_mau.1605.topfacemobappandroid OR user_mau.1605.topfacemobappios OR user_mau.1605.topface OR user_mau.1605.standalonetf)",916
"2015-12-01 00:00:00","first_app:topface AND platform:ok","_exists_:(user_mau.1606.topfacemobappandroid OR user_mau.1606.topfacemobappios OR user_mau.1606.topface OR user_mau.1606.standalonetf)",717
"2015-12-01 00:00:00","first_app:topface AND platform:ok","_exists_:(user_mau.1607.topfacemobappandroid OR user_mau.1607.topfacemobappios OR user_mau.1607.topface OR user_mau.1607.standalonetf)",668
"2015-12-01 00:00:00","first_app:topface AND platform:ok","_exists_:(user_mau.1608.topfacemobappandroid OR user_mau.1608.topfacemobappios OR user_mau.1608.topface OR user_mau.1608.standalonetf)",534
"2015-12-01 00:00:00","first_app:topface AND platform:ok","_exists_:(user_mau.1609.topfacemobappandroid OR user_mau.1609.topfacemobappios OR user_mau.1609.topface OR user_mau.1609.standalonetf)",671
"2015-12-01 00:00:00","first_app:topface AND platform:ok","_exists_:(user_mau.1610.topfacemobappandroid OR user_mau.1610.topfacemobappios OR user_mau.1610.topface OR user_mau.1610.standalonetf)",615
"2015-12-01 00:00:00","first_app:topface AND platform:ok","_exists_:(user_mau.1611.topfacemobappandroid OR user_mau.1611.topfacemobappios OR user_mau.1611.topface OR user_mau.1611.standalonetf)",542
"2015-12-01 00:00:00","first_app:topface AND platform:ok","_exists_:(user_mau.1612.topfacemobappandroid OR user_mau.1612.topfacemobappios OR user_mau.1612.topface OR user_mau.1612.standalonetf)",537
"2015-12-01 00:00:00","first_app:topface AND platform:ok","_exists_:(user_mau.1701.topfacemobappandroid OR user_mau.1701.topfacemobappios OR user_mau.1701.topface OR user_mau.1701.standalonetf)",487
"2015-12-01 00:00:00","first_app:topface AND platform:ok","_exists_:(user_mau.1702.topfacemobappandroid OR user_mau.1702.topfacemobappios OR user_mau.1702.topface OR user_mau.1702.standalonetf)",406
"2015-12-01 00:00:00","first_app:topface AND platform:ok","_exists_:(user_mau.1703.topfacemobappandroid OR user_mau.1703.topfacemobappios OR user_mau.1703.topface OR user_mau.1703.standalonetf)",400
"2015-12-01 00:00:00","first_app:topface AND platform:ok","_exists_:(user_mau.1704.topfacemobappandroid OR user_mau.1704.topfacemobappios OR user_mau.1704.topface OR user_mau.1704.standalonetf)",342
"2015-12-01 00:00:00","first_app:topface AND platform:ok","_exists_:(user_mau.1705.topfacemobappandroid OR user_mau.1705.topfacemobappios OR user_mau.1705.topface OR user_mau.1705.standalonetf)",292
"2015-12-01 00:00:00","first_app:topface AND platform:ok","_exists_:(user_mau.1706.topfacemobappandroid OR user_mau.1706.topfacemobappios OR user_mau.1706.topface OR user_mau.1706.standalonetf)",308
"2015-12-01 00:00:00","first_app:topface AND platform:ok","_exists_:(user_mau.1707.topfacemobappandroid OR user_mau.1707.topfacemobappios OR user_mau.1707.topface OR user_mau.1707.standalonetf)",298
"2015-12-01 00:00:00","first_app:topface AND platform:ok","_exists_:(user_mau.1708.topfacemobappandroid OR user_mau.1708.topfacemobappios OR user_mau.1708.topface OR user_mau.1708.standalonetf)",295
"2015-12-01 00:00:00","first_app:topface AND platform:ok","_exists_:(user_mau.1709.topfacemobappandroid OR user_mau.1709.topfacemobappios OR user_mau.1709.topface OR user_mau.1709.standalonetf)",284
"2015-12-01 00:00:00","first_app:topface AND platform:ok","_exists_:(user_mau.1710.topfacemobappandroid OR user_mau.1710.topfacemobappios OR user_mau.1710.topface OR user_mau.1710.standalonetf)",252
"2015-12-01 00:00:00","first_app:topface AND platform:ok","_exists_:(user_mau.1711.topfacemobappandroid OR user_mau.1711.topfacemobappios OR user_mau.1711.topface OR user_mau.1711.standalonetf)",278
"2015-12-01 00:00:00","first_app:topface AND platform:ok","_exists_:(user_mau.1712.topfacemobappandroid OR user_mau.1712.topfacemobappios OR user_mau.1712.topface OR user_mau.1712.standalonetf)",249
"2015-12-01 00:00:00","first_app:topface AND platform:ok","_exists_:(user_mau.1801.topfacemobappandroid OR user_mau.1801.topfacemobappios OR user_mau.1801.topface OR user_mau.1801.standalonetf)",238
"2015-12-01 00:00:00","first_app:topface AND platform:ok","_exists_:(user_mau.1802.topfacemobappandroid OR user_mau.1802.topfacemobappios OR user_mau.1802.topface OR user_mau.1802.standalonetf)",234
"2015-12-01 00:00:00","first_app:topface AND platform:fb","*","48,484"
"2015-12-01 00:00:00","first_app:topface AND platform:fb","_exists_:(user_mau.1501.topfacemobappandroid OR user_mau.1501.topfacemobappios OR user_mau.1501.topface OR user_mau.1501.standalonetf)",0
"2015-12-01 00:00:00","first_app:topface AND platform:fb","_exists_:(user_mau.1502.topfacemobappandroid OR user_mau.1502.topfacemobappios OR user_mau.1502.topface OR user_mau.1502.standalonetf)",0
"2015-12-01 00:00:00","first_app:topface AND platform:fb","_exists_:(user_mau.1503.topfacemobappandroid OR user_mau.1503.topfacemobappios OR user_mau.1503.topface OR user_mau.1503.standalonetf)",0
"2015-12-01 00:00:00","first_app:topface AND platform:fb","_exists_:(user_mau.1504.topfacemobappandroid OR user_mau.1504.topfacemobappios OR user_mau.1504.topface OR user_mau.1504.standalonetf)",0
"2015-12-01 00:00:00","first_app:topface AND platform:fb","_exists_:(user_mau.1505.topfacemobappandroid OR user_mau.1505.topfacemobappios OR user_mau.1505.topface OR user_mau.1505.standalonetf)",0
"2015-12-01 00:00:00","first_app:topface AND platform:fb","_exists_:(user_mau.1506.topfacemobappandroid OR user_mau.1506.topfacemobappios OR user_mau.1506.topface OR user_mau.1506.standalonetf)",0
"2015-12-01 00:00:00","first_app:topface AND platform:fb","_exists_:(user_mau.1507.topfacemobappandroid OR user_mau.1507.topfacemobappios OR user_mau.1507.topface OR user_mau.1507.standalonetf)",0
"2015-12-01 00:00:00","first_app:topface AND platform:fb","_exists_:(user_mau.1508.topfacemobappandroid OR user_mau.1508.topfacemobappios OR user_mau.1508.topface OR user_mau.1508.standalonetf)",0
"2015-12-01 00:00:00","first_app:topface AND platform:fb","_exists_:(user_mau.1509.topfacemobappandroid OR user_mau.1509.topfacemobappios OR user_mau.1509.topface OR user_mau.1509.standalonetf)",0
"2015-12-01 00:00:00","first_app:topface AND platform:fb","_exists_:(user_mau.1510.topfacemobappandroid OR user_mau.1510.topfacemobappios OR user_mau.1510.topface OR user_mau.1510.standalonetf)",0
"2015-12-01 00:00:00","first_app:topface AND platform:fb","_exists_:(user_mau.1511.topfacemobappandroid OR user_mau.1511.topfacemobappios OR user_mau.1511.topface OR user_mau.1511.standalonetf)",139
"2015-12-01 00:00:00","first_app:topface AND platform:fb","_exists_:(user_mau.1512.topfacemobappandroid OR user_mau.1512.topfacemobappios OR user_mau.1512.topface OR user_mau.1512.standalonetf)","27,892"
"2015-12-01 00:00:00","first_app:topface AND platform:fb","_exists_:(user_mau.1601.topfacemobappandroid OR user_mau.1601.topfacemobappios OR user_mau.1601.topface OR user_mau.1601.standalonetf)","16,343"
"2015-12-01 00:00:00","first_app:topface AND platform:fb","_exists_:(user_mau.1602.topfacemobappandroid OR user_mau.1602.topfacemobappios OR user_mau.1602.topface OR user_mau.1602.standalonetf)","9,683"
"2015-12-01 00:00:00","first_app:topface AND platform:fb","_exists_:(user_mau.1603.topfacemobappandroid OR user_mau.1603.topfacemobappios OR user_mau.1603.topface OR user_mau.1603.standalonetf)","7,061"
"2015-12-01 00:00:00","first_app:topface AND platform:fb","_exists_:(user_mau.1604.topfacemobappandroid OR user_mau.1604.topfacemobappios OR user_mau.1604.topface OR user_mau.1604.standalonetf)","5,550"
"2015-12-01 00:00:00","first_app:topface AND platform:fb","_exists_:(user_mau.1605.topfacemobappandroid OR user_mau.1605.topfacemobappios OR user_mau.1605.topface OR user_mau.1605.standalonetf)","3,926"
"2015-12-01 00:00:00","first_app:topface AND platform:fb","_exists_:(user_mau.1606.topfacemobappandroid OR user_mau.1606.topfacemobappios OR user_mau.1606.topface OR user_mau.1606.standalonetf)","3,984"
"2015-12-01 00:00:00","first_app:topface AND platform:fb","_exists_:(user_mau.1607.topfacemobappandroid OR user_mau.1607.topfacemobappios OR user_mau.1607.topface OR user_mau.1607.standalonetf)","2,720"
"2015-12-01 00:00:00","first_app:topface AND platform:fb","_exists_:(user_mau.1608.topfacemobappandroid OR user_mau.1608.topfacemobappios OR user_mau.1608.topface OR user_mau.1608.standalonetf)","2,387"
"2015-12-01 00:00:00","first_app:topface AND platform:fb","_exists_:(user_mau.1609.topfacemobappandroid OR user_mau.1609.topfacemobappios OR user_mau.1609.topface OR user_mau.1609.standalonetf)","2,176"
"2015-12-01 00:00:00","first_app:topface AND platform:fb","_exists_:(user_mau.1610.topfacemobappandroid OR user_mau.1610.topfacemobappios OR user_mau.1610.topface OR user_mau.1610.standalonetf)","1,966"
"2015-12-01 00:00:00","first_app:topface AND platform:fb","_exists_:(user_mau.1611.topfacemobappandroid OR user_mau.1611.topfacemobappios OR user_mau.1611.topface OR user_mau.1611.standalonetf)","1,726"
"2015-12-01 00:00:00","first_app:topface AND platform:fb","_exists_:(user_mau.1612.topfacemobappandroid OR user_mau.1612.topfacemobappios OR user_mau.1612.topface OR user_mau.1612.standalonetf)","1,420"
"2015-12-01 00:00:00","first_app:topface AND platform:fb","_exists_:(user_mau.1701.topfacemobappandroid OR user_mau.1701.topfacemobappios OR user_mau.1701.topface OR user_mau.1701.standalonetf)","1,263"
"2015-12-01 00:00:00","first_app:topface AND platform:fb","_exists_:(user_mau.1702.topfacemobappandroid OR user_mau.1702.topfacemobappios OR user_mau.1702.topface OR user_mau.1702.standalonetf)","2,025"
"2015-12-01 00:00:00","first_app:topface AND platform:fb","_exists_:(user_mau.1703.topfacemobappandroid OR user_mau.1703.topfacemobappios OR user_mau.1703.topface OR user_mau.1703.standalonetf)","1,063"
"2015-12-01 00:00:00","first_app:topface AND platform:fb","_exists_:(user_mau.1704.topfacemobappandroid OR user_mau.1704.topfacemobappios OR user_mau.1704.topface OR user_mau.1704.standalonetf)",857
"2015-12-01 00:00:00","first_app:topface AND platform:fb","_exists_:(user_mau.1705.topfacemobappandroid OR user_mau.1705.topfacemobappios OR user_mau.1705.topface OR user_mau.1705.standalonetf)","1,547"
"2015-12-01 00:00:00","first_app:topface AND platform:fb","_exists_:(user_mau.1706.topfacemobappandroid OR user_mau.1706.topfacemobappios OR user_mau.1706.topface OR user_mau.1706.standalonetf)","1,332"
"2015-12-01 00:00:00","first_app:topface AND platform:fb","_exists_:(user_mau.1707.topfacemobappandroid OR user_mau.1707.topfacemobappios OR user_mau.1707.topface OR user_mau.1707.standalonetf)","1,312"
"2015-12-01 00:00:00","first_app:topface AND platform:fb","_exists_:(user_mau.1708.topfacemobappandroid OR user_mau.1708.topfacemobappios OR user_mau.1708.topface OR user_mau.1708.standalonetf)","1,262"
"2015-12-01 00:00:00","first_app:topface AND platform:fb","_exists_:(user_mau.1709.topfacemobappandroid OR user_mau.1709.topfacemobappios OR user_mau.1709.topface OR user_mau.1709.standalonetf)","1,372"
"2015-12-01 00:00:00","first_app:topface AND platform:fb","_exists_:(user_mau.1710.topfacemobappandroid OR user_mau.1710.topfacemobappios OR user_mau.1710.topface OR user_mau.1710.standalonetf)",902
"2015-12-01 00:00:00","first_app:topface AND platform:fb","_exists_:(user_mau.1711.topfacemobappandroid OR user_mau.1711.topfacemobappios OR user_mau.1711.topface OR user_mau.1711.standalonetf)","1,467"
"2015-12-01 00:00:00","first_app:topface AND platform:fb","_exists_:(user_mau.1712.topfacemobappandroid OR user_mau.1712.topfacemobappios OR user_mau.1712.topface OR user_mau.1712.standalonetf)",910
"2015-12-01 00:00:00","first_app:topface AND platform:fb","_exists_:(user_mau.1801.topfacemobappandroid OR user_mau.1801.topfacemobappios OR user_mau.1801.topface OR user_mau.1801.standalonetf)",832
"2015-12-01 00:00:00","first_app:topface AND platform:fb","_exists_:(user_mau.1802.topfacemobappandroid OR user_mau.1802.topfacemobappios OR user_mau.1802.topface OR user_mau.1802.standalonetf)",730
"2016-01-01 00:00:00","first_app:topfacemobappandroid","*","46,356"
"2016-01-01 00:00:00","first_app:topfacemobappandroid","_exists_:(user_mau.1501.topfacemobappandroid OR user_mau.1501.topfacemobappios OR user_mau.1501.topface OR user_mau.1501.standalonetf)",0
"2016-01-01 00:00:00","first_app:topfacemobappandroid","_exists_:(user_mau.1502.topfacemobappandroid OR user_mau.1502.topfacemobappios OR user_mau.1502.topface OR user_mau.1502.standalonetf)",0
"2016-01-01 00:00:00","first_app:topfacemobappandroid","_exists_:(user_mau.1503.topfacemobappandroid OR user_mau.1503.topfacemobappios OR user_mau.1503.topface OR user_mau.1503.standalonetf)",0
"2016-01-01 00:00:00","first_app:topfacemobappandroid","_exists_:(user_mau.1504.topfacemobappandroid OR user_mau.1504.topfacemobappios OR user_mau.1504.topface OR user_mau.1504.standalonetf)",0
"2016-01-01 00:00:00","first_app:topfacemobappandroid","_exists_:(user_mau.1505.topfacemobappandroid OR user_mau.1505.topfacemobappios OR user_mau.1505.topface OR user_mau.1505.standalonetf)",0
"2016-01-01 00:00:00","first_app:topfacemobappandroid","_exists_:(user_mau.1506.topfacemobappandroid OR user_mau.1506.topfacemobappios OR user_mau.1506.topface OR user_mau.1506.standalonetf)",0
"2016-01-01 00:00:00","first_app:topfacemobappandroid","_exists_:(user_mau.1507.topfacemobappandroid OR user_mau.1507.topfacemobappios OR user_mau.1507.topface OR user_mau.1507.standalonetf)",0
"2016-01-01 00:00:00","first_app:topfacemobappandroid","_exists_:(user_mau.1508.topfacemobappandroid OR user_mau.1508.topfacemobappios OR user_mau.1508.topface OR user_mau.1508.standalonetf)",0
"2016-01-01 00:00:00","first_app:topfacemobappandroid","_exists_:(user_mau.1509.topfacemobappandroid OR user_mau.1509.topfacemobappios OR user_mau.1509.topface OR user_mau.1509.standalonetf)",0
"2016-01-01 00:00:00","first_app:topfacemobappandroid","_exists_:(user_mau.1510.topfacemobappandroid OR user_mau.1510.topfacemobappios OR user_mau.1510.topface OR user_mau.1510.standalonetf)",0
"2016-01-01 00:00:00","first_app:topfacemobappandroid","_exists_:(user_mau.1511.topfacemobappandroid OR user_mau.1511.topfacemobappios OR user_mau.1511.topface OR user_mau.1511.standalonetf)",0
"2016-01-01 00:00:00","first_app:topfacemobappandroid","_exists_:(user_mau.1512.topfacemobappandroid OR user_mau.1512.topfacemobappios OR user_mau.1512.topface OR user_mau.1512.standalonetf)",90
"2016-01-01 00:00:00","first_app:topfacemobappandroid","_exists_:(user_mau.1601.topfacemobappandroid OR user_mau.1601.topfacemobappios OR user_mau.1601.topface OR user_mau.1601.standalonetf)","46,253"
"2016-01-01 00:00:00","first_app:topfacemobappandroid","_exists_:(user_mau.1602.topfacemobappandroid OR user_mau.1602.topfacemobappios OR user_mau.1602.topface OR user_mau.1602.standalonetf)","12,197"
"2016-01-01 00:00:00","first_app:topfacemobappandroid","_exists_:(user_mau.1603.topfacemobappandroid OR user_mau.1603.topfacemobappios OR user_mau.1603.topface OR user_mau.1603.standalonetf)","6,036"
"2016-01-01 00:00:00","first_app:topfacemobappandroid","_exists_:(user_mau.1604.topfacemobappandroid OR user_mau.1604.topfacemobappios OR user_mau.1604.topface OR user_mau.1604.standalonetf)","2,947"
"2016-01-01 00:00:00","first_app:topfacemobappandroid","_exists_:(user_mau.1605.topfacemobappandroid OR user_mau.1605.topfacemobappios OR user_mau.1605.topface OR user_mau.1605.standalonetf)","2,214"
"2016-01-01 00:00:00","first_app:topfacemobappandroid","_exists_:(user_mau.1606.topfacemobappandroid OR user_mau.1606.topfacemobappios OR user_mau.1606.topface OR user_mau.1606.standalonetf)","1,965"
"2016-01-01 00:00:00","first_app:topfacemobappandroid","_exists_:(user_mau.1607.topfacemobappandroid OR user_mau.1607.topfacemobappios OR user_mau.1607.topface OR user_mau.1607.standalonetf)","1,616"
"2016-01-01 00:00:00","first_app:topfacemobappandroid","_exists_:(user_mau.1608.topfacemobappandroid OR user_mau.1608.topfacemobappios OR user_mau.1608.topface OR user_mau.1608.standalonetf)","1,364"
"2016-01-01 00:00:00","first_app:topfacemobappandroid","_exists_:(user_mau.1609.topfacemobappandroid OR user_mau.1609.topfacemobappios OR user_mau.1609.topface OR user_mau.1609.standalonetf)","1,180"
"2016-01-01 00:00:00","first_app:topfacemobappandroid","_exists_:(user_mau.1610.topfacemobappandroid OR user_mau.1610.topfacemobappios OR user_mau.1610.topface OR user_mau.1610.standalonetf)","1,100"
"2016-01-01 00:00:00","first_app:topfacemobappandroid","_exists_:(user_mau.1611.topfacemobappandroid OR user_mau.1611.topfacemobappios OR user_mau.1611.topface OR user_mau.1611.standalonetf)",962
"2016-01-01 00:00:00","first_app:topfacemobappandroid","_exists_:(user_mau.1612.topfacemobappandroid OR user_mau.1612.topfacemobappios OR user_mau.1612.topface OR user_mau.1612.standalonetf)",897
"2016-01-01 00:00:00","first_app:topfacemobappandroid","_exists_:(user_mau.1701.topfacemobappandroid OR user_mau.1701.topfacemobappios OR user_mau.1701.topface OR user_mau.1701.standalonetf)",877
"2016-01-01 00:00:00","first_app:topfacemobappandroid","_exists_:(user_mau.1702.topfacemobappandroid OR user_mau.1702.topfacemobappios OR user_mau.1702.topface OR user_mau.1702.standalonetf)",762
"2016-01-01 00:00:00","first_app:topfacemobappandroid","_exists_:(user_mau.1703.topfacemobappandroid OR user_mau.1703.topfacemobappios OR user_mau.1703.topface OR user_mau.1703.standalonetf)",672
"2016-01-01 00:00:00","first_app:topfacemobappandroid","_exists_:(user_mau.1704.topfacemobappandroid OR user_mau.1704.topfacemobappios OR user_mau.1704.topface OR user_mau.1704.standalonetf)",982
"2016-01-01 00:00:00","first_app:topfacemobappandroid","_exists_:(user_mau.1705.topfacemobappandroid OR user_mau.1705.topfacemobappios OR user_mau.1705.topface OR user_mau.1705.standalonetf)",859
"2016-01-01 00:00:00","first_app:topfacemobappandroid","_exists_:(user_mau.1706.topfacemobappandroid OR user_mau.1706.topfacemobappios OR user_mau.1706.topface OR user_mau.1706.standalonetf)",694
"2016-01-01 00:00:00","first_app:topfacemobappandroid","_exists_:(user_mau.1707.topfacemobappandroid OR user_mau.1707.topfacemobappios OR user_mau.1707.topface OR user_mau.1707.standalonetf)",661
"2016-01-01 00:00:00","first_app:topfacemobappandroid","_exists_:(user_mau.1708.topfacemobappandroid OR user_mau.1708.topfacemobappios OR user_mau.1708.topface OR user_mau.1708.standalonetf)",725
"2016-01-01 00:00:00","first_app:topfacemobappandroid","_exists_:(user_mau.1709.topfacemobappandroid OR user_mau.1709.topfacemobappios OR user_mau.1709.topface OR user_mau.1709.standalonetf)",711
"2016-01-01 00:00:00","first_app:topfacemobappandroid","_exists_:(user_mau.1710.topfacemobappandroid OR user_mau.1710.topfacemobappios OR user_mau.1710.topface OR user_mau.1710.standalonetf)",683
"2016-01-01 00:00:00","first_app:topfacemobappandroid","_exists_:(user_mau.1711.topfacemobappandroid OR user_mau.1711.topfacemobappios OR user_mau.1711.topface OR user_mau.1711.standalonetf)",695
"2016-01-01 00:00:00","first_app:topfacemobappandroid","_exists_:(user_mau.1712.topfacemobappandroid OR user_mau.1712.topfacemobappios OR user_mau.1712.topface OR user_mau.1712.standalonetf)",569
"2016-01-01 00:00:00","first_app:topfacemobappandroid","_exists_:(user_mau.1801.topfacemobappandroid OR user_mau.1801.topfacemobappios OR user_mau.1801.topface OR user_mau.1801.standalonetf)",450
"2016-01-01 00:00:00","first_app:topfacemobappandroid","_exists_:(user_mau.1802.topfacemobappandroid OR user_mau.1802.topfacemobappios OR user_mau.1802.topface OR user_mau.1802.standalonetf)",358
"2016-01-01 00:00:00","first_app:topfacemobappios","*","6,914"
"2016-01-01 00:00:00","first_app:topfacemobappios","_exists_:(user_mau.1501.topfacemobappandroid OR user_mau.1501.topfacemobappios OR user_mau.1501.topface OR user_mau.1501.standalonetf)",0
"2016-01-01 00:00:00","first_app:topfacemobappios","_exists_:(user_mau.1502.topfacemobappandroid OR user_mau.1502.topfacemobappios OR user_mau.1502.topface OR user_mau.1502.standalonetf)",0
"2016-01-01 00:00:00","first_app:topfacemobappios","_exists_:(user_mau.1503.topfacemobappandroid OR user_mau.1503.topfacemobappios OR user_mau.1503.topface OR user_mau.1503.standalonetf)",0
"2016-01-01 00:00:00","first_app:topfacemobappios","_exists_:(user_mau.1504.topfacemobappandroid OR user_mau.1504.topfacemobappios OR user_mau.1504.topface OR user_mau.1504.standalonetf)",0
"2016-01-01 00:00:00","first_app:topfacemobappios","_exists_:(user_mau.1505.topfacemobappandroid OR user_mau.1505.topfacemobappios OR user_mau.1505.topface OR user_mau.1505.standalonetf)",0
"2016-01-01 00:00:00","first_app:topfacemobappios","_exists_:(user_mau.1506.topfacemobappandroid OR user_mau.1506.topfacemobappios OR user_mau.1506.topface OR user_mau.1506.standalonetf)",0
"2016-01-01 00:00:00","first_app:topfacemobappios","_exists_:(user_mau.1507.topfacemobappandroid OR user_mau.1507.topfacemobappios OR user_mau.1507.topface OR user_mau.1507.standalonetf)",0
"2016-01-01 00:00:00","first_app:topfacemobappios","_exists_:(user_mau.1508.topfacemobappandroid OR user_mau.1508.topfacemobappios OR user_mau.1508.topface OR user_mau.1508.standalonetf)",0
"2016-01-01 00:00:00","first_app:topfacemobappios","_exists_:(user_mau.1509.topfacemobappandroid OR user_mau.1509.topfacemobappios OR user_mau.1509.topface OR user_mau.1509.standalonetf)",0
"2016-01-01 00:00:00","first_app:topfacemobappios","_exists_:(user_mau.1510.topfacemobappandroid OR user_mau.1510.topfacemobappios OR user_mau.1510.topface OR user_mau.1510.standalonetf)",0
"2016-01-01 00:00:00","first_app:topfacemobappios","_exists_:(user_mau.1511.topfacemobappandroid OR user_mau.1511.topfacemobappios OR user_mau.1511.topface OR user_mau.1511.standalonetf)",0
"2016-01-01 00:00:00","first_app:topfacemobappios","_exists_:(user_mau.1512.topfacemobappandroid OR user_mau.1512.topfacemobappios OR user_mau.1512.topface OR user_mau.1512.standalonetf)",20
"2016-01-01 00:00:00","first_app:topfacemobappios","_exists_:(user_mau.1601.topfacemobappandroid OR user_mau.1601.topfacemobappios OR user_mau.1601.topface OR user_mau.1601.standalonetf)","6,891"
"2016-01-01 00:00:00","first_app:topfacemobappios","_exists_:(user_mau.1602.topfacemobappandroid OR user_mau.1602.topfacemobappios OR user_mau.1602.topface OR user_mau.1602.standalonetf)","1,601"
"2016-01-01 00:00:00","first_app:topfacemobappios","_exists_:(user_mau.1603.topfacemobappandroid OR user_mau.1603.topfacemobappios OR user_mau.1603.topface OR user_mau.1603.standalonetf)",827
"2016-01-01 00:00:00","first_app:topfacemobappios","_exists_:(user_mau.1604.topfacemobappandroid OR user_mau.1604.topfacemobappios OR user_mau.1604.topface OR user_mau.1604.standalonetf)",495
"2016-01-01 00:00:00","first_app:topfacemobappios","_exists_:(user_mau.1605.topfacemobappandroid OR user_mau.1605.topfacemobappios OR user_mau.1605.topface OR user_mau.1605.standalonetf)",360
"2016-01-01 00:00:00","first_app:topfacemobappios","_exists_:(user_mau.1606.topfacemobappandroid OR user_mau.1606.topfacemobappios OR user_mau.1606.topface OR user_mau.1606.standalonetf)",296
"2016-01-01 00:00:00","first_app:topfacemobappios","_exists_:(user_mau.1607.topfacemobappandroid OR user_mau.1607.topfacemobappios OR user_mau.1607.topface OR user_mau.1607.standalonetf)",249
"2016-01-01 00:00:00","first_app:topfacemobappios","_exists_:(user_mau.1608.topfacemobappandroid OR user_mau.1608.topfacemobappios OR user_mau.1608.topface OR user_mau.1608.standalonetf)",167
"2016-01-01 00:00:00","first_app:topfacemobappios","_exists_:(user_mau.1609.topfacemobappandroid OR user_mau.1609.topfacemobappios OR user_mau.1609.topface OR user_mau.1609.standalonetf)",149
"2016-01-01 00:00:00","first_app:topfacemobappios","_exists_:(user_mau.1610.topfacemobappandroid OR user_mau.1610.topfacemobappios OR user_mau.1610.topface OR user_mau.1610.standalonetf)",134
"2016-01-01 00:00:00","first_app:topfacemobappios","_exists_:(user_mau.1611.topfacemobappandroid OR user_mau.1611.topfacemobappios OR user_mau.1611.topface OR user_mau.1611.standalonetf)",162
"2016-01-01 00:00:00","first_app:topfacemobappios","_exists_:(user_mau.1612.topfacemobappandroid OR user_mau.1612.topfacemobappios OR user_mau.1612.topface OR user_mau.1612.standalonetf)",149
"2016-01-01 00:00:00","first_app:topfacemobappios","_exists_:(user_mau.1701.topfacemobappandroid OR user_mau.1701.topfacemobappios OR user_mau.1701.topface OR user_mau.1701.standalonetf)",122
"2016-01-01 00:00:00","first_app:topfacemobappios","_exists_:(user_mau.1702.topfacemobappandroid OR user_mau.1702.topfacemobappios OR user_mau.1702.topface OR user_mau.1702.standalonetf)",105
"2016-01-01 00:00:00","first_app:topfacemobappios","_exists_:(user_mau.1703.topfacemobappandroid OR user_mau.1703.topfacemobappios OR user_mau.1703.topface OR user_mau.1703.standalonetf)",85
"2016-01-01 00:00:00","first_app:topfacemobappios","_exists_:(user_mau.1704.topfacemobappandroid OR user_mau.1704.topfacemobappios OR user_mau.1704.topface OR user_mau.1704.standalonetf)",80
"2016-01-01 00:00:00","first_app:topfacemobappios","_exists_:(user_mau.1705.topfacemobappandroid OR user_mau.1705.topfacemobappios OR user_mau.1705.topface OR user_mau.1705.standalonetf)",88
"2016-01-01 00:00:00","first_app:topfacemobappios","_exists_:(user_mau.1706.topfacemobappandroid OR user_mau.1706.topfacemobappios OR user_mau.1706.topface OR user_mau.1706.standalonetf)",81
"2016-01-01 00:00:00","first_app:topfacemobappios","_exists_:(user_mau.1707.topfacemobappandroid OR user_mau.1707.topfacemobappios OR user_mau.1707.topface OR user_mau.1707.standalonetf)",79
"2016-01-01 00:00:00","first_app:topfacemobappios","_exists_:(user_mau.1708.topfacemobappandroid OR user_mau.1708.topfacemobappios OR user_mau.1708.topface OR user_mau.1708.standalonetf)",86
"2016-01-01 00:00:00","first_app:topfacemobappios","_exists_:(user_mau.1709.topfacemobappandroid OR user_mau.1709.topfacemobappios OR user_mau.1709.topface OR user_mau.1709.standalonetf)",76
"2016-01-01 00:00:00","first_app:topfacemobappios","_exists_:(user_mau.1710.topfacemobappandroid OR user_mau.1710.topfacemobappios OR user_mau.1710.topface OR user_mau.1710.standalonetf)",109
"2016-01-01 00:00:00","first_app:topfacemobappios","_exists_:(user_mau.1711.topfacemobappandroid OR user_mau.1711.topfacemobappios OR user_mau.1711.topface OR user_mau.1711.standalonetf)",86
"2016-01-01 00:00:00","first_app:topfacemobappios","_exists_:(user_mau.1712.topfacemobappandroid OR user_mau.1712.topfacemobappios OR user_mau.1712.topface OR user_mau.1712.standalonetf)",97
"2016-01-01 00:00:00","first_app:topfacemobappios","_exists_:(user_mau.1801.topfacemobappandroid OR user_mau.1801.topfacemobappios OR user_mau.1801.topface OR user_mau.1801.standalonetf)",84
"2016-01-01 00:00:00","first_app:topfacemobappios","_exists_:(user_mau.1802.topfacemobappandroid OR user_mau.1802.topfacemobappios OR user_mau.1802.topface OR user_mau.1802.standalonetf)",68
"2016-01-01 00:00:00","first_app:standalonetf","*","22,292"
"2016-01-01 00:00:00","first_app:standalonetf","_exists_:(user_mau.1501.topfacemobappandroid OR user_mau.1501.topfacemobappios OR user_mau.1501.topface OR user_mau.1501.standalonetf)",0
"2016-01-01 00:00:00","first_app:standalonetf","_exists_:(user_mau.1502.topfacemobappandroid OR user_mau.1502.topfacemobappios OR user_mau.1502.topface OR user_mau.1502.standalonetf)",0
"2016-01-01 00:00:00","first_app:standalonetf","_exists_:(user_mau.1503.topfacemobappandroid OR user_mau.1503.topfacemobappios OR user_mau.1503.topface OR user_mau.1503.standalonetf)",0
"2016-01-01 00:00:00","first_app:standalonetf","_exists_:(user_mau.1504.topfacemobappandroid OR user_mau.1504.topfacemobappios OR user_mau.1504.topface OR user_mau.1504.standalonetf)",0
"2016-01-01 00:00:00","first_app:standalonetf","_exists_:(user_mau.1505.topfacemobappandroid OR user_mau.1505.topfacemobappios OR user_mau.1505.topface OR user_mau.1505.standalonetf)",0
"2016-01-01 00:00:00","first_app:standalonetf","_exists_:(user_mau.1506.topfacemobappandroid OR user_mau.1506.topfacemobappios OR user_mau.1506.topface OR user_mau.1506.standalonetf)",0
"2016-01-01 00:00:00","first_app:standalonetf","_exists_:(user_mau.1507.topfacemobappandroid OR user_mau.1507.topfacemobappios OR user_mau.1507.topface OR user_mau.1507.standalonetf)",0
"2016-01-01 00:00:00","first_app:standalonetf","_exists_:(user_mau.1508.topfacemobappandroid OR user_mau.1508.topfacemobappios OR user_mau.1508.topface OR user_mau.1508.standalonetf)",0
"2016-01-01 00:00:00","first_app:standalonetf","_exists_:(user_mau.1509.topfacemobappandroid OR user_mau.1509.topfacemobappios OR user_mau.1509.topface OR user_mau.1509.standalonetf)",0
"2016-01-01 00:00:00","first_app:standalonetf","_exists_:(user_mau.1510.topfacemobappandroid OR user_mau.1510.topfacemobappios OR user_mau.1510.topface OR user_mau.1510.standalonetf)",0
"2016-01-01 00:00:00","first_app:standalonetf","_exists_:(user_mau.1511.topfacemobappandroid OR user_mau.1511.topfacemobappios OR user_mau.1511.topface OR user_mau.1511.standalonetf)",0
"2016-01-01 00:00:00","first_app:standalonetf","_exists_:(user_mau.1512.topfacemobappandroid OR user_mau.1512.topfacemobappios OR user_mau.1512.topface OR user_mau.1512.standalonetf)",11
"2016-01-01 00:00:00","first_app:standalonetf","_exists_:(user_mau.1601.topfacemobappandroid OR user_mau.1601.topfacemobappios OR user_mau.1601.topface OR user_mau.1601.standalonetf)","17,702"
"2016-01-01 00:00:00","first_app:standalonetf","_exists_:(user_mau.1602.topfacemobappandroid OR user_mau.1602.topfacemobappios OR user_mau.1602.topface OR user_mau.1602.standalonetf)","5,767"
"2016-01-01 00:00:00","first_app:standalonetf","_exists_:(user_mau.1603.topfacemobappandroid OR user_mau.1603.topfacemobappios OR user_mau.1603.topface OR user_mau.1603.standalonetf)","3,445"
"2016-01-01 00:00:00","first_app:standalonetf","_exists_:(user_mau.1604.topfacemobappandroid OR user_mau.1604.topfacemobappios OR user_mau.1604.topface OR user_mau.1604.standalonetf)","2,632"
"2016-01-01 00:00:00","first_app:standalonetf","_exists_:(user_mau.1605.topfacemobappandroid OR user_mau.1605.topfacemobappios OR user_mau.1605.topface OR user_mau.1605.standalonetf)","2,139"
"2016-01-01 00:00:00","first_app:standalonetf","_exists_:(user_mau.1606.topfacemobappandroid OR user_mau.1606.topfacemobappios OR user_mau.1606.topface OR user_mau.1606.standalonetf)","1,886"
"2016-01-01 00:00:00","first_app:standalonetf","_exists_:(user_mau.1607.topfacemobappandroid OR user_mau.1607.topfacemobappios OR user_mau.1607.topface OR user_mau.1607.standalonetf)","1,738"
"2016-01-01 00:00:00","first_app:standalonetf","_exists_:(user_mau.1608.topfacemobappandroid OR user_mau.1608.topfacemobappios OR user_mau.1608.topface OR user_mau.1608.standalonetf)","1,490"
"2016-01-01 00:00:00","first_app:standalonetf","_exists_:(user_mau.1609.topfacemobappandroid OR user_mau.1609.topfacemobappios OR user_mau.1609.topface OR user_mau.1609.standalonetf)","1,285"
"2016-01-01 00:00:00","first_app:standalonetf","_exists_:(user_mau.1610.topfacemobappandroid OR user_mau.1610.topfacemobappios OR user_mau.1610.topface OR user_mau.1610.standalonetf)","1,190"
"2016-01-01 00:00:00","first_app:standalonetf","_exists_:(user_mau.1611.topfacemobappandroid OR user_mau.1611.topfacemobappios OR user_mau.1611.topface OR user_mau.1611.standalonetf)","1,111"
"2016-01-01 00:00:00","first_app:standalonetf","_exists_:(user_mau.1612.topfacemobappandroid OR user_mau.1612.topfacemobappios OR user_mau.1612.topface OR user_mau.1612.standalonetf)","1,017"
"2016-01-01 00:00:00","first_app:standalonetf","_exists_:(user_mau.1701.topfacemobappandroid OR user_mau.1701.topfacemobappios OR user_mau.1701.topface OR user_mau.1701.standalonetf)",951
"2016-01-01 00:00:00","first_app:standalonetf","_exists_:(user_mau.1702.topfacemobappandroid OR user_mau.1702.topfacemobappios OR user_mau.1702.topface OR user_mau.1702.standalonetf)",863
"2016-01-01 00:00:00","first_app:standalonetf","_exists_:(user_mau.1703.topfacemobappandroid OR user_mau.1703.topfacemobappios OR user_mau.1703.topface OR user_mau.1703.standalonetf)",781
"2016-01-01 00:00:00","first_app:standalonetf","_exists_:(user_mau.1704.topfacemobappandroid OR user_mau.1704.topfacemobappios OR user_mau.1704.topface OR user_mau.1704.standalonetf)",672
"2016-01-01 00:00:00","first_app:standalonetf","_exists_:(user_mau.1705.topfacemobappandroid OR user_mau.1705.topfacemobappios OR user_mau.1705.topface OR user_mau.1705.standalonetf)",631
"2016-01-01 00:00:00","first_app:standalonetf","_exists_:(user_mau.1706.topfacemobappandroid OR user_mau.1706.topfacemobappios OR user_mau.1706.topface OR user_mau.1706.standalonetf)",548
"2016-01-01 00:00:00","first_app:standalonetf","_exists_:(user_mau.1707.topfacemobappandroid OR user_mau.1707.topfacemobappios OR user_mau.1707.topface OR user_mau.1707.standalonetf)",519
"2016-01-01 00:00:00","first_app:standalonetf","_exists_:(user_mau.1708.topfacemobappandroid OR user_mau.1708.topfacemobappios OR user_mau.1708.topface OR user_mau.1708.standalonetf)",461
"2016-01-01 00:00:00","first_app:standalonetf","_exists_:(user_mau.1709.topfacemobappandroid OR user_mau.1709.topfacemobappios OR user_mau.1709.topface OR user_mau.1709.standalonetf)",476
"2016-01-01 00:00:00","first_app:standalonetf","_exists_:(user_mau.1710.topfacemobappandroid OR user_mau.1710.topfacemobappios OR user_mau.1710.topface OR user_mau.1710.standalonetf)",463
"2016-01-01 00:00:00","first_app:standalonetf","_exists_:(user_mau.1711.topfacemobappandroid OR user_mau.1711.topfacemobappios OR user_mau.1711.topface OR user_mau.1711.standalonetf)",454
"2016-01-01 00:00:00","first_app:standalonetf","_exists_:(user_mau.1712.topfacemobappandroid OR user_mau.1712.topfacemobappios OR user_mau.1712.topface OR user_mau.1712.standalonetf)",403
"2016-01-01 00:00:00","first_app:standalonetf","_exists_:(user_mau.1801.topfacemobappandroid OR user_mau.1801.topfacemobappios OR user_mau.1801.topface OR user_mau.1801.standalonetf)",397
"2016-01-01 00:00:00","first_app:standalonetf","_exists_:(user_mau.1802.topfacemobappandroid OR user_mau.1802.topfacemobappios OR user_mau.1802.topface OR user_mau.1802.standalonetf)",349
"2016-01-01 00:00:00","first_app:topface AND platform:vk","*","14,858"
"2016-01-01 00:00:00","first_app:topface AND platform:vk","_exists_:(user_mau.1501.topfacemobappandroid OR user_mau.1501.topfacemobappios OR user_mau.1501.topface OR user_mau.1501.standalonetf)",0
"2016-01-01 00:00:00","first_app:topface AND platform:vk","_exists_:(user_mau.1502.topfacemobappandroid OR user_mau.1502.topfacemobappios OR user_mau.1502.topface OR user_mau.1502.standalonetf)",0
"2016-01-01 00:00:00","first_app:topface AND platform:vk","_exists_:(user_mau.1503.topfacemobappandroid OR user_mau.1503.topfacemobappios OR user_mau.1503.topface OR user_mau.1503.standalonetf)",0
"2016-01-01 00:00:00","first_app:topface AND platform:vk","_exists_:(user_mau.1504.topfacemobappandroid OR user_mau.1504.topfacemobappios OR user_mau.1504.topface OR user_mau.1504.standalonetf)",0
"2016-01-01 00:00:00","first_app:topface AND platform:vk","_exists_:(user_mau.1505.topfacemobappandroid OR user_mau.1505.topfacemobappios OR user_mau.1505.topface OR user_mau.1505.standalonetf)",0
"2016-01-01 00:00:00","first_app:topface AND platform:vk","_exists_:(user_mau.1506.topfacemobappandroid OR user_mau.1506.topfacemobappios OR user_mau.1506.topface OR user_mau.1506.standalonetf)",0
"2016-01-01 00:00:00","first_app:topface AND platform:vk","_exists_:(user_mau.1507.topfacemobappandroid OR user_mau.1507.topfacemobappios OR user_mau.1507.topface OR user_mau.1507.standalonetf)",0
"2016-01-01 00:00:00","first_app:topface AND platform:vk","_exists_:(user_mau.1508.topfacemobappandroid OR user_mau.1508.topfacemobappios OR user_mau.1508.topface OR user_mau.1508.standalonetf)",0
"2016-01-01 00:00:00","first_app:topface AND platform:vk","_exists_:(user_mau.1509.topfacemobappandroid OR user_mau.1509.topfacemobappios OR user_mau.1509.topface OR user_mau.1509.standalonetf)",0
"2016-01-01 00:00:00","first_app:topface AND platform:vk","_exists_:(user_mau.1510.topfacemobappandroid OR user_mau.1510.topfacemobappios OR user_mau.1510.topface OR user_mau.1510.standalonetf)",0
"2016-01-01 00:00:00","first_app:topface AND platform:vk","_exists_:(user_mau.1511.topfacemobappandroid OR user_mau.1511.topfacemobappios OR user_mau.1511.topface OR user_mau.1511.standalonetf)",0
"2016-01-01 00:00:00","first_app:topface AND platform:vk","_exists_:(user_mau.1512.topfacemobappandroid OR user_mau.1512.topfacemobappios OR user_mau.1512.topface OR user_mau.1512.standalonetf)",6
"2016-01-01 00:00:00","first_app:topface AND platform:vk","_exists_:(user_mau.1601.topfacemobappandroid OR user_mau.1601.topfacemobappios OR user_mau.1601.topface OR user_mau.1601.standalonetf)","14,851"
"2016-01-01 00:00:00","first_app:topface AND platform:vk","_exists_:(user_mau.1602.topfacemobappandroid OR user_mau.1602.topfacemobappios OR user_mau.1602.topface OR user_mau.1602.standalonetf)","5,615"
"2016-01-01 00:00:00","first_app:topface AND platform:vk","_exists_:(user_mau.1603.topfacemobappandroid OR user_mau.1603.topfacemobappios OR user_mau.1603.topface OR user_mau.1603.standalonetf)","4,022"
"2016-01-01 00:00:00","first_app:topface AND platform:vk","_exists_:(user_mau.1604.topfacemobappandroid OR user_mau.1604.topfacemobappios OR user_mau.1604.topface OR user_mau.1604.standalonetf)","2,782"
"2016-01-01 00:00:00","first_app:topface AND platform:vk","_exists_:(user_mau.1605.topfacemobappandroid OR user_mau.1605.topfacemobappios OR user_mau.1605.topface OR user_mau.1605.standalonetf)","2,274"
"2016-01-01 00:00:00","first_app:topface AND platform:vk","_exists_:(user_mau.1606.topfacemobappandroid OR user_mau.1606.topfacemobappios OR user_mau.1606.topface OR user_mau.1606.standalonetf)","1,994"
"2016-01-01 00:00:00","first_app:topface AND platform:vk","_exists_:(user_mau.1607.topfacemobappandroid OR user_mau.1607.topfacemobappios OR user_mau.1607.topface OR user_mau.1607.standalonetf)","1,789"
"2016-01-01 00:00:00","first_app:topface AND platform:vk","_exists_:(user_mau.1608.topfacemobappandroid OR user_mau.1608.topfacemobappios OR user_mau.1608.topface OR user_mau.1608.standalonetf)","1,676"
"2016-01-01 00:00:00","first_app:topface AND platform:vk","_exists_:(user_mau.1609.topfacemobappandroid OR user_mau.1609.topfacemobappios OR user_mau.1609.topface OR user_mau.1609.standalonetf)","1,451"
"2016-01-01 00:00:00","first_app:topface AND platform:vk","_exists_:(user_mau.1610.topfacemobappandroid OR user_mau.1610.topfacemobappios OR user_mau.1610.topface OR user_mau.1610.standalonetf)","1,384"
"2016-01-01 00:00:00","first_app:topface AND platform:vk","_exists_:(user_mau.1611.topfacemobappandroid OR user_mau.1611.topfacemobappios OR user_mau.1611.topface OR user_mau.1611.standalonetf)","1,074"
"2016-01-01 00:00:00","first_app:topface AND platform:vk","_exists_:(user_mau.1612.topfacemobappandroid OR user_mau.1612.topfacemobappios OR user_mau.1612.topface OR user_mau.1612.standalonetf)","1,049"
"2016-01-01 00:00:00","first_app:topface AND platform:vk","_exists_:(user_mau.1701.topfacemobappandroid OR user_mau.1701.topfacemobappios OR user_mau.1701.topface OR user_mau.1701.standalonetf)","1,045"
"2016-01-01 00:00:00","first_app:topface AND platform:vk","_exists_:(user_mau.1702.topfacemobappandroid OR user_mau.1702.topfacemobappios OR user_mau.1702.topface OR user_mau.1702.standalonetf)",845
"2016-01-01 00:00:00","first_app:topface AND platform:vk","_exists_:(user_mau.1703.topfacemobappandroid OR user_mau.1703.topfacemobappios OR user_mau.1703.topface OR user_mau.1703.standalonetf)",842
"2016-01-01 00:00:00","first_app:topface AND platform:vk","_exists_:(user_mau.1704.topfacemobappandroid OR user_mau.1704.topfacemobappios OR user_mau.1704.topface OR user_mau.1704.standalonetf)",775
"2016-01-01 00:00:00","first_app:topface AND platform:vk","_exists_:(user_mau.1705.topfacemobappandroid OR user_mau.1705.topfacemobappios OR user_mau.1705.topface OR user_mau.1705.standalonetf)",748
"2016-01-01 00:00:00","first_app:topface AND platform:vk","_exists_:(user_mau.1706.topfacemobappandroid OR user_mau.1706.topfacemobappios OR user_mau.1706.topface OR user_mau.1706.standalonetf)",596
"2016-01-01 00:00:00","first_app:topface AND platform:vk","_exists_:(user_mau.1707.topfacemobappandroid OR user_mau.1707.topfacemobappios OR user_mau.1707.topface OR user_mau.1707.standalonetf)",581
"2016-01-01 00:00:00","first_app:topface AND platform:vk","_exists_:(user_mau.1708.topfacemobappandroid OR user_mau.1708.topfacemobappios OR user_mau.1708.topface OR user_mau.1708.standalonetf)",561
"2016-01-01 00:00:00","first_app:topface AND platform:vk","_exists_:(user_mau.1709.topfacemobappandroid OR user_mau.1709.topfacemobappios OR user_mau.1709.topface OR user_mau.1709.standalonetf)",545
"2016-01-01 00:00:00","first_app:topface AND platform:vk","_exists_:(user_mau.1710.topfacemobappandroid OR user_mau.1710.topfacemobappios OR user_mau.1710.topface OR user_mau.1710.standalonetf)",547
"2016-01-01 00:00:00","first_app:topface AND platform:vk","_exists_:(user_mau.1711.topfacemobappandroid OR user_mau.1711.topfacemobappios OR user_mau.1711.topface OR user_mau.1711.standalonetf)",523
"2016-01-01 00:00:00","first_app:topface AND platform:vk","_exists_:(user_mau.1712.topfacemobappandroid OR user_mau.1712.topfacemobappios OR user_mau.1712.topface OR user_mau.1712.standalonetf)",462
"2016-01-01 00:00:00","first_app:topface AND platform:vk","_exists_:(user_mau.1801.topfacemobappandroid OR user_mau.1801.topfacemobappios OR user_mau.1801.topface OR user_mau.1801.standalonetf)",460
"2016-01-01 00:00:00","first_app:topface AND platform:vk","_exists_:(user_mau.1802.topfacemobappandroid OR user_mau.1802.topfacemobappios OR user_mau.1802.topface OR user_mau.1802.standalonetf)",431
"2016-01-01 00:00:00","first_app:topface AND platform:ok","*","21,572"
"2016-01-01 00:00:00","first_app:topface AND platform:ok","_exists_:(user_mau.1501.topfacemobappandroid OR user_mau.1501.topfacemobappios OR user_mau.1501.topface OR user_mau.1501.standalonetf)",0
"2016-01-01 00:00:00","first_app:topface AND platform:ok","_exists_:(user_mau.1502.topfacemobappandroid OR user_mau.1502.topfacemobappios OR user_mau.1502.topface OR user_mau.1502.standalonetf)",0
"2016-01-01 00:00:00","first_app:topface AND platform:ok","_exists_:(user_mau.1503.topfacemobappandroid OR user_mau.1503.topfacemobappios OR user_mau.1503.topface OR user_mau.1503.standalonetf)",0
"2016-01-01 00:00:00","first_app:topface AND platform:ok","_exists_:(user_mau.1504.topfacemobappandroid OR user_mau.1504.topfacemobappios OR user_mau.1504.topface OR user_mau.1504.standalonetf)",0
"2016-01-01 00:00:00","first_app:topface AND platform:ok","_exists_:(user_mau.1505.topfacemobappandroid OR user_mau.1505.topfacemobappios OR user_mau.1505.topface OR user_mau.1505.standalonetf)",0
"2016-01-01 00:00:00","first_app:topface AND platform:ok","_exists_:(user_mau.1506.topfacemobappandroid OR user_mau.1506.topfacemobappios OR user_mau.1506.topface OR user_mau.1506.standalonetf)",0
"2016-01-01 00:00:00","first_app:topface AND platform:ok","_exists_:(user_mau.1507.topfacemobappandroid OR user_mau.1507.topfacemobappios OR user_mau.1507.topface OR user_mau.1507.standalonetf)",0
"2016-01-01 00:00:00","first_app:topface AND platform:ok","_exists_:(user_mau.1508.topfacemobappandroid OR user_mau.1508.topfacemobappios OR user_mau.1508.topface OR user_mau.1508.standalonetf)",0
"2016-01-01 00:00:00","first_app:topface AND platform:ok","_exists_:(user_mau.1509.topfacemobappandroid OR user_mau.1509.topfacemobappios OR user_mau.1509.topface OR user_mau.1509.standalonetf)",0
"2016-01-01 00:00:00","first_app:topface AND platform:ok","_exists_:(user_mau.1510.topfacemobappandroid OR user_mau.1510.topfacemobappios OR user_mau.1510.topface OR user_mau.1510.standalonetf)",0
"2016-01-01 00:00:00","first_app:topface AND platform:ok","_exists_:(user_mau.1511.topfacemobappandroid OR user_mau.1511.topfacemobappios OR user_mau.1511.topface OR user_mau.1511.standalonetf)",0
"2016-01-01 00:00:00","first_app:topface AND platform:ok","_exists_:(user_mau.1512.topfacemobappandroid OR user_mau.1512.topfacemobappios OR user_mau.1512.topface OR user_mau.1512.standalonetf)",29
"2016-01-01 00:00:00","first_app:topface AND platform:ok","_exists_:(user_mau.1601.topfacemobappandroid OR user_mau.1601.topfacemobappios OR user_mau.1601.topface OR user_mau.1601.standalonetf)","21,539"
"2016-01-01 00:00:00","first_app:topface AND platform:ok","_exists_:(user_mau.1602.topfacemobappandroid OR user_mau.1602.topfacemobappios OR user_mau.1602.topface OR user_mau.1602.standalonetf)","1,314"
"2016-01-01 00:00:00","first_app:topface AND platform:ok","_exists_:(user_mau.1603.topfacemobappandroid OR user_mau.1603.topfacemobappios OR user_mau.1603.topface OR user_mau.1603.standalonetf)","1,190"
"2016-01-01 00:00:00","first_app:topface AND platform:ok","_exists_:(user_mau.1604.topfacemobappandroid OR user_mau.1604.topfacemobappios OR user_mau.1604.topface OR user_mau.1604.standalonetf)",951
"2016-01-01 00:00:00","first_app:topface AND platform:ok","_exists_:(user_mau.1605.topfacemobappandroid OR user_mau.1605.topfacemobappios OR user_mau.1605.topface OR user_mau.1605.standalonetf)",591
"2016-01-01 00:00:00","first_app:topface AND platform:ok","_exists_:(user_mau.1606.topfacemobappandroid OR user_mau.1606.topfacemobappios OR user_mau.1606.topface OR user_mau.1606.standalonetf)",491
"2016-01-01 00:00:00","first_app:topface AND platform:ok","_exists_:(user_mau.1607.topfacemobappandroid OR user_mau.1607.topfacemobappios OR user_mau.1607.topface OR user_mau.1607.standalonetf)",404
"2016-01-01 00:00:00","first_app:topface AND platform:ok","_exists_:(user_mau.1608.topfacemobappandroid OR user_mau.1608.topfacemobappios OR user_mau.1608.topface OR user_mau.1608.standalonetf)",328
"2016-01-01 00:00:00","first_app:topface AND platform:ok","_exists_:(user_mau.1609.topfacemobappandroid OR user_mau.1609.topfacemobappios OR user_mau.1609.topface OR user_mau.1609.standalonetf)",452
"2016-01-01 00:00:00","first_app:topface AND platform:ok","_exists_:(user_mau.1610.topfacemobappandroid OR user_mau.1610.topfacemobappios OR user_mau.1610.topface OR user_mau.1610.standalonetf)",384
"2016-01-01 00:00:00","first_app:topface AND platform:ok","_exists_:(user_mau.1611.topfacemobappandroid OR user_mau.1611.topfacemobappios OR user_mau.1611.topface OR user_mau.1611.standalonetf)",344
"2016-01-01 00:00:00","first_app:topface AND platform:ok","_exists_:(user_mau.1612.topfacemobappandroid OR user_mau.1612.topfacemobappios OR user_mau.1612.topface OR user_mau.1612.standalonetf)",369
"2016-01-01 00:00:00","first_app:topface AND platform:ok","_exists_:(user_mau.1701.topfacemobappandroid OR user_mau.1701.topfacemobappios OR user_mau.1701.topface OR user_mau.1701.standalonetf)",362
"2016-01-01 00:00:00","first_app:topface AND platform:ok","_exists_:(user_mau.1702.topfacemobappandroid OR user_mau.1702.topfacemobappios OR user_mau.1702.topface OR user_mau.1702.standalonetf)",290
"2016-01-01 00:00:00","first_app:topface AND platform:ok","_exists_:(user_mau.1703.topfacemobappandroid OR user_mau.1703.topfacemobappios OR user_mau.1703.topface OR user_mau.1703.standalonetf)",261
"2016-01-01 00:00:00","first_app:topface AND platform:ok","_exists_:(user_mau.1704.topfacemobappandroid OR user_mau.1704.topfacemobappios OR user_mau.1704.topface OR user_mau.1704.standalonetf)",243
"2016-01-01 00:00:00","first_app:topface AND platform:ok","_exists_:(user_mau.1705.topfacemobappandroid OR user_mau.1705.topfacemobappios OR user_mau.1705.topface OR user_mau.1705.standalonetf)",196
"2016-01-01 00:00:00","first_app:topface AND platform:ok","_exists_:(user_mau.1706.topfacemobappandroid OR user_mau.1706.topfacemobappios OR user_mau.1706.topface OR user_mau.1706.standalonetf)",207
"2016-01-01 00:00:00","first_app:topface AND platform:ok","_exists_:(user_mau.1707.topfacemobappandroid OR user_mau.1707.topfacemobappios OR user_mau.1707.topface OR user_mau.1707.standalonetf)",181
"2016-01-01 00:00:00","first_app:topface AND platform:ok","_exists_:(user_mau.1708.topfacemobappandroid OR user_mau.1708.topfacemobappios OR user_mau.1708.topface OR user_mau.1708.standalonetf)",185
"2016-01-01 00:00:00","first_app:topface AND platform:ok","_exists_:(user_mau.1709.topfacemobappandroid OR user_mau.1709.topfacemobappios OR user_mau.1709.topface OR user_mau.1709.standalonetf)",182
"2016-01-01 00:00:00","first_app:topface AND platform:ok","_exists_:(user_mau.1710.topfacemobappandroid OR user_mau.1710.topfacemobappios OR user_mau.1710.topface OR user_mau.1710.standalonetf)",199
"2016-01-01 00:00:00","first_app:topface AND platform:ok","_exists_:(user_mau.1711.topfacemobappandroid OR user_mau.1711.topfacemobappios OR user_mau.1711.topface OR user_mau.1711.standalonetf)",169
"2016-01-01 00:00:00","first_app:topface AND platform:ok","_exists_:(user_mau.1712.topfacemobappandroid OR user_mau.1712.topfacemobappios OR user_mau.1712.topface OR user_mau.1712.standalonetf)",166
"2016-01-01 00:00:00","first_app:topface AND platform:ok","_exists_:(user_mau.1801.topfacemobappandroid OR user_mau.1801.topfacemobappios OR user_mau.1801.topface OR user_mau.1801.standalonetf)",166
"2016-01-01 00:00:00","first_app:topface AND platform:ok","_exists_:(user_mau.1802.topfacemobappandroid OR user_mau.1802.topfacemobappios OR user_mau.1802.topface OR user_mau.1802.standalonetf)",156
"2016-01-01 00:00:00","first_app:topface AND platform:fb","*","56,944"
"2016-01-01 00:00:00","first_app:topface AND platform:fb","_exists_:(user_mau.1501.topfacemobappandroid OR user_mau.1501.topfacemobappios OR user_mau.1501.topface OR user_mau.1501.standalonetf)",0
"2016-01-01 00:00:00","first_app:topface AND platform:fb","_exists_:(user_mau.1502.topfacemobappandroid OR user_mau.1502.topfacemobappios OR user_mau.1502.topface OR user_mau.1502.standalonetf)",0
"2016-01-01 00:00:00","first_app:topface AND platform:fb","_exists_:(user_mau.1503.topfacemobappandroid OR user_mau.1503.topfacemobappios OR user_mau.1503.topface OR user_mau.1503.standalonetf)",0
"2016-01-01 00:00:00","first_app:topface AND platform:fb","_exists_:(user_mau.1504.topfacemobappandroid OR user_mau.1504.topfacemobappios OR user_mau.1504.topface OR user_mau.1504.standalonetf)",0
"2016-01-01 00:00:00","first_app:topface AND platform:fb","_exists_:(user_mau.1505.topfacemobappandroid OR user_mau.1505.topfacemobappios OR user_mau.1505.topface OR user_mau.1505.standalonetf)",0
"2016-01-01 00:00:00","first_app:topface AND platform:fb","_exists_:(user_mau.1506.topfacemobappandroid OR user_mau.1506.topfacemobappios OR user_mau.1506.topface OR user_mau.1506.standalonetf)",0
"2016-01-01 00:00:00","first_app:topface AND platform:fb","_exists_:(user_mau.1507.topfacemobappandroid OR user_mau.1507.topfacemobappios OR user_mau.1507.topface OR user_mau.1507.standalonetf)",0
"2016-01-01 00:00:00","first_app:topface AND platform:fb","_exists_:(user_mau.1508.topfacemobappandroid OR user_mau.1508.topfacemobappios OR user_mau.1508.topface OR user_mau.1508.standalonetf)",0
"2016-01-01 00:00:00","first_app:topface AND platform:fb","_exists_:(user_mau.1509.topfacemobappandroid OR user_mau.1509.topfacemobappios OR user_mau.1509.topface OR user_mau.1509.standalonetf)",0
"2016-01-01 00:00:00","first_app:topface AND platform:fb","_exists_:(user_mau.1510.topfacemobappandroid OR user_mau.1510.topfacemobappios OR user_mau.1510.topface OR user_mau.1510.standalonetf)",0
"2016-01-01 00:00:00","first_app:topface AND platform:fb","_exists_:(user_mau.1511.topfacemobappandroid OR user_mau.1511.topfacemobappios OR user_mau.1511.topface OR user_mau.1511.standalonetf)",0
"2016-01-01 00:00:00","first_app:topface AND platform:fb","_exists_:(user_mau.1512.topfacemobappandroid OR user_mau.1512.topfacemobappios OR user_mau.1512.topface OR user_mau.1512.standalonetf)",23
"2016-01-01 00:00:00","first_app:topface AND platform:fb","_exists_:(user_mau.1601.topfacemobappandroid OR user_mau.1601.topfacemobappios OR user_mau.1601.topface OR user_mau.1601.standalonetf)","56,627"
"2016-01-01 00:00:00","first_app:topface AND platform:fb","_exists_:(user_mau.1602.topfacemobappandroid OR user_mau.1602.topfacemobappios OR user_mau.1602.topface OR user_mau.1602.standalonetf)","17,749"
"2016-01-01 00:00:00","first_app:topface AND platform:fb","_exists_:(user_mau.1603.topfacemobappandroid OR user_mau.1603.topfacemobappios OR user_mau.1603.topface OR user_mau.1603.standalonetf)","11,097"
"2016-01-01 00:00:00","first_app:topface AND platform:fb","_exists_:(user_mau.1604.topfacemobappandroid OR user_mau.1604.topfacemobappios OR user_mau.1604.topface OR user_mau.1604.standalonetf)","7,974"
"2016-01-01 00:00:00","first_app:topface AND platform:fb","_exists_:(user_mau.1605.topfacemobappandroid OR user_mau.1605.topfacemobappios OR user_mau.1605.topface OR user_mau.1605.standalonetf)","5,190"
"2016-01-01 00:00:00","first_app:topface AND platform:fb","_exists_:(user_mau.1606.topfacemobappandroid OR user_mau.1606.topfacemobappios OR user_mau.1606.topface OR user_mau.1606.standalonetf)","4,888"
"2016-01-01 00:00:00","first_app:topface AND platform:fb","_exists_:(user_mau.1607.topfacemobappandroid OR user_mau.1607.topfacemobappios OR user_mau.1607.topface OR user_mau.1607.standalonetf)","3,484"
"2016-01-01 00:00:00","first_app:topface AND platform:fb","_exists_:(user_mau.1608.topfacemobappandroid OR user_mau.1608.topfacemobappios OR user_mau.1608.topface OR user_mau.1608.standalonetf)","2,970"
"2016-01-01 00:00:00","first_app:topface AND platform:fb","_exists_:(user_mau.1609.topfacemobappandroid OR user_mau.1609.topfacemobappios OR user_mau.1609.topface OR user_mau.1609.standalonetf)","2,595"
"2016-01-01 00:00:00","first_app:topface AND platform:fb","_exists_:(user_mau.1610.topfacemobappandroid OR user_mau.1610.topfacemobappios OR user_mau.1610.topface OR user_mau.1610.standalonetf)","2,351"
"2016-01-01 00:00:00","first_app:topface AND platform:fb","_exists_:(user_mau.1611.topfacemobappandroid OR user_mau.1611.topfacemobappios OR user_mau.1611.topface OR user_mau.1611.standalonetf)","2,080"
"2016-01-01 00:00:00","first_app:topface AND platform:fb","_exists_:(user_mau.1612.topfacemobappandroid OR user_mau.1612.topfacemobappios OR user_mau.1612.topface OR user_mau.1612.standalonetf)","1,667"
"2016-01-01 00:00:00","first_app:topface AND platform:fb","_exists_:(user_mau.1701.topfacemobappandroid OR user_mau.1701.topfacemobappios OR user_mau.1701.topface OR user_mau.1701.standalonetf)","1,483"
"2016-01-01 00:00:00","first_app:topface AND platform:fb","_exists_:(user_mau.1702.topfacemobappandroid OR user_mau.1702.topfacemobappios OR user_mau.1702.topface OR user_mau.1702.standalonetf)","2,354"
"2016-01-01 00:00:00","first_app:topface AND platform:fb","_exists_:(user_mau.1703.topfacemobappandroid OR user_mau.1703.topfacemobappios OR user_mau.1703.topface OR user_mau.1703.standalonetf)","1,394"
"2016-01-01 00:00:00","first_app:topface AND platform:fb","_exists_:(user_mau.1704.topfacemobappandroid OR user_mau.1704.topfacemobappios OR user_mau.1704.topface OR user_mau.1704.standalonetf)","1,009"
"2016-01-01 00:00:00","first_app:topface AND platform:fb","_exists_:(user_mau.1705.topfacemobappandroid OR user_mau.1705.topfacemobappios OR user_mau.1705.topface OR user_mau.1705.standalonetf)","1,731"
"2016-01-01 00:00:00","first_app:topface AND platform:fb","_exists_:(user_mau.1706.topfacemobappandroid OR user_mau.1706.topfacemobappios OR user_mau.1706.topface OR user_mau.1706.standalonetf)","1,448"
"2016-01-01 00:00:00","first_app:topface AND platform:fb","_exists_:(user_mau.1707.topfacemobappandroid OR user_mau.1707.topfacemobappios OR user_mau.1707.topface OR user_mau.1707.standalonetf)","1,431"
"2016-01-01 00:00:00","first_app:topface AND platform:fb","_exists_:(user_mau.1708.topfacemobappandroid OR user_mau.1708.topfacemobappios OR user_mau.1708.topface OR user_mau.1708.standalonetf)","1,536"
"2016-01-01 00:00:00","first_app:topface AND platform:fb","_exists_:(user_mau.1709.topfacemobappandroid OR user_mau.1709.topfacemobappios OR user_mau.1709.topface OR user_mau.1709.standalonetf)","1,559"
"2016-01-01 00:00:00","first_app:topface AND platform:fb","_exists_:(user_mau.1710.topfacemobappandroid OR user_mau.1710.topfacemobappios OR user_mau.1710.topface OR user_mau.1710.standalonetf)","1,027"
"2016-01-01 00:00:00","first_app:topface AND platform:fb","_exists_:(user_mau.1711.topfacemobappandroid OR user_mau.1711.topfacemobappios OR user_mau.1711.topface OR user_mau.1711.standalonetf)","1,473"
"2016-01-01 00:00:00","first_app:topface AND platform:fb","_exists_:(user_mau.1712.topfacemobappandroid OR user_mau.1712.topfacemobappios OR user_mau.1712.topface OR user_mau.1712.standalonetf)","1,007"
"2016-01-01 00:00:00","first_app:topface AND platform:fb","_exists_:(user_mau.1801.topfacemobappandroid OR user_mau.1801.topfacemobappios OR user_mau.1801.topface OR user_mau.1801.standalonetf)",931
"2016-01-01 00:00:00","first_app:topface AND platform:fb","_exists_:(user_mau.1802.topfacemobappandroid OR user_mau.1802.topfacemobappios OR user_mau.1802.topface OR user_mau.1802.standalonetf)",909
"2016-02-01 00:00:00","first_app:topfacemobappandroid","*","33,691"
"2016-02-01 00:00:00","first_app:topfacemobappandroid","_exists_:(user_mau.1501.topfacemobappandroid OR user_mau.1501.topfacemobappios OR user_mau.1501.topface OR user_mau.1501.standalonetf)",0
"2016-02-01 00:00:00","first_app:topfacemobappandroid","_exists_:(user_mau.1502.topfacemobappandroid OR user_mau.1502.topfacemobappios OR user_mau.1502.topface OR user_mau.1502.standalonetf)",0
"2016-02-01 00:00:00","first_app:topfacemobappandroid","_exists_:(user_mau.1503.topfacemobappandroid OR user_mau.1503.topfacemobappios OR user_mau.1503.topface OR user_mau.1503.standalonetf)",0
"2016-02-01 00:00:00","first_app:topfacemobappandroid","_exists_:(user_mau.1504.topfacemobappandroid OR user_mau.1504.topfacemobappios OR user_mau.1504.topface OR user_mau.1504.standalonetf)",0
"2016-02-01 00:00:00","first_app:topfacemobappandroid","_exists_:(user_mau.1505.topfacemobappandroid OR user_mau.1505.topfacemobappios OR user_mau.1505.topface OR user_mau.1505.standalonetf)",0
"2016-02-01 00:00:00","first_app:topfacemobappandroid","_exists_:(user_mau.1506.topfacemobappandroid OR user_mau.1506.topfacemobappios OR user_mau.1506.topface OR user_mau.1506.standalonetf)",0
"2016-02-01 00:00:00","first_app:topfacemobappandroid","_exists_:(user_mau.1507.topfacemobappandroid OR user_mau.1507.topfacemobappios OR user_mau.1507.topface OR user_mau.1507.standalonetf)",0
"2016-02-01 00:00:00","first_app:topfacemobappandroid","_exists_:(user_mau.1508.topfacemobappandroid OR user_mau.1508.topfacemobappios OR user_mau.1508.topface OR user_mau.1508.standalonetf)",0
"2016-02-01 00:00:00","first_app:topfacemobappandroid","_exists_:(user_mau.1509.topfacemobappandroid OR user_mau.1509.topfacemobappios OR user_mau.1509.topface OR user_mau.1509.standalonetf)",0
"2016-02-01 00:00:00","first_app:topfacemobappandroid","_exists_:(user_mau.1510.topfacemobappandroid OR user_mau.1510.topfacemobappios OR user_mau.1510.topface OR user_mau.1510.standalonetf)",0
"2016-02-01 00:00:00","first_app:topfacemobappandroid","_exists_:(user_mau.1511.topfacemobappandroid OR user_mau.1511.topfacemobappios OR user_mau.1511.topface OR user_mau.1511.standalonetf)",0
"2016-02-01 00:00:00","first_app:topfacemobappandroid","_exists_:(user_mau.1512.topfacemobappandroid OR user_mau.1512.topfacemobappios OR user_mau.1512.topface OR user_mau.1512.standalonetf)",0
"2016-02-01 00:00:00","first_app:topfacemobappandroid","_exists_:(user_mau.1601.topfacemobappandroid OR user_mau.1601.topfacemobappios OR user_mau.1601.topface OR user_mau.1601.standalonetf)",201
"2016-02-01 00:00:00","first_app:topfacemobappandroid","_exists_:(user_mau.1602.topfacemobappandroid OR user_mau.1602.topfacemobappios OR user_mau.1602.topface OR user_mau.1602.standalonetf)","33,615"
"2016-02-01 00:00:00","first_app:topfacemobappandroid","_exists_:(user_mau.1603.topfacemobappandroid OR user_mau.1603.topfacemobappios OR user_mau.1603.topface OR user_mau.1603.standalonetf)","8,874"
"2016-02-01 00:00:00","first_app:topfacemobappandroid","_exists_:(user_mau.1604.topfacemobappandroid OR user_mau.1604.topfacemobappios OR user_mau.1604.topface OR user_mau.1604.standalonetf)","4,265"
"2016-02-01 00:00:00","first_app:topfacemobappandroid","_exists_:(user_mau.1605.topfacemobappandroid OR user_mau.1605.topfacemobappios OR user_mau.1605.topface OR user_mau.1605.standalonetf)","2,316"
"2016-02-01 00:00:00","first_app:topfacemobappandroid","_exists_:(user_mau.1606.topfacemobappandroid OR user_mau.1606.topfacemobappios OR user_mau.1606.topface OR user_mau.1606.standalonetf)","1,920"
"2016-02-01 00:00:00","first_app:topfacemobappandroid","_exists_:(user_mau.1607.topfacemobappandroid OR user_mau.1607.topfacemobappios OR user_mau.1607.topface OR user_mau.1607.standalonetf)","1,520"
"2016-02-01 00:00:00","first_app:topfacemobappandroid","_exists_:(user_mau.1608.topfacemobappandroid OR user_mau.1608.topfacemobappios OR user_mau.1608.topface OR user_mau.1608.standalonetf)","1,311"
"2016-02-01 00:00:00","first_app:topfacemobappandroid","_exists_:(user_mau.1609.topfacemobappandroid OR user_mau.1609.topfacemobappios OR user_mau.1609.topface OR user_mau.1609.standalonetf)","1,116"
"2016-02-01 00:00:00","first_app:topfacemobappandroid","_exists_:(user_mau.1610.topfacemobappandroid OR user_mau.1610.topfacemobappios OR user_mau.1610.topface OR user_mau.1610.standalonetf)","1,040"
"2016-02-01 00:00:00","first_app:topfacemobappandroid","_exists_:(user_mau.1611.topfacemobappandroid OR user_mau.1611.topfacemobappios OR user_mau.1611.topface OR user_mau.1611.standalonetf)",873
"2016-02-01 00:00:00","first_app:topfacemobappandroid","_exists_:(user_mau.1612.topfacemobappandroid OR user_mau.1612.topfacemobappios OR user_mau.1612.topface OR user_mau.1612.standalonetf)",780
"2016-02-01 00:00:00","first_app:topfacemobappandroid","_exists_:(user_mau.1701.topfacemobappandroid OR user_mau.1701.topfacemobappios OR user_mau.1701.topface OR user_mau.1701.standalonetf)",720
"2016-02-01 00:00:00","first_app:topfacemobappandroid","_exists_:(user_mau.1702.topfacemobappandroid OR user_mau.1702.topfacemobappios OR user_mau.1702.topface OR user_mau.1702.standalonetf)",732
"2016-02-01 00:00:00","first_app:topfacemobappandroid","_exists_:(user_mau.1703.topfacemobappandroid OR user_mau.1703.topfacemobappios OR user_mau.1703.topface OR user_mau.1703.standalonetf)",590
"2016-02-01 00:00:00","first_app:topfacemobappandroid","_exists_:(user_mau.1704.topfacemobappandroid OR user_mau.1704.topfacemobappios OR user_mau.1704.topface OR user_mau.1704.standalonetf)",852
"2016-02-01 00:00:00","first_app:topfacemobappandroid","_exists_:(user_mau.1705.topfacemobappandroid OR user_mau.1705.topfacemobappios OR user_mau.1705.topface OR user_mau.1705.standalonetf)",684
"2016-02-01 00:00:00","first_app:topfacemobappandroid","_exists_:(user_mau.1706.topfacemobappandroid OR user_mau.1706.topfacemobappios OR user_mau.1706.topface OR user_mau.1706.standalonetf)",568
"2016-02-01 00:00:00","first_app:topfacemobappandroid","_exists_:(user_mau.1707.topfacemobappandroid OR user_mau.1707.topfacemobappios OR user_mau.1707.topface OR user_mau.1707.standalonetf)",523
"2016-02-01 00:00:00","first_app:topfacemobappandroid","_exists_:(user_mau.1708.topfacemobappandroid OR user_mau.1708.topfacemobappios OR user_mau.1708.topface OR user_mau.1708.standalonetf)",569
"2016-02-01 00:00:00","first_app:topfacemobappandroid","_exists_:(user_mau.1709.topfacemobappandroid OR user_mau.1709.topfacemobappios OR user_mau.1709.topface OR user_mau.1709.standalonetf)",588
"2016-02-01 00:00:00","first_app:topfacemobappandroid","_exists_:(user_mau.1710.topfacemobappandroid OR user_mau.1710.topfacemobappios OR user_mau.1710.topface OR user_mau.1710.standalonetf)",538
"2016-02-01 00:00:00","first_app:topfacemobappandroid","_exists_:(user_mau.1711.topfacemobappandroid OR user_mau.1711.topfacemobappios OR user_mau.1711.topface OR user_mau.1711.standalonetf)",497
"2016-02-01 00:00:00","first_app:topfacemobappandroid","_exists_:(user_mau.1712.topfacemobappandroid OR user_mau.1712.topfacemobappios OR user_mau.1712.topface OR user_mau.1712.standalonetf)",437
"2016-02-01 00:00:00","first_app:topfacemobappandroid","_exists_:(user_mau.1801.topfacemobappandroid OR user_mau.1801.topfacemobappios OR user_mau.1801.topface OR user_mau.1801.standalonetf)",342
"2016-02-01 00:00:00","first_app:topfacemobappandroid","_exists_:(user_mau.1802.topfacemobappandroid OR user_mau.1802.topfacemobappios OR user_mau.1802.topface OR user_mau.1802.standalonetf)",287
"2016-02-01 00:00:00","first_app:topfacemobappios","*","8,037"
"2016-02-01 00:00:00","first_app:topfacemobappios","_exists_:(user_mau.1501.topfacemobappandroid OR user_mau.1501.topfacemobappios OR user_mau.1501.topface OR user_mau.1501.standalonetf)",0
"2016-02-01 00:00:00","first_app:topfacemobappios","_exists_:(user_mau.1502.topfacemobappandroid OR user_mau.1502.topfacemobappios OR user_mau.1502.topface OR user_mau.1502.standalonetf)",0
"2016-02-01 00:00:00","first_app:topfacemobappios","_exists_:(user_mau.1503.topfacemobappandroid OR user_mau.1503.topfacemobappios OR user_mau.1503.topface OR user_mau.1503.standalonetf)",0
"2016-02-01 00:00:00","first_app:topfacemobappios","_exists_:(user_mau.1504.topfacemobappandroid OR user_mau.1504.topfacemobappios OR user_mau.1504.topface OR user_mau.1504.standalonetf)",0
"2016-02-01 00:00:00","first_app:topfacemobappios","_exists_:(user_mau.1505.topfacemobappandroid OR user_mau.1505.topfacemobappios OR user_mau.1505.topface OR user_mau.1505.standalonetf)",0
"2016-02-01 00:00:00","first_app:topfacemobappios","_exists_:(user_mau.1506.topfacemobappandroid OR user_mau.1506.topfacemobappios OR user_mau.1506.topface OR user_mau.1506.standalonetf)",0
"2016-02-01 00:00:00","first_app:topfacemobappios","_exists_:(user_mau.1507.topfacemobappandroid OR user_mau.1507.topfacemobappios OR user_mau.1507.topface OR user_mau.1507.standalonetf)",0
"2016-02-01 00:00:00","first_app:topfacemobappios","_exists_:(user_mau.1508.topfacemobappandroid OR user_mau.1508.topfacemobappios OR user_mau.1508.topface OR user_mau.1508.standalonetf)",0
"2016-02-01 00:00:00","first_app:topfacemobappios","_exists_:(user_mau.1509.topfacemobappandroid OR user_mau.1509.topfacemobappios OR user_mau.1509.topface OR user_mau.1509.standalonetf)",0
"2016-02-01 00:00:00","first_app:topfacemobappios","_exists_:(user_mau.1510.topfacemobappandroid OR user_mau.1510.topfacemobappios OR user_mau.1510.topface OR user_mau.1510.standalonetf)",0
"2016-02-01 00:00:00","first_app:topfacemobappios","_exists_:(user_mau.1511.topfacemobappandroid OR user_mau.1511.topfacemobappios OR user_mau.1511.topface OR user_mau.1511.standalonetf)",0
"2016-02-01 00:00:00","first_app:topfacemobappios","_exists_:(user_mau.1512.topfacemobappandroid OR user_mau.1512.topfacemobappios OR user_mau.1512.topface OR user_mau.1512.standalonetf)",0
"2016-02-01 00:00:00","first_app:topfacemobappios","_exists_:(user_mau.1601.topfacemobappandroid OR user_mau.1601.topfacemobappios OR user_mau.1601.topface OR user_mau.1601.standalonetf)",46
"2016-02-01 00:00:00","first_app:topfacemobappios","_exists_:(user_mau.1602.topfacemobappandroid OR user_mau.1602.topfacemobappios OR user_mau.1602.topface OR user_mau.1602.standalonetf)","8,019"
"2016-02-01 00:00:00","first_app:topfacemobappios","_exists_:(user_mau.1603.topfacemobappandroid OR user_mau.1603.topfacemobappios OR user_mau.1603.topface OR user_mau.1603.standalonetf)","1,932"
"2016-02-01 00:00:00","first_app:topfacemobappios","_exists_:(user_mau.1604.topfacemobappandroid OR user_mau.1604.topfacemobappios OR user_mau.1604.topface OR user_mau.1604.standalonetf)","1,024"
"2016-02-01 00:00:00","first_app:topfacemobappios","_exists_:(user_mau.1605.topfacemobappandroid OR user_mau.1605.topfacemobappios OR user_mau.1605.topface OR user_mau.1605.standalonetf)",608
"2016-02-01 00:00:00","first_app:topfacemobappios","_exists_:(user_mau.1606.topfacemobappandroid OR user_mau.1606.topfacemobappios OR user_mau.1606.topface OR user_mau.1606.standalonetf)",493
"2016-02-01 00:00:00","first_app:topfacemobappios","_exists_:(user_mau.1607.topfacemobappandroid OR user_mau.1607.topfacemobappios OR user_mau.1607.topface OR user_mau.1607.standalonetf)",414
"2016-02-01 00:00:00","first_app:topfacemobappios","_exists_:(user_mau.1608.topfacemobappandroid OR user_mau.1608.topfacemobappios OR user_mau.1608.topface OR user_mau.1608.standalonetf)",261
"2016-02-01 00:00:00","first_app:topfacemobappios","_exists_:(user_mau.1609.topfacemobappandroid OR user_mau.1609.topfacemobappios OR user_mau.1609.topface OR user_mau.1609.standalonetf)",237
"2016-02-01 00:00:00","first_app:topfacemobappios","_exists_:(user_mau.1610.topfacemobappandroid OR user_mau.1610.topfacemobappios OR user_mau.1610.topface OR user_mau.1610.standalonetf)",224
"2016-02-01 00:00:00","first_app:topfacemobappios","_exists_:(user_mau.1611.topfacemobappandroid OR user_mau.1611.topfacemobappios OR user_mau.1611.topface OR user_mau.1611.standalonetf)",208
"2016-02-01 00:00:00","first_app:topfacemobappios","_exists_:(user_mau.1612.topfacemobappandroid OR user_mau.1612.topfacemobappios OR user_mau.1612.topface OR user_mau.1612.standalonetf)",181
"2016-02-01 00:00:00","first_app:topfacemobappios","_exists_:(user_mau.1701.topfacemobappandroid OR user_mau.1701.topfacemobappios OR user_mau.1701.topface OR user_mau.1701.standalonetf)",161
"2016-02-01 00:00:00","first_app:topfacemobappios","_exists_:(user_mau.1702.topfacemobappandroid OR user_mau.1702.topfacemobappios OR user_mau.1702.topface OR user_mau.1702.standalonetf)",152
"2016-02-01 00:00:00","first_app:topfacemobappios","_exists_:(user_mau.1703.topfacemobappandroid OR user_mau.1703.topfacemobappios OR user_mau.1703.topface OR user_mau.1703.standalonetf)",146
"2016-02-01 00:00:00","first_app:topfacemobappios","_exists_:(user_mau.1704.topfacemobappandroid OR user_mau.1704.topfacemobappios OR user_mau.1704.topface OR user_mau.1704.standalonetf)",112
"2016-02-01 00:00:00","first_app:topfacemobappios","_exists_:(user_mau.1705.topfacemobappandroid OR user_mau.1705.topfacemobappios OR user_mau.1705.topface OR user_mau.1705.standalonetf)",118
"2016-02-01 00:00:00","first_app:topfacemobappios","_exists_:(user_mau.1706.topfacemobappandroid OR user_mau.1706.topfacemobappios OR user_mau.1706.topface OR user_mau.1706.standalonetf)",122
"2016-02-01 00:00:00","first_app:topfacemobappios","_exists_:(user_mau.1707.topfacemobappandroid OR user_mau.1707.topfacemobappios OR user_mau.1707.topface OR user_mau.1707.standalonetf)",109
"2016-02-01 00:00:00","first_app:topfacemobappios","_exists_:(user_mau.1708.topfacemobappandroid OR user_mau.1708.topfacemobappios OR user_mau.1708.topface OR user_mau.1708.standalonetf)",121
"2016-02-01 00:00:00","first_app:topfacemobappios","_exists_:(user_mau.1709.topfacemobappandroid OR user_mau.1709.topfacemobappios OR user_mau.1709.topface OR user_mau.1709.standalonetf)",127
"2016-02-01 00:00:00","first_app:topfacemobappios","_exists_:(user_mau.1710.topfacemobappandroid OR user_mau.1710.topfacemobappios OR user_mau.1710.topface OR user_mau.1710.standalonetf)",120
"2016-02-01 00:00:00","first_app:topfacemobappios","_exists_:(user_mau.1711.topfacemobappandroid OR user_mau.1711.topfacemobappios OR user_mau.1711.topface OR user_mau.1711.standalonetf)",118
"2016-02-01 00:00:00","first_app:topfacemobappios","_exists_:(user_mau.1712.topfacemobappandroid OR user_mau.1712.topfacemobappios OR user_mau.1712.topface OR user_mau.1712.standalonetf)",126
"2016-02-01 00:00:00","first_app:topfacemobappios","_exists_:(user_mau.1801.topfacemobappandroid OR user_mau.1801.topfacemobappios OR user_mau.1801.topface OR user_mau.1801.standalonetf)",114
"2016-02-01 00:00:00","first_app:topfacemobappios","_exists_:(user_mau.1802.topfacemobappandroid OR user_mau.1802.topfacemobappios OR user_mau.1802.topface OR user_mau.1802.standalonetf)",88
"2016-02-01 00:00:00","first_app:standalonetf","*","12,474"
"2016-02-01 00:00:00","first_app:standalonetf","_exists_:(user_mau.1501.topfacemobappandroid OR user_mau.1501.topfacemobappios OR user_mau.1501.topface OR user_mau.1501.standalonetf)",0
"2016-02-01 00:00:00","first_app:standalonetf","_exists_:(user_mau.1502.topfacemobappandroid OR user_mau.1502.topfacemobappios OR user_mau.1502.topface OR user_mau.1502.standalonetf)",0
"2016-02-01 00:00:00","first_app:standalonetf","_exists_:(user_mau.1503.topfacemobappandroid OR user_mau.1503.topfacemobappios OR user_mau.1503.topface OR user_mau.1503.standalonetf)",0
"2016-02-01 00:00:00","first_app:standalonetf","_exists_:(user_mau.1504.topfacemobappandroid OR user_mau.1504.topfacemobappios OR user_mau.1504.topface OR user_mau.1504.standalonetf)",0
"2016-02-01 00:00:00","first_app:standalonetf","_exists_:(user_mau.1505.topfacemobappandroid OR user_mau.1505.topfacemobappios OR user_mau.1505.topface OR user_mau.1505.standalonetf)",0
"2016-02-01 00:00:00","first_app:standalonetf","_exists_:(user_mau.1506.topfacemobappandroid OR user_mau.1506.topfacemobappios OR user_mau.1506.topface OR user_mau.1506.standalonetf)",0
"2016-02-01 00:00:00","first_app:standalonetf","_exists_:(user_mau.1507.topfacemobappandroid OR user_mau.1507.topfacemobappios OR user_mau.1507.topface OR user_mau.1507.standalonetf)",0
"2016-02-01 00:00:00","first_app:standalonetf","_exists_:(user_mau.1508.topfacemobappandroid OR user_mau.1508.topfacemobappios OR user_mau.1508.topface OR user_mau.1508.standalonetf)",0
"2016-02-01 00:00:00","first_app:standalonetf","_exists_:(user_mau.1509.topfacemobappandroid OR user_mau.1509.topfacemobappios OR user_mau.1509.topface OR user_mau.1509.standalonetf)",0
"2016-02-01 00:00:00","first_app:standalonetf","_exists_:(user_mau.1510.topfacemobappandroid OR user_mau.1510.topfacemobappios OR user_mau.1510.topface OR user_mau.1510.standalonetf)",0
"2016-02-01 00:00:00","first_app:standalonetf","_exists_:(user_mau.1511.topfacemobappandroid OR user_mau.1511.topfacemobappios OR user_mau.1511.topface OR user_mau.1511.standalonetf)",0
"2016-02-01 00:00:00","first_app:standalonetf","_exists_:(user_mau.1512.topfacemobappandroid OR user_mau.1512.topfacemobappios OR user_mau.1512.topface OR user_mau.1512.standalonetf)",0
"2016-02-01 00:00:00","first_app:standalonetf","_exists_:(user_mau.1601.topfacemobappandroid OR user_mau.1601.topfacemobappios OR user_mau.1601.topface OR user_mau.1601.standalonetf)",40
"2016-02-01 00:00:00","first_app:standalonetf","_exists_:(user_mau.1602.topfacemobappandroid OR user_mau.1602.topfacemobappios OR user_mau.1602.topface OR user_mau.1602.standalonetf)","10,001"
"2016-02-01 00:00:00","first_app:standalonetf","_exists_:(user_mau.1603.topfacemobappandroid OR user_mau.1603.topfacemobappios OR user_mau.1603.topface OR user_mau.1603.standalonetf)","2,732"
"2016-02-01 00:00:00","first_app:standalonetf","_exists_:(user_mau.1604.topfacemobappandroid OR user_mau.1604.topfacemobappios OR user_mau.1604.topface OR user_mau.1604.standalonetf)","1,825"
"2016-02-01 00:00:00","first_app:standalonetf","_exists_:(user_mau.1605.topfacemobappandroid OR user_mau.1605.topfacemobappios OR user_mau.1605.topface OR user_mau.1605.standalonetf)","1,337"
"2016-02-01 00:00:00","first_app:standalonetf","_exists_:(user_mau.1606.topfacemobappandroid OR user_mau.1606.topfacemobappios OR user_mau.1606.topface OR user_mau.1606.standalonetf)","1,117"
"2016-02-01 00:00:00","first_app:standalonetf","_exists_:(user_mau.1607.topfacemobappandroid OR user_mau.1607.topfacemobappios OR user_mau.1607.topface OR user_mau.1607.standalonetf)","1,002"
"2016-02-01 00:00:00","first_app:standalonetf","_exists_:(user_mau.1608.topfacemobappandroid OR user_mau.1608.topfacemobappios OR user_mau.1608.topface OR user_mau.1608.standalonetf)",820
"2016-02-01 00:00:00","first_app:standalonetf","_exists_:(user_mau.1609.topfacemobappandroid OR user_mau.1609.topfacemobappios OR user_mau.1609.topface OR user_mau.1609.standalonetf)",710
"2016-02-01 00:00:00","first_app:standalonetf","_exists_:(user_mau.1610.topfacemobappandroid OR user_mau.1610.topfacemobappios OR user_mau.1610.topface OR user_mau.1610.standalonetf)",684
"2016-02-01 00:00:00","first_app:standalonetf","_exists_:(user_mau.1611.topfacemobappandroid OR user_mau.1611.topfacemobappios OR user_mau.1611.topface OR user_mau.1611.standalonetf)",597
"2016-02-01 00:00:00","first_app:standalonetf","_exists_:(user_mau.1612.topfacemobappandroid OR user_mau.1612.topfacemobappios OR user_mau.1612.topface OR user_mau.1612.standalonetf)",560
"2016-02-01 00:00:00","first_app:standalonetf","_exists_:(user_mau.1701.topfacemobappandroid OR user_mau.1701.topfacemobappios OR user_mau.1701.topface OR user_mau.1701.standalonetf)",546
"2016-02-01 00:00:00","first_app:standalonetf","_exists_:(user_mau.1702.topfacemobappandroid OR user_mau.1702.topfacemobappios OR user_mau.1702.topface OR user_mau.1702.standalonetf)",482
"2016-02-01 00:00:00","first_app:standalonetf","_exists_:(user_mau.1703.topfacemobappandroid OR user_mau.1703.topfacemobappios OR user_mau.1703.topface OR user_mau.1703.standalonetf)",429
"2016-02-01 00:00:00","first_app:standalonetf","_exists_:(user_mau.1704.topfacemobappandroid OR user_mau.1704.topfacemobappios OR user_mau.1704.topface OR user_mau.1704.standalonetf)",385
"2016-02-01 00:00:00","first_app:standalonetf","_exists_:(user_mau.1705.topfacemobappandroid OR user_mau.1705.topfacemobappios OR user_mau.1705.topface OR user_mau.1705.standalonetf)",349
"2016-02-01 00:00:00","first_app:standalonetf","_exists_:(user_mau.1706.topfacemobappandroid OR user_mau.1706.topfacemobappios OR user_mau.1706.topface OR user_mau.1706.standalonetf)",271
"2016-02-01 00:00:00","first_app:standalonetf","_exists_:(user_mau.1707.topfacemobappandroid OR user_mau.1707.topfacemobappios OR user_mau.1707.topface OR user_mau.1707.standalonetf)",265
"2016-02-01 00:00:00","first_app:standalonetf","_exists_:(user_mau.1708.topfacemobappandroid OR user_mau.1708.topfacemobappios OR user_mau.1708.topface OR user_mau.1708.standalonetf)",256
"2016-02-01 00:00:00","first_app:standalonetf","_exists_:(user_mau.1709.topfacemobappandroid OR user_mau.1709.topfacemobappios OR user_mau.1709.topface OR user_mau.1709.standalonetf)",255
"2016-02-01 00:00:00","first_app:standalonetf","_exists_:(user_mau.1710.topfacemobappandroid OR user_mau.1710.topfacemobappios OR user_mau.1710.topface OR user_mau.1710.standalonetf)",248
"2016-02-01 00:00:00","first_app:standalonetf","_exists_:(user_mau.1711.topfacemobappandroid OR user_mau.1711.topfacemobappios OR user_mau.1711.topface OR user_mau.1711.standalonetf)",260
"2016-02-01 00:00:00","first_app:standalonetf","_exists_:(user_mau.1712.topfacemobappandroid OR user_mau.1712.topfacemobappios OR user_mau.1712.topface OR user_mau.1712.standalonetf)",212
"2016-02-01 00:00:00","first_app:standalonetf","_exists_:(user_mau.1801.topfacemobappandroid OR user_mau.1801.topfacemobappios OR user_mau.1801.topface OR user_mau.1801.standalonetf)",240
"2016-02-01 00:00:00","first_app:standalonetf","_exists_:(user_mau.1802.topfacemobappandroid OR user_mau.1802.topfacemobappios OR user_mau.1802.topface OR user_mau.1802.standalonetf)",190
"2016-02-01 00:00:00","first_app:topface AND platform:vk","*","12,786"
"2016-02-01 00:00:00","first_app:topface AND platform:vk","_exists_:(user_mau.1501.topfacemobappandroid OR user_mau.1501.topfacemobappios OR user_mau.1501.topface OR user_mau.1501.standalonetf)",0
"2016-02-01 00:00:00","first_app:topface AND platform:vk","_exists_:(user_mau.1502.topfacemobappandroid OR user_mau.1502.topfacemobappios OR user_mau.1502.topface OR user_mau.1502.standalonetf)",0
"2016-02-01 00:00:00","first_app:topface AND platform:vk","_exists_:(user_mau.1503.topfacemobappandroid OR user_mau.1503.topfacemobappios OR user_mau.1503.topface OR user_mau.1503.standalonetf)",0
"2016-02-01 00:00:00","first_app:topface AND platform:vk","_exists_:(user_mau.1504.topfacemobappandroid OR user_mau.1504.topfacemobappios OR user_mau.1504.topface OR user_mau.1504.standalonetf)",0
"2016-02-01 00:00:00","first_app:topface AND platform:vk","_exists_:(user_mau.1505.topfacemobappandroid OR user_mau.1505.topfacemobappios OR user_mau.1505.topface OR user_mau.1505.standalonetf)",0
"2016-02-01 00:00:00","first_app:topface AND platform:vk","_exists_:(user_mau.1506.topfacemobappandroid OR user_mau.1506.topfacemobappios OR user_mau.1506.topface OR user_mau.1506.standalonetf)",0
"2016-02-01 00:00:00","first_app:topface AND platform:vk","_exists_:(user_mau.1507.topfacemobappandroid OR user_mau.1507.topfacemobappios OR user_mau.1507.topface OR user_mau.1507.standalonetf)",0
"2016-02-01 00:00:00","first_app:topface AND platform:vk","_exists_:(user_mau.1508.topfacemobappandroid OR user_mau.1508.topfacemobappios OR user_mau.1508.topface OR user_mau.1508.standalonetf)",0
"2016-02-01 00:00:00","first_app:topface AND platform:vk","_exists_:(user_mau.1509.topfacemobappandroid OR user_mau.1509.topfacemobappios OR user_mau.1509.topface OR user_mau.1509.standalonetf)",0
"2016-02-01 00:00:00","first_app:topface AND platform:vk","_exists_:(user_mau.1510.topfacemobappandroid OR user_mau.1510.topfacemobappios OR user_mau.1510.topface OR user_mau.1510.standalonetf)",0
"2016-02-01 00:00:00","first_app:topface AND platform:vk","_exists_:(user_mau.1511.topfacemobappandroid OR user_mau.1511.topfacemobappios OR user_mau.1511.topface OR user_mau.1511.standalonetf)",0
"2016-02-01 00:00:00","first_app:topface AND platform:vk","_exists_:(user_mau.1512.topfacemobappandroid OR user_mau.1512.topfacemobappios OR user_mau.1512.topface OR user_mau.1512.standalonetf)",0
"2016-02-01 00:00:00","first_app:topface AND platform:vk","_exists_:(user_mau.1601.topfacemobappandroid OR user_mau.1601.topfacemobappios OR user_mau.1601.topface OR user_mau.1601.standalonetf)",104
"2016-02-01 00:00:00","first_app:topface AND platform:vk","_exists_:(user_mau.1602.topfacemobappandroid OR user_mau.1602.topfacemobappios OR user_mau.1602.topface OR user_mau.1602.standalonetf)","12,750"
"2016-02-01 00:00:00","first_app:topface AND platform:vk","_exists_:(user_mau.1603.topfacemobappandroid OR user_mau.1603.topfacemobappios OR user_mau.1603.topface OR user_mau.1603.standalonetf)","4,854"
"2016-02-01 00:00:00","first_app:topface AND platform:vk","_exists_:(user_mau.1604.topfacemobappandroid OR user_mau.1604.topfacemobappios OR user_mau.1604.topface OR user_mau.1604.standalonetf)","2,861"
"2016-02-01 00:00:00","first_app:topface AND platform:vk","_exists_:(user_mau.1605.topfacemobappandroid OR user_mau.1605.topfacemobappios OR user_mau.1605.topface OR user_mau.1605.standalonetf)","2,196"
"2016-02-01 00:00:00","first_app:topface AND platform:vk","_exists_:(user_mau.1606.topfacemobappandroid OR user_mau.1606.topfacemobappios OR user_mau.1606.topface OR user_mau.1606.standalonetf)","1,817"
"2016-02-01 00:00:00","first_app:topface AND platform:vk","_exists_:(user_mau.1607.topfacemobappandroid OR user_mau.1607.topfacemobappios OR user_mau.1607.topface OR user_mau.1607.standalonetf)","1,621"
"2016-02-01 00:00:00","first_app:topface AND platform:vk","_exists_:(user_mau.1608.topfacemobappandroid OR user_mau.1608.topfacemobappios OR user_mau.1608.topface OR user_mau.1608.standalonetf)","1,485"
"2016-02-01 00:00:00","first_app:topface AND platform:vk","_exists_:(user_mau.1609.topfacemobappandroid OR user_mau.1609.topfacemobappios OR user_mau.1609.topface OR user_mau.1609.standalonetf)","1,287"
"2016-02-01 00:00:00","first_app:topface AND platform:vk","_exists_:(user_mau.1610.topfacemobappandroid OR user_mau.1610.topfacemobappios OR user_mau.1610.topface OR user_mau.1610.standalonetf)","1,145"
"2016-02-01 00:00:00","first_app:topface AND platform:vk","_exists_:(user_mau.1611.topfacemobappandroid OR user_mau.1611.topfacemobappios OR user_mau.1611.topface OR user_mau.1611.standalonetf)",916
"2016-02-01 00:00:00","first_app:topface AND platform:vk","_exists_:(user_mau.1612.topfacemobappandroid OR user_mau.1612.topfacemobappios OR user_mau.1612.topface OR user_mau.1612.standalonetf)",899
"2016-02-01 00:00:00","first_app:topface AND platform:vk","_exists_:(user_mau.1701.topfacemobappandroid OR user_mau.1701.topfacemobappios OR user_mau.1701.topface OR user_mau.1701.standalonetf)",881
"2016-02-01 00:00:00","first_app:topface AND platform:vk","_exists_:(user_mau.1702.topfacemobappandroid OR user_mau.1702.topfacemobappios OR user_mau.1702.topface OR user_mau.1702.standalonetf)",732
"2016-02-01 00:00:00","first_app:topface AND platform:vk","_exists_:(user_mau.1703.topfacemobappandroid OR user_mau.1703.topfacemobappios OR user_mau.1703.topface OR user_mau.1703.standalonetf)",654
"2016-02-01 00:00:00","first_app:topface AND platform:vk","_exists_:(user_mau.1704.topfacemobappandroid OR user_mau.1704.topfacemobappios OR user_mau.1704.topface OR user_mau.1704.standalonetf)",613
"2016-02-01 00:00:00","first_app:topface AND platform:vk","_exists_:(user_mau.1705.topfacemobappandroid OR user_mau.1705.topfacemobappios OR user_mau.1705.topface OR user_mau.1705.standalonetf)",591
"2016-02-01 00:00:00","first_app:topface AND platform:vk","_exists_:(user_mau.1706.topfacemobappandroid OR user_mau.1706.topfacemobappios OR user_mau.1706.topface OR user_mau.1706.standalonetf)",510
"2016-02-01 00:00:00","first_app:topface AND platform:vk","_exists_:(user_mau.1707.topfacemobappandroid OR user_mau.1707.topfacemobappios OR user_mau.1707.topface OR user_mau.1707.standalonetf)",443
"2016-02-01 00:00:00","first_app:topface AND platform:vk","_exists_:(user_mau.1708.topfacemobappandroid OR user_mau.1708.topfacemobappios OR user_mau.1708.topface OR user_mau.1708.standalonetf)",428
"2016-02-01 00:00:00","first_app:topface AND platform:vk","_exists_:(user_mau.1709.topfacemobappandroid OR user_mau.1709.topfacemobappios OR user_mau.1709.topface OR user_mau.1709.standalonetf)",433
"2016-02-01 00:00:00","first_app:topface AND platform:vk","_exists_:(user_mau.1710.topfacemobappandroid OR user_mau.1710.topfacemobappios OR user_mau.1710.topface OR user_mau.1710.standalonetf)",453
"2016-02-01 00:00:00","first_app:topface AND platform:vk","_exists_:(user_mau.1711.topfacemobappandroid OR user_mau.1711.topfacemobappios OR user_mau.1711.topface OR user_mau.1711.standalonetf)",459
"2016-02-01 00:00:00","first_app:topface AND platform:vk","_exists_:(user_mau.1712.topfacemobappandroid OR user_mau.1712.topfacemobappios OR user_mau.1712.topface OR user_mau.1712.standalonetf)",384
"2016-02-01 00:00:00","first_app:topface AND platform:vk","_exists_:(user_mau.1801.topfacemobappandroid OR user_mau.1801.topfacemobappios OR user_mau.1801.topface OR user_mau.1801.standalonetf)",368
"2016-02-01 00:00:00","first_app:topface AND platform:vk","_exists_:(user_mau.1802.topfacemobappandroid OR user_mau.1802.topfacemobappios OR user_mau.1802.topface OR user_mau.1802.standalonetf)",343
"2016-02-01 00:00:00","first_app:topface AND platform:ok","*","15,075"
"2016-02-01 00:00:00","first_app:topface AND platform:ok","_exists_:(user_mau.1501.topfacemobappandroid OR user_mau.1501.topfacemobappios OR user_mau.1501.topface OR user_mau.1501.standalonetf)",0
"2016-02-01 00:00:00","first_app:topface AND platform:ok","_exists_:(user_mau.1502.topfacemobappandroid OR user_mau.1502.topfacemobappios OR user_mau.1502.topface OR user_mau.1502.standalonetf)",0
"2016-02-01 00:00:00","first_app:topface AND platform:ok","_exists_:(user_mau.1503.topfacemobappandroid OR user_mau.1503.topfacemobappios OR user_mau.1503.topface OR user_mau.1503.standalonetf)",0
"2016-02-01 00:00:00","first_app:topface AND platform:ok","_exists_:(user_mau.1504.topfacemobappandroid OR user_mau.1504.topfacemobappios OR user_mau.1504.topface OR user_mau.1504.standalonetf)",0
"2016-02-01 00:00:00","first_app:topface AND platform:ok","_exists_:(user_mau.1505.topfacemobappandroid OR user_mau.1505.topfacemobappios OR user_mau.1505.topface OR user_mau.1505.standalonetf)",0
"2016-02-01 00:00:00","first_app:topface AND platform:ok","_exists_:(user_mau.1506.topfacemobappandroid OR user_mau.1506.topfacemobappios OR user_mau.1506.topface OR user_mau.1506.standalonetf)",0
"2016-02-01 00:00:00","first_app:topface AND platform:ok","_exists_:(user_mau.1507.topfacemobappandroid OR user_mau.1507.topfacemobappios OR user_mau.1507.topface OR user_mau.1507.standalonetf)",0
"2016-02-01 00:00:00","first_app:topface AND platform:ok","_exists_:(user_mau.1508.topfacemobappandroid OR user_mau.1508.topfacemobappios OR user_mau.1508.topface OR user_mau.1508.standalonetf)",0
"2016-02-01 00:00:00","first_app:topface AND platform:ok","_exists_:(user_mau.1509.topfacemobappandroid OR user_mau.1509.topfacemobappios OR user_mau.1509.topface OR user_mau.1509.standalonetf)",0
"2016-02-01 00:00:00","first_app:topface AND platform:ok","_exists_:(user_mau.1510.topfacemobappandroid OR user_mau.1510.topfacemobappios OR user_mau.1510.topface OR user_mau.1510.standalonetf)",0
"2016-02-01 00:00:00","first_app:topface AND platform:ok","_exists_:(user_mau.1511.topfacemobappandroid OR user_mau.1511.topfacemobappios OR user_mau.1511.topface OR user_mau.1511.standalonetf)",0
"2016-02-01 00:00:00","first_app:topface AND platform:ok","_exists_:(user_mau.1512.topfacemobappandroid OR user_mau.1512.topfacemobappios OR user_mau.1512.topface OR user_mau.1512.standalonetf)",0
"2016-02-01 00:00:00","first_app:topface AND platform:ok","_exists_:(user_mau.1601.topfacemobappandroid OR user_mau.1601.topfacemobappios OR user_mau.1601.topface OR user_mau.1601.standalonetf)",0
"2016-02-01 00:00:00","first_app:topface AND platform:ok","_exists_:(user_mau.1602.topfacemobappandroid OR user_mau.1602.topfacemobappios OR user_mau.1602.topface OR user_mau.1602.standalonetf)","15,074"
"2016-02-01 00:00:00","first_app:topface AND platform:ok","_exists_:(user_mau.1603.topfacemobappandroid OR user_mau.1603.topfacemobappios OR user_mau.1603.topface OR user_mau.1603.standalonetf)","2,032"
"2016-02-01 00:00:00","first_app:topface AND platform:ok","_exists_:(user_mau.1604.topfacemobappandroid OR user_mau.1604.topfacemobappios OR user_mau.1604.topface OR user_mau.1604.standalonetf)","1,074"
"2016-02-01 00:00:00","first_app:topface AND platform:ok","_exists_:(user_mau.1605.topfacemobappandroid OR user_mau.1605.topfacemobappios OR user_mau.1605.topface OR user_mau.1605.standalonetf)",674
"2016-02-01 00:00:00","first_app:topface AND platform:ok","_exists_:(user_mau.1606.topfacemobappandroid OR user_mau.1606.topfacemobappios OR user_mau.1606.topface OR user_mau.1606.standalonetf)",518
"2016-02-01 00:00:00","first_app:topface AND platform:ok","_exists_:(user_mau.1607.topfacemobappandroid OR user_mau.1607.topfacemobappios OR user_mau.1607.topface OR user_mau.1607.standalonetf)",410
"2016-02-01 00:00:00","first_app:topface AND platform:ok","_exists_:(user_mau.1608.topfacemobappandroid OR user_mau.1608.topfacemobappios OR user_mau.1608.topface OR user_mau.1608.standalonetf)",332
"2016-02-01 00:00:00","first_app:topface AND platform:ok","_exists_:(user_mau.1609.topfacemobappandroid OR user_mau.1609.topfacemobappios OR user_mau.1609.topface OR user_mau.1609.standalonetf)",412
"2016-02-01 00:00:00","first_app:topface AND platform:ok","_exists_:(user_mau.1610.topfacemobappandroid OR user_mau.1610.topfacemobappios OR user_mau.1610.topface OR user_mau.1610.standalonetf)",329
"2016-02-01 00:00:00","first_app:topface AND platform:ok","_exists_:(user_mau.1611.topfacemobappandroid OR user_mau.1611.topfacemobappios OR user_mau.1611.topface OR user_mau.1611.standalonetf)",299
"2016-02-01 00:00:00","first_app:topface AND platform:ok","_exists_:(user_mau.1612.topfacemobappandroid OR user_mau.1612.topfacemobappios OR user_mau.1612.topface OR user_mau.1612.standalonetf)",297
"2016-02-01 00:00:00","first_app:topface AND platform:ok","_exists_:(user_mau.1701.topfacemobappandroid OR user_mau.1701.topfacemobappios OR user_mau.1701.topface OR user_mau.1701.standalonetf)",295
"2016-02-01 00:00:00","first_app:topface AND platform:ok","_exists_:(user_mau.1702.topfacemobappandroid OR user_mau.1702.topfacemobappios OR user_mau.1702.topface OR user_mau.1702.standalonetf)",227
"2016-02-01 00:00:00","first_app:topface AND platform:ok","_exists_:(user_mau.1703.topfacemobappandroid OR user_mau.1703.topfacemobappios OR user_mau.1703.topface OR user_mau.1703.standalonetf)",205
"2016-02-01 00:00:00","first_app:topface AND platform:ok","_exists_:(user_mau.1704.topfacemobappandroid OR user_mau.1704.topfacemobappios OR user_mau.1704.topface OR user_mau.1704.standalonetf)",200
"2016-02-01 00:00:00","first_app:topface AND platform:ok","_exists_:(user_mau.1705.topfacemobappandroid OR user_mau.1705.topfacemobappios OR user_mau.1705.topface OR user_mau.1705.standalonetf)",176
"2016-02-01 00:00:00","first_app:topface AND platform:ok","_exists_:(user_mau.1706.topfacemobappandroid OR user_mau.1706.topfacemobappios OR user_mau.1706.topface OR user_mau.1706.standalonetf)",192
"2016-02-01 00:00:00","first_app:topface AND platform:ok","_exists_:(user_mau.1707.topfacemobappandroid OR user_mau.1707.topfacemobappios OR user_mau.1707.topface OR user_mau.1707.standalonetf)",156
"2016-02-01 00:00:00","first_app:topface AND platform:ok","_exists_:(user_mau.1708.topfacemobappandroid OR user_mau.1708.topfacemobappios OR user_mau.1708.topface OR user_mau.1708.standalonetf)",160
"2016-02-01 00:00:00","first_app:topface AND platform:ok","_exists_:(user_mau.1709.topfacemobappandroid OR user_mau.1709.topfacemobappios OR user_mau.1709.topface OR user_mau.1709.standalonetf)",158
"2016-02-01 00:00:00","first_app:topface AND platform:ok","_exists_:(user_mau.1710.topfacemobappandroid OR user_mau.1710.topfacemobappios OR user_mau.1710.topface OR user_mau.1710.standalonetf)",148
"2016-02-01 00:00:00","first_app:topface AND platform:ok","_exists_:(user_mau.1711.topfacemobappandroid OR user_mau.1711.topfacemobappios OR user_mau.1711.topface OR user_mau.1711.standalonetf)",158
"2016-02-01 00:00:00","first_app:topface AND platform:ok","_exists_:(user_mau.1712.topfacemobappandroid OR user_mau.1712.topfacemobappios OR user_mau.1712.topface OR user_mau.1712.standalonetf)",132
"2016-02-01 00:00:00","first_app:topface AND platform:ok","_exists_:(user_mau.1801.topfacemobappandroid OR user_mau.1801.topfacemobappios OR user_mau.1801.topface OR user_mau.1801.standalonetf)",127
"2016-02-01 00:00:00","first_app:topface AND platform:ok","_exists_:(user_mau.1802.topfacemobappandroid OR user_mau.1802.topfacemobappios OR user_mau.1802.topface OR user_mau.1802.standalonetf)",113
"2016-02-01 00:00:00","first_app:topface AND platform:fb","*","27,921"
"2016-02-01 00:00:00","first_app:topface AND platform:fb","_exists_:(user_mau.1501.topfacemobappandroid OR user_mau.1501.topfacemobappios OR user_mau.1501.topface OR user_mau.1501.standalonetf)",0
"2016-02-01 00:00:00","first_app:topface AND platform:fb","_exists_:(user_mau.1502.topfacemobappandroid OR user_mau.1502.topfacemobappios OR user_mau.1502.topface OR user_mau.1502.standalonetf)",0
"2016-02-01 00:00:00","first_app:topface AND platform:fb","_exists_:(user_mau.1503.topfacemobappandroid OR user_mau.1503.topfacemobappios OR user_mau.1503.topface OR user_mau.1503.standalonetf)",0
"2016-02-01 00:00:00","first_app:topface AND platform:fb","_exists_:(user_mau.1504.topfacemobappandroid OR user_mau.1504.topfacemobappios OR user_mau.1504.topface OR user_mau.1504.standalonetf)",0
"2016-02-01 00:00:00","first_app:topface AND platform:fb","_exists_:(user_mau.1505.topfacemobappandroid OR user_mau.1505.topfacemobappios OR user_mau.1505.topface OR user_mau.1505.standalonetf)",0
"2016-02-01 00:00:00","first_app:topface AND platform:fb","_exists_:(user_mau.1506.topfacemobappandroid OR user_mau.1506.topfacemobappios OR user_mau.1506.topface OR user_mau.1506.standalonetf)",0
"2016-02-01 00:00:00","first_app:topface AND platform:fb","_exists_:(user_mau.1507.topfacemobappandroid OR user_mau.1507.topfacemobappios OR user_mau.1507.topface OR user_mau.1507.standalonetf)",0
"2016-02-01 00:00:00","first_app:topface AND platform:fb","_exists_:(user_mau.1508.topfacemobappandroid OR user_mau.1508.topfacemobappios OR user_mau.1508.topface OR user_mau.1508.standalonetf)",0
"2016-02-01 00:00:00","first_app:topface AND platform:fb","_exists_:(user_mau.1509.topfacemobappandroid OR user_mau.1509.topfacemobappios OR user_mau.1509.topface OR user_mau.1509.standalonetf)",0
"2016-02-01 00:00:00","first_app:topface AND platform:fb","_exists_:(user_mau.1510.topfacemobappandroid OR user_mau.1510.topfacemobappios OR user_mau.1510.topface OR user_mau.1510.standalonetf)",0
"2016-02-01 00:00:00","first_app:topface AND platform:fb","_exists_:(user_mau.1511.topfacemobappandroid OR user_mau.1511.topfacemobappios OR user_mau.1511.topface OR user_mau.1511.standalonetf)",0
"2016-02-01 00:00:00","first_app:topface AND platform:fb","_exists_:(user_mau.1512.topfacemobappandroid OR user_mau.1512.topfacemobappios OR user_mau.1512.topface OR user_mau.1512.standalonetf)",0
"2016-02-01 00:00:00","first_app:topface AND platform:fb","_exists_:(user_mau.1601.topfacemobappandroid OR user_mau.1601.topfacemobappios OR user_mau.1601.topface OR user_mau.1601.standalonetf)",82
"2016-02-01 00:00:00","first_app:topface AND platform:fb","_exists_:(user_mau.1602.topfacemobappandroid OR user_mau.1602.topfacemobappios OR user_mau.1602.topface OR user_mau.1602.standalonetf)","27,768"
"2016-02-01 00:00:00","first_app:topface AND platform:fb","_exists_:(user_mau.1603.topfacemobappandroid OR user_mau.1603.topfacemobappios OR user_mau.1603.topface OR user_mau.1603.standalonetf)","8,351"
"2016-02-01 00:00:00","first_app:topface AND platform:fb","_exists_:(user_mau.1604.topfacemobappandroid OR user_mau.1604.topfacemobappios OR user_mau.1604.topface OR user_mau.1604.standalonetf)","5,860"
"2016-02-01 00:00:00","first_app:topface AND platform:fb","_exists_:(user_mau.1605.topfacemobappandroid OR user_mau.1605.topfacemobappios OR user_mau.1605.topface OR user_mau.1605.standalonetf)","3,015"
"2016-02-01 00:00:00","first_app:topface AND platform:fb","_exists_:(user_mau.1606.topfacemobappandroid OR user_mau.1606.topfacemobappios OR user_mau.1606.topface OR user_mau.1606.standalonetf)","2,516"
"2016-02-01 00:00:00","first_app:topface AND platform:fb","_exists_:(user_mau.1607.topfacemobappandroid OR user_mau.1607.topfacemobappios OR user_mau.1607.topface OR user_mau.1607.standalonetf)","1,757"
"2016-02-01 00:00:00","first_app:topface AND platform:fb","_exists_:(user_mau.1608.topfacemobappandroid OR user_mau.1608.topfacemobappios OR user_mau.1608.topface OR user_mau.1608.standalonetf)","1,469"
"2016-02-01 00:00:00","first_app:topface AND platform:fb","_exists_:(user_mau.1609.topfacemobappandroid OR user_mau.1609.topfacemobappios OR user_mau.1609.topface OR user_mau.1609.standalonetf)","1,278"
"2016-02-01 00:00:00","first_app:topface AND platform:fb","_exists_:(user_mau.1610.topfacemobappandroid OR user_mau.1610.topfacemobappios OR user_mau.1610.topface OR user_mau.1610.standalonetf)","1,182"
"2016-02-01 00:00:00","first_app:topface AND platform:fb","_exists_:(user_mau.1611.topfacemobappandroid OR user_mau.1611.topfacemobappios OR user_mau.1611.topface OR user_mau.1611.standalonetf)",995
"2016-02-01 00:00:00","first_app:topface AND platform:fb","_exists_:(user_mau.1612.topfacemobappandroid OR user_mau.1612.topfacemobappios OR user_mau.1612.topface OR user_mau.1612.standalonetf)",793
"2016-02-01 00:00:00","first_app:topface AND platform:fb","_exists_:(user_mau.1701.topfacemobappandroid OR user_mau.1701.topfacemobappios OR user_mau.1701.topface OR user_mau.1701.standalonetf)",693
"2016-02-01 00:00:00","first_app:topface AND platform:fb","_exists_:(user_mau.1702.topfacemobappandroid OR user_mau.1702.topfacemobappios OR user_mau.1702.topface OR user_mau.1702.standalonetf)","1,136"
"2016-02-01 00:00:00","first_app:topface AND platform:fb","_exists_:(user_mau.1703.topfacemobappandroid OR user_mau.1703.topfacemobappios OR user_mau.1703.topface OR user_mau.1703.standalonetf)",672
"2016-02-01 00:00:00","first_app:topface AND platform:fb","_exists_:(user_mau.1704.topfacemobappandroid OR user_mau.1704.topfacemobappios OR user_mau.1704.topface OR user_mau.1704.standalonetf)",432
"2016-02-01 00:00:00","first_app:topface AND platform:fb","_exists_:(user_mau.1705.topfacemobappandroid OR user_mau.1705.topfacemobappios OR user_mau.1705.topface OR user_mau.1705.standalonetf)",846
"2016-02-01 00:00:00","first_app:topface AND platform:fb","_exists_:(user_mau.1706.topfacemobappandroid OR user_mau.1706.topfacemobappios OR user_mau.1706.topface OR user_mau.1706.standalonetf)",775
"2016-02-01 00:00:00","first_app:topface AND platform:fb","_exists_:(user_mau.1707.topfacemobappandroid OR user_mau.1707.topfacemobappios OR user_mau.1707.topface OR user_mau.1707.standalonetf)",707
"2016-02-01 00:00:00","first_app:topface AND platform:fb","_exists_:(user_mau.1708.topfacemobappandroid OR user_mau.1708.topfacemobappios OR user_mau.1708.topface OR user_mau.1708.standalonetf)",794
"2016-02-01 00:00:00","first_app:topface AND platform:fb","_exists_:(user_mau.1709.topfacemobappandroid OR user_mau.1709.topfacemobappios OR user_mau.1709.topface OR user_mau.1709.standalonetf)",735
"2016-02-01 00:00:00","first_app:topface AND platform:fb","_exists_:(user_mau.1710.topfacemobappandroid OR user_mau.1710.topfacemobappios OR user_mau.1710.topface OR user_mau.1710.standalonetf)",543
"2016-02-01 00:00:00","first_app:topface AND platform:fb","_exists_:(user_mau.1711.topfacemobappandroid OR user_mau.1711.topfacemobappios OR user_mau.1711.topface OR user_mau.1711.standalonetf)",747
"2016-02-01 00:00:00","first_app:topface AND platform:fb","_exists_:(user_mau.1712.topfacemobappandroid OR user_mau.1712.topfacemobappios OR user_mau.1712.topface OR user_mau.1712.standalonetf)",488
"2016-02-01 00:00:00","first_app:topface AND platform:fb","_exists_:(user_mau.1801.topfacemobappandroid OR user_mau.1801.topfacemobappios OR user_mau.1801.topface OR user_mau.1801.standalonetf)",419
"2016-02-01 00:00:00","first_app:topface AND platform:fb","_exists_:(user_mau.1802.topfacemobappandroid OR user_mau.1802.topfacemobappios OR user_mau.1802.topface OR user_mau.1802.standalonetf)",412
"2016-03-01 00:00:00","first_app:topfacemobappandroid","*","34,181"
"2016-03-01 00:00:00","first_app:topfacemobappandroid","_exists_:(user_mau.1501.topfacemobappandroid OR user_mau.1501.topfacemobappios OR user_mau.1501.topface OR user_mau.1501.standalonetf)",0
"2016-03-01 00:00:00","first_app:topfacemobappandroid","_exists_:(user_mau.1502.topfacemobappandroid OR user_mau.1502.topfacemobappios OR user_mau.1502.topface OR user_mau.1502.standalonetf)",0
"2016-03-01 00:00:00","first_app:topfacemobappandroid","_exists_:(user_mau.1503.topfacemobappandroid OR user_mau.1503.topfacemobappios OR user_mau.1503.topface OR user_mau.1503.standalonetf)",0
"2016-03-01 00:00:00","first_app:topfacemobappandroid","_exists_:(user_mau.1504.topfacemobappandroid OR user_mau.1504.topfacemobappios OR user_mau.1504.topface OR user_mau.1504.standalonetf)",0
"2016-03-01 00:00:00","first_app:topfacemobappandroid","_exists_:(user_mau.1505.topfacemobappandroid OR user_mau.1505.topfacemobappios OR user_mau.1505.topface OR user_mau.1505.standalonetf)",0
"2016-03-01 00:00:00","first_app:topfacemobappandroid","_exists_:(user_mau.1506.topfacemobappandroid OR user_mau.1506.topfacemobappios OR user_mau.1506.topface OR user_mau.1506.standalonetf)",0
"2016-03-01 00:00:00","first_app:topfacemobappandroid","_exists_:(user_mau.1507.topfacemobappandroid OR user_mau.1507.topfacemobappios OR user_mau.1507.topface OR user_mau.1507.standalonetf)",0
"2016-03-01 00:00:00","first_app:topfacemobappandroid","_exists_:(user_mau.1508.topfacemobappandroid OR user_mau.1508.topfacemobappios OR user_mau.1508.topface OR user_mau.1508.standalonetf)",0
"2016-03-01 00:00:00","first_app:topfacemobappandroid","_exists_:(user_mau.1509.topfacemobappandroid OR user_mau.1509.topfacemobappios OR user_mau.1509.topface OR user_mau.1509.standalonetf)",0
"2016-03-01 00:00:00","first_app:topfacemobappandroid","_exists_:(user_mau.1510.topfacemobappandroid OR user_mau.1510.topfacemobappios OR user_mau.1510.topface OR user_mau.1510.standalonetf)",0
"2016-03-01 00:00:00","first_app:topfacemobappandroid","_exists_:(user_mau.1511.topfacemobappandroid OR user_mau.1511.topfacemobappios OR user_mau.1511.topface OR user_mau.1511.standalonetf)",0
"2016-03-01 00:00:00","first_app:topfacemobappandroid","_exists_:(user_mau.1512.topfacemobappandroid OR user_mau.1512.topfacemobappios OR user_mau.1512.topface OR user_mau.1512.standalonetf)",0
"2016-03-01 00:00:00","first_app:topfacemobappandroid","_exists_:(user_mau.1601.topfacemobappandroid OR user_mau.1601.topfacemobappios OR user_mau.1601.topface OR user_mau.1601.standalonetf)",0
"2016-03-01 00:00:00","first_app:topfacemobappandroid","_exists_:(user_mau.1602.topfacemobappandroid OR user_mau.1602.topfacemobappios OR user_mau.1602.topface OR user_mau.1602.standalonetf)",222
"2016-03-01 00:00:00","first_app:topfacemobappandroid","_exists_:(user_mau.1603.topfacemobappandroid OR user_mau.1603.topfacemobappios OR user_mau.1603.topface OR user_mau.1603.standalonetf)","34,084"
"2016-03-01 00:00:00","first_app:topfacemobappandroid","_exists_:(user_mau.1604.topfacemobappandroid OR user_mau.1604.topfacemobappios OR user_mau.1604.topface OR user_mau.1604.standalonetf)","8,312"
"2016-03-01 00:00:00","first_app:topfacemobappandroid","_exists_:(user_mau.1605.topfacemobappandroid OR user_mau.1605.topfacemobappios OR user_mau.1605.topface OR user_mau.1605.standalonetf)","4,145"
"2016-03-01 00:00:00","first_app:topfacemobappandroid","_exists_:(user_mau.1606.topfacemobappandroid OR user_mau.1606.topfacemobappios OR user_mau.1606.topface OR user_mau.1606.standalonetf)","2,414"
"2016-03-01 00:00:00","first_app:topfacemobappandroid","_exists_:(user_mau.1607.topfacemobappandroid OR user_mau.1607.topfacemobappios OR user_mau.1607.topface OR user_mau.1607.standalonetf)","1,911"
"2016-03-01 00:00:00","first_app:topfacemobappandroid","_exists_:(user_mau.1608.topfacemobappandroid OR user_mau.1608.topfacemobappios OR user_mau.1608.topface OR user_mau.1608.standalonetf)","1,515"
"2016-03-01 00:00:00","first_app:topfacemobappandroid","_exists_:(user_mau.1609.topfacemobappandroid OR user_mau.1609.topfacemobappios OR user_mau.1609.topface OR user_mau.1609.standalonetf)","1,253"
"2016-03-01 00:00:00","first_app:topfacemobappandroid","_exists_:(user_mau.1610.topfacemobappandroid OR user_mau.1610.topfacemobappios OR user_mau.1610.topface OR user_mau.1610.standalonetf)","1,180"
"2016-03-01 00:00:00","first_app:topfacemobappandroid","_exists_:(user_mau.1611.topfacemobappandroid OR user_mau.1611.topfacemobappios OR user_mau.1611.topface OR user_mau.1611.standalonetf)","1,000"
"2016-03-01 00:00:00","first_app:topfacemobappandroid","_exists_:(user_mau.1612.topfacemobappandroid OR user_mau.1612.topfacemobappios OR user_mau.1612.topface OR user_mau.1612.standalonetf)",895
"2016-03-01 00:00:00","first_app:topfacemobappandroid","_exists_:(user_mau.1701.topfacemobappandroid OR user_mau.1701.topfacemobappios OR user_mau.1701.topface OR user_mau.1701.standalonetf)",791
"2016-03-01 00:00:00","first_app:topfacemobappandroid","_exists_:(user_mau.1702.topfacemobappandroid OR user_mau.1702.topfacemobappios OR user_mau.1702.topface OR user_mau.1702.standalonetf)",693
"2016-03-01 00:00:00","first_app:topfacemobappandroid","_exists_:(user_mau.1703.topfacemobappandroid OR user_mau.1703.topfacemobappios OR user_mau.1703.topface OR user_mau.1703.standalonetf)",665
"2016-03-01 00:00:00","first_app:topfacemobappandroid","_exists_:(user_mau.1704.topfacemobappandroid OR user_mau.1704.topfacemobappios OR user_mau.1704.topface OR user_mau.1704.standalonetf)",905
"2016-03-01 00:00:00","first_app:topfacemobappandroid","_exists_:(user_mau.1705.topfacemobappandroid OR user_mau.1705.topfacemobappios OR user_mau.1705.topface OR user_mau.1705.standalonetf)",755
"2016-03-01 00:00:00","first_app:topfacemobappandroid","_exists_:(user_mau.1706.topfacemobappandroid OR user_mau.1706.topfacemobappios OR user_mau.1706.topface OR user_mau.1706.standalonetf)",610
"2016-03-01 00:00:00","first_app:topfacemobappandroid","_exists_:(user_mau.1707.topfacemobappandroid OR user_mau.1707.topfacemobappios OR user_mau.1707.topface OR user_mau.1707.standalonetf)",559
"2016-03-01 00:00:00","first_app:topfacemobappandroid","_exists_:(user_mau.1708.topfacemobappandroid OR user_mau.1708.topfacemobappios OR user_mau.1708.topface OR user_mau.1708.standalonetf)",712
"2016-03-01 00:00:00","first_app:topfacemobappandroid","_exists_:(user_mau.1709.topfacemobappandroid OR user_mau.1709.topfacemobappios OR user_mau.1709.topface OR user_mau.1709.standalonetf)",619
"2016-03-01 00:00:00","first_app:topfacemobappandroid","_exists_:(user_mau.1710.topfacemobappandroid OR user_mau.1710.topfacemobappios OR user_mau.1710.topface OR user_mau.1710.standalonetf)",689
"2016-03-01 00:00:00","first_app:topfacemobappandroid","_exists_:(user_mau.1711.topfacemobappandroid OR user_mau.1711.topfacemobappios OR user_mau.1711.topface OR user_mau.1711.standalonetf)",605
"2016-03-01 00:00:00","first_app:topfacemobappandroid","_exists_:(user_mau.1712.topfacemobappandroid OR user_mau.1712.topfacemobappios OR user_mau.1712.topface OR user_mau.1712.standalonetf)",492
"2016-03-01 00:00:00","first_app:topfacemobappandroid","_exists_:(user_mau.1801.topfacemobappandroid OR user_mau.1801.topfacemobappios OR user_mau.1801.topface OR user_mau.1801.standalonetf)",352
"2016-03-01 00:00:00","first_app:topfacemobappandroid","_exists_:(user_mau.1802.topfacemobappandroid OR user_mau.1802.topfacemobappios OR user_mau.1802.topface OR user_mau.1802.standalonetf)",304
"2016-03-01 00:00:00","first_app:topfacemobappios","*","9,596"
"2016-03-01 00:00:00","first_app:topfacemobappios","_exists_:(user_mau.1501.topfacemobappandroid OR user_mau.1501.topfacemobappios OR user_mau.1501.topface OR user_mau.1501.standalonetf)",0
"2016-03-01 00:00:00","first_app:topfacemobappios","_exists_:(user_mau.1502.topfacemobappandroid OR user_mau.1502.topfacemobappios OR user_mau.1502.topface OR user_mau.1502.standalonetf)",0
"2016-03-01 00:00:00","first_app:topfacemobappios","_exists_:(user_mau.1503.topfacemobappandroid OR user_mau.1503.topfacemobappios OR user_mau.1503.topface OR user_mau.1503.standalonetf)",0
"2016-03-01 00:00:00","first_app:topfacemobappios","_exists_:(user_mau.1504.topfacemobappandroid OR user_mau.1504.topfacemobappios OR user_mau.1504.topface OR user_mau.1504.standalonetf)",0
"2016-03-01 00:00:00","first_app:topfacemobappios","_exists_:(user_mau.1505.topfacemobappandroid OR user_mau.1505.topfacemobappios OR user_mau.1505.topface OR user_mau.1505.standalonetf)",0
"2016-03-01 00:00:00","first_app:topfacemobappios","_exists_:(user_mau.1506.topfacemobappandroid OR user_mau.1506.topfacemobappios OR user_mau.1506.topface OR user_mau.1506.standalonetf)",0
"2016-03-01 00:00:00","first_app:topfacemobappios","_exists_:(user_mau.1507.topfacemobappandroid OR user_mau.1507.topfacemobappios OR user_mau.1507.topface OR user_mau.1507.standalonetf)",0
"2016-03-01 00:00:00","first_app:topfacemobappios","_exists_:(user_mau.1508.topfacemobappandroid OR user_mau.1508.topfacemobappios OR user_mau.1508.topface OR user_mau.1508.standalonetf)",0
"2016-03-01 00:00:00","first_app:topfacemobappios","_exists_:(user_mau.1509.topfacemobappandroid OR user_mau.1509.topfacemobappios OR user_mau.1509.topface OR user_mau.1509.standalonetf)",0
"2016-03-01 00:00:00","first_app:topfacemobappios","_exists_:(user_mau.1510.topfacemobappandroid OR user_mau.1510.topfacemobappios OR user_mau.1510.topface OR user_mau.1510.standalonetf)",0
"2016-03-01 00:00:00","first_app:topfacemobappios","_exists_:(user_mau.1511.topfacemobappandroid OR user_mau.1511.topfacemobappios OR user_mau.1511.topface OR user_mau.1511.standalonetf)",0
"2016-03-01 00:00:00","first_app:topfacemobappios","_exists_:(user_mau.1512.topfacemobappandroid OR user_mau.1512.topfacemobappios OR user_mau.1512.topface OR user_mau.1512.standalonetf)",0
"2016-03-01 00:00:00","first_app:topfacemobappios","_exists_:(user_mau.1601.topfacemobappandroid OR user_mau.1601.topfacemobappios OR user_mau.1601.topface OR user_mau.1601.standalonetf)",0
"2016-03-01 00:00:00","first_app:topfacemobappios","_exists_:(user_mau.1602.topfacemobappandroid OR user_mau.1602.topfacemobappios OR user_mau.1602.topface OR user_mau.1602.standalonetf)",61
"2016-03-01 00:00:00","first_app:topfacemobappios","_exists_:(user_mau.1603.topfacemobappandroid OR user_mau.1603.topfacemobappios OR user_mau.1603.topface OR user_mau.1603.standalonetf)","9,570"
"2016-03-01 00:00:00","first_app:topfacemobappios","_exists_:(user_mau.1604.topfacemobappandroid OR user_mau.1604.topfacemobappios OR user_mau.1604.topface OR user_mau.1604.standalonetf)","2,384"
"2016-03-01 00:00:00","first_app:topfacemobappios","_exists_:(user_mau.1605.topfacemobappandroid OR user_mau.1605.topfacemobappios OR user_mau.1605.topface OR user_mau.1605.standalonetf)","1,144"
"2016-03-01 00:00:00","first_app:topfacemobappios","_exists_:(user_mau.1606.topfacemobappandroid OR user_mau.1606.topfacemobappios OR user_mau.1606.topface OR user_mau.1606.standalonetf)",801
"2016-03-01 00:00:00","first_app:topfacemobappios","_exists_:(user_mau.1607.topfacemobappandroid OR user_mau.1607.topfacemobappios OR user_mau.1607.topface OR user_mau.1607.standalonetf)",617
"2016-03-01 00:00:00","first_app:topfacemobappios","_exists_:(user_mau.1608.topfacemobappandroid OR user_mau.1608.topfacemobappios OR user_mau.1608.topface OR user_mau.1608.standalonetf)",413
"2016-03-01 00:00:00","first_app:topfacemobappios","_exists_:(user_mau.1609.topfacemobappandroid OR user_mau.1609.topfacemobappios OR user_mau.1609.topface OR user_mau.1609.standalonetf)",352
"2016-03-01 00:00:00","first_app:topfacemobappios","_exists_:(user_mau.1610.topfacemobappandroid OR user_mau.1610.topfacemobappios OR user_mau.1610.topface OR user_mau.1610.standalonetf)",289
"2016-03-01 00:00:00","first_app:topfacemobappios","_exists_:(user_mau.1611.topfacemobappandroid OR user_mau.1611.topfacemobappios OR user_mau.1611.topface OR user_mau.1611.standalonetf)",282
"2016-03-01 00:00:00","first_app:topfacemobappios","_exists_:(user_mau.1612.topfacemobappandroid OR user_mau.1612.topfacemobappios OR user_mau.1612.topface OR user_mau.1612.standalonetf)",248
"2016-03-01 00:00:00","first_app:topfacemobappios","_exists_:(user_mau.1701.topfacemobappandroid OR user_mau.1701.topfacemobappios OR user_mau.1701.topface OR user_mau.1701.standalonetf)",258
"2016-03-01 00:00:00","first_app:topfacemobappios","_exists_:(user_mau.1702.topfacemobappandroid OR user_mau.1702.topfacemobappios OR user_mau.1702.topface OR user_mau.1702.standalonetf)",215
"2016-03-01 00:00:00","first_app:topfacemobappios","_exists_:(user_mau.1703.topfacemobappandroid OR user_mau.1703.topfacemobappios OR user_mau.1703.topface OR user_mau.1703.standalonetf)",190
"2016-03-01 00:00:00","first_app:topfacemobappios","_exists_:(user_mau.1704.topfacemobappandroid OR user_mau.1704.topfacemobappios OR user_mau.1704.topface OR user_mau.1704.standalonetf)",156
"2016-03-01 00:00:00","first_app:topfacemobappios","_exists_:(user_mau.1705.topfacemobappandroid OR user_mau.1705.topfacemobappios OR user_mau.1705.topface OR user_mau.1705.standalonetf)",146
"2016-03-01 00:00:00","first_app:topfacemobappios","_exists_:(user_mau.1706.topfacemobappandroid OR user_mau.1706.topfacemobappios OR user_mau.1706.topface OR user_mau.1706.standalonetf)",129
"2016-03-01 00:00:00","first_app:topfacemobappios","_exists_:(user_mau.1707.topfacemobappandroid OR user_mau.1707.topfacemobappios OR user_mau.1707.topface OR user_mau.1707.standalonetf)",133
"2016-03-01 00:00:00","first_app:topfacemobappios","_exists_:(user_mau.1708.topfacemobappandroid OR user_mau.1708.topfacemobappios OR user_mau.1708.topface OR user_mau.1708.standalonetf)",151
"2016-03-01 00:00:00","first_app:topfacemobappios","_exists_:(user_mau.1709.topfacemobappandroid OR user_mau.1709.topfacemobappios OR user_mau.1709.topface OR user_mau.1709.standalonetf)",139
"2016-03-01 00:00:00","first_app:topfacemobappios","_exists_:(user_mau.1710.topfacemobappandroid OR user_mau.1710.topfacemobappios OR user_mau.1710.topface OR user_mau.1710.standalonetf)",141
"2016-03-01 00:00:00","first_app:topfacemobappios","_exists_:(user_mau.1711.topfacemobappandroid OR user_mau.1711.topfacemobappios OR user_mau.1711.topface OR user_mau.1711.standalonetf)",129
"2016-03-01 00:00:00","first_app:topfacemobappios","_exists_:(user_mau.1712.topfacemobappandroid OR user_mau.1712.topfacemobappios OR user_mau.1712.topface OR user_mau.1712.standalonetf)",136
"2016-03-01 00:00:00","first_app:topfacemobappios","_exists_:(user_mau.1801.topfacemobappandroid OR user_mau.1801.topfacemobappios OR user_mau.1801.topface OR user_mau.1801.standalonetf)",121
"2016-03-01 00:00:00","first_app:topfacemobappios","_exists_:(user_mau.1802.topfacemobappandroid OR user_mau.1802.topfacemobappios OR user_mau.1802.topface OR user_mau.1802.standalonetf)",90
"2016-03-01 00:00:00","first_app:standalonetf","*","8,939"
"2016-03-01 00:00:00","first_app:standalonetf","_exists_:(user_mau.1501.topfacemobappandroid OR user_mau.1501.topfacemobappios OR user_mau.1501.topface OR user_mau.1501.standalonetf)",0
"2016-03-01 00:00:00","first_app:standalonetf","_exists_:(user_mau.1502.topfacemobappandroid OR user_mau.1502.topfacemobappios OR user_mau.1502.topface OR user_mau.1502.standalonetf)",0
"2016-03-01 00:00:00","first_app:standalonetf","_exists_:(user_mau.1503.topfacemobappandroid OR user_mau.1503.topfacemobappios OR user_mau.1503.topface OR user_mau.1503.standalonetf)",0
"2016-03-01 00:00:00","first_app:standalonetf","_exists_:(user_mau.1504.topfacemobappandroid OR user_mau.1504.topfacemobappios OR user_mau.1504.topface OR user_mau.1504.standalonetf)",0
"2016-03-01 00:00:00","first_app:standalonetf","_exists_:(user_mau.1505.topfacemobappandroid OR user_mau.1505.topfacemobappios OR user_mau.1505.topface OR user_mau.1505.standalonetf)",0
"2016-03-01 00:00:00","first_app:standalonetf","_exists_:(user_mau.1506.topfacemobappandroid OR user_mau.1506.topfacemobappios OR user_mau.1506.topface OR user_mau.1506.standalonetf)",0
"2016-03-01 00:00:00","first_app:standalonetf","_exists_:(user_mau.1507.topfacemobappandroid OR user_mau.1507.topfacemobappios OR user_mau.1507.topface OR user_mau.1507.standalonetf)",0
"2016-03-01 00:00:00","first_app:standalonetf","_exists_:(user_mau.1508.topfacemobappandroid OR user_mau.1508.topfacemobappios OR user_mau.1508.topface OR user_mau.1508.standalonetf)",0
"2016-03-01 00:00:00","first_app:standalonetf","_exists_:(user_mau.1509.topfacemobappandroid OR user_mau.1509.topfacemobappios OR user_mau.1509.topface OR user_mau.1509.standalonetf)",0
"2016-03-01 00:00:00","first_app:standalonetf","_exists_:(user_mau.1510.topfacemobappandroid OR user_mau.1510.topfacemobappios OR user_mau.1510.topface OR user_mau.1510.standalonetf)",0
"2016-03-01 00:00:00","first_app:standalonetf","_exists_:(user_mau.1511.topfacemobappandroid OR user_mau.1511.topfacemobappios OR user_mau.1511.topface OR user_mau.1511.standalonetf)",0
"2016-03-01 00:00:00","first_app:standalonetf","_exists_:(user_mau.1512.topfacemobappandroid OR user_mau.1512.topfacemobappios OR user_mau.1512.topface OR user_mau.1512.standalonetf)",0
"2016-03-01 00:00:00","first_app:standalonetf","_exists_:(user_mau.1601.topfacemobappandroid OR user_mau.1601.topfacemobappios OR user_mau.1601.topface OR user_mau.1601.standalonetf)",0
"2016-03-01 00:00:00","first_app:standalonetf","_exists_:(user_mau.1602.topfacemobappandroid OR user_mau.1602.topfacemobappios OR user_mau.1602.topface OR user_mau.1602.standalonetf)",17
"2016-03-01 00:00:00","first_app:standalonetf","_exists_:(user_mau.1603.topfacemobappandroid OR user_mau.1603.topfacemobappios OR user_mau.1603.topface OR user_mau.1603.standalonetf)","7,842"
"2016-03-01 00:00:00","first_app:standalonetf","_exists_:(user_mau.1604.topfacemobappandroid OR user_mau.1604.topfacemobappios OR user_mau.1604.topface OR user_mau.1604.standalonetf)","2,379"
"2016-03-01 00:00:00","first_app:standalonetf","_exists_:(user_mau.1605.topfacemobappandroid OR user_mau.1605.topfacemobappios OR user_mau.1605.topface OR user_mau.1605.standalonetf)","1,345"
"2016-03-01 00:00:00","first_app:standalonetf","_exists_:(user_mau.1606.topfacemobappandroid OR user_mau.1606.topfacemobappios OR user_mau.1606.topface OR user_mau.1606.standalonetf)",892
"2016-03-01 00:00:00","first_app:standalonetf","_exists_:(user_mau.1607.topfacemobappandroid OR user_mau.1607.topfacemobappios OR user_mau.1607.topface OR user_mau.1607.standalonetf)",721
"2016-03-01 00:00:00","first_app:standalonetf","_exists_:(user_mau.1608.topfacemobappandroid OR user_mau.1608.topfacemobappios OR user_mau.1608.topface OR user_mau.1608.standalonetf)",568
"2016-03-01 00:00:00","first_app:standalonetf","_exists_:(user_mau.1609.topfacemobappandroid OR user_mau.1609.topfacemobappios OR user_mau.1609.topface OR user_mau.1609.standalonetf)",463
"2016-03-01 00:00:00","first_app:standalonetf","_exists_:(user_mau.1610.topfacemobappandroid OR user_mau.1610.topfacemobappios OR user_mau.1610.topface OR user_mau.1610.standalonetf)",409
"2016-03-01 00:00:00","first_app:standalonetf","_exists_:(user_mau.1611.topfacemobappandroid OR user_mau.1611.topfacemobappios OR user_mau.1611.topface OR user_mau.1611.standalonetf)",334
"2016-03-01 00:00:00","first_app:standalonetf","_exists_:(user_mau.1612.topfacemobappandroid OR user_mau.1612.topfacemobappios OR user_mau.1612.topface OR user_mau.1612.standalonetf)",307
"2016-03-01 00:00:00","first_app:standalonetf","_exists_:(user_mau.1701.topfacemobappandroid OR user_mau.1701.topfacemobappios OR user_mau.1701.topface OR user_mau.1701.standalonetf)",295
"2016-03-01 00:00:00","first_app:standalonetf","_exists_:(user_mau.1702.topfacemobappandroid OR user_mau.1702.topfacemobappios OR user_mau.1702.topface OR user_mau.1702.standalonetf)",265
"2016-03-01 00:00:00","first_app:standalonetf","_exists_:(user_mau.1703.topfacemobappandroid OR user_mau.1703.topfacemobappios OR user_mau.1703.topface OR user_mau.1703.standalonetf)",265
"2016-03-01 00:00:00","first_app:standalonetf","_exists_:(user_mau.1704.topfacemobappandroid OR user_mau.1704.topfacemobappios OR user_mau.1704.topface OR user_mau.1704.standalonetf)",210
"2016-03-01 00:00:00","first_app:standalonetf","_exists_:(user_mau.1705.topfacemobappandroid OR user_mau.1705.topfacemobappios OR user_mau.1705.topface OR user_mau.1705.standalonetf)",220
"2016-03-01 00:00:00","first_app:standalonetf","_exists_:(user_mau.1706.topfacemobappandroid OR user_mau.1706.topfacemobappios OR user_mau.1706.topface OR user_mau.1706.standalonetf)",191
"2016-03-01 00:00:00","first_app:standalonetf","_exists_:(user_mau.1707.topfacemobappandroid OR user_mau.1707.topfacemobappios OR user_mau.1707.topface OR user_mau.1707.standalonetf)",167
"2016-03-01 00:00:00","first_app:standalonetf","_exists_:(user_mau.1708.topfacemobappandroid OR user_mau.1708.topfacemobappios OR user_mau.1708.topface OR user_mau.1708.standalonetf)",173
"2016-03-01 00:00:00","first_app:standalonetf","_exists_:(user_mau.1709.topfacemobappandroid OR user_mau.1709.topfacemobappios OR user_mau.1709.topface OR user_mau.1709.standalonetf)",186
"2016-03-01 00:00:00","first_app:standalonetf","_exists_:(user_mau.1710.topfacemobappandroid OR user_mau.1710.topfacemobappios OR user_mau.1710.topface OR user_mau.1710.standalonetf)",149
"2016-03-01 00:00:00","first_app:standalonetf","_exists_:(user_mau.1711.topfacemobappandroid OR user_mau.1711.topfacemobappios OR user_mau.1711.topface OR user_mau.1711.standalonetf)",162
"2016-03-01 00:00:00","first_app:standalonetf","_exists_:(user_mau.1712.topfacemobappandroid OR user_mau.1712.topfacemobappios OR user_mau.1712.topface OR user_mau.1712.standalonetf)",132
"2016-03-01 00:00:00","first_app:standalonetf","_exists_:(user_mau.1801.topfacemobappandroid OR user_mau.1801.topfacemobappios OR user_mau.1801.topface OR user_mau.1801.standalonetf)",110
"2016-03-01 00:00:00","first_app:standalonetf","_exists_:(user_mau.1802.topfacemobappandroid OR user_mau.1802.topfacemobappios OR user_mau.1802.topface OR user_mau.1802.standalonetf)",109
"2016-03-01 00:00:00","first_app:topface AND platform:vk","*","4,663"
"2016-03-01 00:00:00","first_app:topface AND platform:vk","_exists_:(user_mau.1501.topfacemobappandroid OR user_mau.1501.topfacemobappios OR user_mau.1501.topface OR user_mau.1501.standalonetf)",0
"2016-03-01 00:00:00","first_app:topface AND platform:vk","_exists_:(user_mau.1502.topfacemobappandroid OR user_mau.1502.topfacemobappios OR user_mau.1502.topface OR user_mau.1502.standalonetf)",0
"2016-03-01 00:00:00","first_app:topface AND platform:vk","_exists_:(user_mau.1503.topfacemobappandroid OR user_mau.1503.topfacemobappios OR user_mau.1503.topface OR user_mau.1503.standalonetf)",0
"2016-03-01 00:00:00","first_app:topface AND platform:vk","_exists_:(user_mau.1504.topfacemobappandroid OR user_mau.1504.topfacemobappios OR user_mau.1504.topface OR user_mau.1504.standalonetf)",0
"2016-03-01 00:00:00","first_app:topface AND platform:vk","_exists_:(user_mau.1505.topfacemobappandroid OR user_mau.1505.topfacemobappios OR user_mau.1505.topface OR user_mau.1505.standalonetf)",0
"2016-03-01 00:00:00","first_app:topface AND platform:vk","_exists_:(user_mau.1506.topfacemobappandroid OR user_mau.1506.topfacemobappios OR user_mau.1506.topface OR user_mau.1506.standalonetf)",0
"2016-03-01 00:00:00","first_app:topface AND platform:vk","_exists_:(user_mau.1507.topfacemobappandroid OR user_mau.1507.topfacemobappios OR user_mau.1507.topface OR user_mau.1507.standalonetf)",0
"2016-03-01 00:00:00","first_app:topface AND platform:vk","_exists_:(user_mau.1508.topfacemobappandroid OR user_mau.1508.topfacemobappios OR user_mau.1508.topface OR user_mau.1508.standalonetf)",0
"2016-03-01 00:00:00","first_app:topface AND platform:vk","_exists_:(user_mau.1509.topfacemobappandroid OR user_mau.1509.topfacemobappios OR user_mau.1509.topface OR user_mau.1509.standalonetf)",0
"2016-03-01 00:00:00","first_app:topface AND platform:vk","_exists_:(user_mau.1510.topfacemobappandroid OR user_mau.1510.topfacemobappios OR user_mau.1510.topface OR user_mau.1510.standalonetf)",0
"2016-03-01 00:00:00","first_app:topface AND platform:vk","_exists_:(user_mau.1511.topfacemobappandroid OR user_mau.1511.topfacemobappios OR user_mau.1511.topface OR user_mau.1511.standalonetf)",0
"2016-03-01 00:00:00","first_app:topface AND platform:vk","_exists_:(user_mau.1512.topfacemobappandroid OR user_mau.1512.topfacemobappios OR user_mau.1512.topface OR user_mau.1512.standalonetf)",0
"2016-03-01 00:00:00","first_app:topface AND platform:vk","_exists_:(user_mau.1601.topfacemobappandroid OR user_mau.1601.topfacemobappios OR user_mau.1601.topface OR user_mau.1601.standalonetf)",0
"2016-03-01 00:00:00","first_app:topface AND platform:vk","_exists_:(user_mau.1602.topfacemobappandroid OR user_mau.1602.topfacemobappios OR user_mau.1602.topface OR user_mau.1602.standalonetf)",58
"2016-03-01 00:00:00","first_app:topface AND platform:vk","_exists_:(user_mau.1603.topfacemobappandroid OR user_mau.1603.topfacemobappios OR user_mau.1603.topface OR user_mau.1603.standalonetf)","4,645"
"2016-03-01 00:00:00","first_app:topface AND platform:vk","_exists_:(user_mau.1604.topfacemobappandroid OR user_mau.1604.topfacemobappios OR user_mau.1604.topface OR user_mau.1604.standalonetf)","1,340"
"2016-03-01 00:00:00","first_app:topface AND platform:vk","_exists_:(user_mau.1605.topfacemobappandroid OR user_mau.1605.topfacemobappios OR user_mau.1605.topface OR user_mau.1605.standalonetf)",948
"2016-03-01 00:00:00","first_app:topface AND platform:vk","_exists_:(user_mau.1606.topfacemobappandroid OR user_mau.1606.topfacemobappios OR user_mau.1606.topface OR user_mau.1606.standalonetf)",725
"2016-03-01 00:00:00","first_app:topface AND platform:vk","_exists_:(user_mau.1607.topfacemobappandroid OR user_mau.1607.topfacemobappios OR user_mau.1607.topface OR user_mau.1607.standalonetf)",673
"2016-03-01 00:00:00","first_app:topface AND platform:vk","_exists_:(user_mau.1608.topfacemobappandroid OR user_mau.1608.topfacemobappios OR user_mau.1608.topface OR user_mau.1608.standalonetf)",583
"2016-03-01 00:00:00","first_app:topface AND platform:vk","_exists_:(user_mau.1609.topfacemobappandroid OR user_mau.1609.topfacemobappios OR user_mau.1609.topface OR user_mau.1609.standalonetf)",487
"2016-03-01 00:00:00","first_app:topface AND platform:vk","_exists_:(user_mau.1610.topfacemobappandroid OR user_mau.1610.topfacemobappios OR user_mau.1610.topface OR user_mau.1610.standalonetf)",446
"2016-03-01 00:00:00","first_app:topface AND platform:vk","_exists_:(user_mau.1611.topfacemobappandroid OR user_mau.1611.topfacemobappios OR user_mau.1611.topface OR user_mau.1611.standalonetf)",333
"2016-03-01 00:00:00","first_app:topface AND platform:vk","_exists_:(user_mau.1612.topfacemobappandroid OR user_mau.1612.topfacemobappios OR user_mau.1612.topface OR user_mau.1612.standalonetf)",318
"2016-03-01 00:00:00","first_app:topface AND platform:vk","_exists_:(user_mau.1701.topfacemobappandroid OR user_mau.1701.topfacemobappios OR user_mau.1701.topface OR user_mau.1701.standalonetf)",314
"2016-03-01 00:00:00","first_app:topface AND platform:vk","_exists_:(user_mau.1702.topfacemobappandroid OR user_mau.1702.topfacemobappios OR user_mau.1702.topface OR user_mau.1702.standalonetf)",256
"2016-03-01 00:00:00","first_app:topface AND platform:vk","_exists_:(user_mau.1703.topfacemobappandroid OR user_mau.1703.topfacemobappios OR user_mau.1703.topface OR user_mau.1703.standalonetf)",258
"2016-03-01 00:00:00","first_app:topface AND platform:vk","_exists_:(user_mau.1704.topfacemobappandroid OR user_mau.1704.topfacemobappios OR user_mau.1704.topface OR user_mau.1704.standalonetf)",231
"2016-03-01 00:00:00","first_app:topface AND platform:vk","_exists_:(user_mau.1705.topfacemobappandroid OR user_mau.1705.topfacemobappios OR user_mau.1705.topface OR user_mau.1705.standalonetf)",230
"2016-03-01 00:00:00","first_app:topface AND platform:vk","_exists_:(user_mau.1706.topfacemobappandroid OR user_mau.1706.topfacemobappios OR user_mau.1706.topface OR user_mau.1706.standalonetf)",194
"2016-03-01 00:00:00","first_app:topface AND platform:vk","_exists_:(user_mau.1707.topfacemobappandroid OR user_mau.1707.topfacemobappios OR user_mau.1707.topface OR user_mau.1707.standalonetf)",181
"2016-03-01 00:00:00","first_app:topface AND platform:vk","_exists_:(user_mau.1708.topfacemobappandroid OR user_mau.1708.topfacemobappios OR user_mau.1708.topface OR user_mau.1708.standalonetf)",161
"2016-03-01 00:00:00","first_app:topface AND platform:vk","_exists_:(user_mau.1709.topfacemobappandroid OR user_mau.1709.topfacemobappios OR user_mau.1709.topface OR user_mau.1709.standalonetf)",161
"2016-03-01 00:00:00","first_app:topface AND platform:vk","_exists_:(user_mau.1710.topfacemobappandroid OR user_mau.1710.topfacemobappios OR user_mau.1710.topface OR user_mau.1710.standalonetf)",177
"2016-03-01 00:00:00","first_app:topface AND platform:vk","_exists_:(user_mau.1711.topfacemobappandroid OR user_mau.1711.topfacemobappios OR user_mau.1711.topface OR user_mau.1711.standalonetf)",186
"2016-03-01 00:00:00","first_app:topface AND platform:vk","_exists_:(user_mau.1712.topfacemobappandroid OR user_mau.1712.topfacemobappios OR user_mau.1712.topface OR user_mau.1712.standalonetf)",160
"2016-03-01 00:00:00","first_app:topface AND platform:vk","_exists_:(user_mau.1801.topfacemobappandroid OR user_mau.1801.topfacemobappios OR user_mau.1801.topface OR user_mau.1801.standalonetf)",149
"2016-03-01 00:00:00","first_app:topface AND platform:vk","_exists_:(user_mau.1802.topfacemobappandroid OR user_mau.1802.topfacemobappios OR user_mau.1802.topface OR user_mau.1802.standalonetf)",139
"2016-03-01 00:00:00","first_app:topface AND platform:ok","*","7,895"
"2016-03-01 00:00:00","first_app:topface AND platform:ok","_exists_:(user_mau.1501.topfacemobappandroid OR user_mau.1501.topfacemobappios OR user_mau.1501.topface OR user_mau.1501.standalonetf)",0
"2016-03-01 00:00:00","first_app:topface AND platform:ok","_exists_:(user_mau.1502.topfacemobappandroid OR user_mau.1502.topfacemobappios OR user_mau.1502.topface OR user_mau.1502.standalonetf)",0
"2016-03-01 00:00:00","first_app:topface AND platform:ok","_exists_:(user_mau.1503.topfacemobappandroid OR user_mau.1503.topfacemobappios OR user_mau.1503.topface OR user_mau.1503.standalonetf)",0
"2016-03-01 00:00:00","first_app:topface AND platform:ok","_exists_:(user_mau.1504.topfacemobappandroid OR user_mau.1504.topfacemobappios OR user_mau.1504.topface OR user_mau.1504.standalonetf)",0
"2016-03-01 00:00:00","first_app:topface AND platform:ok","_exists_:(user_mau.1505.topfacemobappandroid OR user_mau.1505.topfacemobappios OR user_mau.1505.topface OR user_mau.1505.standalonetf)",0
"2016-03-01 00:00:00","first_app:topface AND platform:ok","_exists_:(user_mau.1506.topfacemobappandroid OR user_mau.1506.topfacemobappios OR user_mau.1506.topface OR user_mau.1506.standalonetf)",0
"2016-03-01 00:00:00","first_app:topface AND platform:ok","_exists_:(user_mau.1507.topfacemobappandroid OR user_mau.1507.topfacemobappios OR user_mau.1507.topface OR user_mau.1507.standalonetf)",0
"2016-03-01 00:00:00","first_app:topface AND platform:ok","_exists_:(user_mau.1508.topfacemobappandroid OR user_mau.1508.topfacemobappios OR user_mau.1508.topface OR user_mau.1508.standalonetf)",0
"2016-03-01 00:00:00","first_app:topface AND platform:ok","_exists_:(user_mau.1509.topfacemobappandroid OR user_mau.1509.topfacemobappios OR user_mau.1509.topface OR user_mau.1509.standalonetf)",0
"2016-03-01 00:00:00","first_app:topface AND platform:ok","_exists_:(user_mau.1510.topfacemobappandroid OR user_mau.1510.topfacemobappios OR user_mau.1510.topface OR user_mau.1510.standalonetf)",0
"2016-03-01 00:00:00","first_app:topface AND platform:ok","_exists_:(user_mau.1511.topfacemobappandroid OR user_mau.1511.topfacemobappios OR user_mau.1511.topface OR user_mau.1511.standalonetf)",0
"2016-03-01 00:00:00","first_app:topface AND platform:ok","_exists_:(user_mau.1512.topfacemobappandroid OR user_mau.1512.topfacemobappios OR user_mau.1512.topface OR user_mau.1512.standalonetf)",0
"2016-03-01 00:00:00","first_app:topface AND platform:ok","_exists_:(user_mau.1601.topfacemobappandroid OR user_mau.1601.topfacemobappios OR user_mau.1601.topface OR user_mau.1601.standalonetf)",0
"2016-03-01 00:00:00","first_app:topface AND platform:ok","_exists_:(user_mau.1602.topfacemobappandroid OR user_mau.1602.topfacemobappios OR user_mau.1602.topface OR user_mau.1602.standalonetf)",21
"2016-03-01 00:00:00","first_app:topface AND platform:ok","_exists_:(user_mau.1603.topfacemobappandroid OR user_mau.1603.topfacemobappios OR user_mau.1603.topface OR user_mau.1603.standalonetf)","7,878"
"2016-03-01 00:00:00","first_app:topface AND platform:ok","_exists_:(user_mau.1604.topfacemobappandroid OR user_mau.1604.topfacemobappios OR user_mau.1604.topface OR user_mau.1604.standalonetf)",882
"2016-03-01 00:00:00","first_app:topface AND platform:ok","_exists_:(user_mau.1605.topfacemobappandroid OR user_mau.1605.topfacemobappios OR user_mau.1605.topface OR user_mau.1605.standalonetf)",515
"2016-03-01 00:00:00","first_app:topface AND platform:ok","_exists_:(user_mau.1606.topfacemobappandroid OR user_mau.1606.topfacemobappios OR user_mau.1606.topface OR user_mau.1606.standalonetf)",374
"2016-03-01 00:00:00","first_app:topface AND platform:ok","_exists_:(user_mau.1607.topfacemobappandroid OR user_mau.1607.topfacemobappios OR user_mau.1607.topface OR user_mau.1607.standalonetf)",331
"2016-03-01 00:00:00","first_app:topface AND platform:ok","_exists_:(user_mau.1608.topfacemobappandroid OR user_mau.1608.topfacemobappios OR user_mau.1608.topface OR user_mau.1608.standalonetf)",234
"2016-03-01 00:00:00","first_app:topface AND platform:ok","_exists_:(user_mau.1609.topfacemobappandroid OR user_mau.1609.topfacemobappios OR user_mau.1609.topface OR user_mau.1609.standalonetf)",255
"2016-03-01 00:00:00","first_app:topface AND platform:ok","_exists_:(user_mau.1610.topfacemobappandroid OR user_mau.1610.topfacemobappios OR user_mau.1610.topface OR user_mau.1610.standalonetf)",201
"2016-03-01 00:00:00","first_app:topface AND platform:ok","_exists_:(user_mau.1611.topfacemobappandroid OR user_mau.1611.topfacemobappios OR user_mau.1611.topface OR user_mau.1611.standalonetf)",170
"2016-03-01 00:00:00","first_app:topface AND platform:ok","_exists_:(user_mau.1612.topfacemobappandroid OR user_mau.1612.topfacemobappios OR user_mau.1612.topface OR user_mau.1612.standalonetf)",186
"2016-03-01 00:00:00","first_app:topface AND platform:ok","_exists_:(user_mau.1701.topfacemobappandroid OR user_mau.1701.topfacemobappios OR user_mau.1701.topface OR user_mau.1701.standalonetf)",168
"2016-03-01 00:00:00","first_app:topface AND platform:ok","_exists_:(user_mau.1702.topfacemobappandroid OR user_mau.1702.topfacemobappios OR user_mau.1702.topface OR user_mau.1702.standalonetf)",141
"2016-03-01 00:00:00","first_app:topface AND platform:ok","_exists_:(user_mau.1703.topfacemobappandroid OR user_mau.1703.topfacemobappios OR user_mau.1703.topface OR user_mau.1703.standalonetf)",132
"2016-03-01 00:00:00","first_app:topface AND platform:ok","_exists_:(user_mau.1704.topfacemobappandroid OR user_mau.1704.topfacemobappios OR user_mau.1704.topface OR user_mau.1704.standalonetf)",132
"2016-03-01 00:00:00","first_app:topface AND platform:ok","_exists_:(user_mau.1705.topfacemobappandroid OR user_mau.1705.topfacemobappios OR user_mau.1705.topface OR user_mau.1705.standalonetf)",101
"2016-03-01 00:00:00","first_app:topface AND platform:ok","_exists_:(user_mau.1706.topfacemobappandroid OR user_mau.1706.topfacemobappios OR user_mau.1706.topface OR user_mau.1706.standalonetf)",95
"2016-03-01 00:00:00","first_app:topface AND platform:ok","_exists_:(user_mau.1707.topfacemobappandroid OR user_mau.1707.topfacemobappios OR user_mau.1707.topface OR user_mau.1707.standalonetf)",94
"2016-03-01 00:00:00","first_app:topface AND platform:ok","_exists_:(user_mau.1708.topfacemobappandroid OR user_mau.1708.topfacemobappios OR user_mau.1708.topface OR user_mau.1708.standalonetf)",85
"2016-03-01 00:00:00","first_app:topface AND platform:ok","_exists_:(user_mau.1709.topfacemobappandroid OR user_mau.1709.topfacemobappios OR user_mau.1709.topface OR user_mau.1709.standalonetf)",94
"2016-03-01 00:00:00","first_app:topface AND platform:ok","_exists_:(user_mau.1710.topfacemobappandroid OR user_mau.1710.topfacemobappios OR user_mau.1710.topface OR user_mau.1710.standalonetf)",91
"2016-03-01 00:00:00","first_app:topface AND platform:ok","_exists_:(user_mau.1711.topfacemobappandroid OR user_mau.1711.topfacemobappios OR user_mau.1711.topface OR user_mau.1711.standalonetf)",75
"2016-03-01 00:00:00","first_app:topface AND platform:ok","_exists_:(user_mau.1712.topfacemobappandroid OR user_mau.1712.topfacemobappios OR user_mau.1712.topface OR user_mau.1712.standalonetf)",77
"2016-03-01 00:00:00","first_app:topface AND platform:ok","_exists_:(user_mau.1801.topfacemobappandroid OR user_mau.1801.topfacemobappios OR user_mau.1801.topface OR user_mau.1801.standalonetf)",68
"2016-03-01 00:00:00","first_app:topface AND platform:ok","_exists_:(user_mau.1802.topfacemobappandroid OR user_mau.1802.topfacemobappios OR user_mau.1802.topface OR user_mau.1802.standalonetf)",68
"2016-03-01 00:00:00","first_app:topface AND platform:fb","*","29,877"
"2016-03-01 00:00:00","first_app:topface AND platform:fb","_exists_:(user_mau.1501.topfacemobappandroid OR user_mau.1501.topfacemobappios OR user_mau.1501.topface OR user_mau.1501.standalonetf)",0
"2016-03-01 00:00:00","first_app:topface AND platform:fb","_exists_:(user_mau.1502.topfacemobappandroid OR user_mau.1502.topfacemobappios OR user_mau.1502.topface OR user_mau.1502.standalonetf)",0
"2016-03-01 00:00:00","first_app:topface AND platform:fb","_exists_:(user_mau.1503.topfacemobappandroid OR user_mau.1503.topfacemobappios OR user_mau.1503.topface OR user_mau.1503.standalonetf)",0
"2016-03-01 00:00:00","first_app:topface AND platform:fb","_exists_:(user_mau.1504.topfacemobappandroid OR user_mau.1504.topfacemobappios OR user_mau.1504.topface OR user_mau.1504.standalonetf)",0
"2016-03-01 00:00:00","first_app:topface AND platform:fb","_exists_:(user_mau.1505.topfacemobappandroid OR user_mau.1505.topfacemobappios OR user_mau.1505.topface OR user_mau.1505.standalonetf)",0
"2016-03-01 00:00:00","first_app:topface AND platform:fb","_exists_:(user_mau.1506.topfacemobappandroid OR user_mau.1506.topfacemobappios OR user_mau.1506.topface OR user_mau.1506.standalonetf)",0
"2016-03-01 00:00:00","first_app:topface AND platform:fb","_exists_:(user_mau.1507.topfacemobappandroid OR user_mau.1507.topfacemobappios OR user_mau.1507.topface OR user_mau.1507.standalonetf)",0
"2016-03-01 00:00:00","first_app:topface AND platform:fb","_exists_:(user_mau.1508.topfacemobappandroid OR user_mau.1508.topfacemobappios OR user_mau.1508.topface OR user_mau.1508.standalonetf)",0
"2016-03-01 00:00:00","first_app:topface AND platform:fb","_exists_:(user_mau.1509.topfacemobappandroid OR user_mau.1509.topfacemobappios OR user_mau.1509.topface OR user_mau.1509.standalonetf)",0
"2016-03-01 00:00:00","first_app:topface AND platform:fb","_exists_:(user_mau.1510.topfacemobappandroid OR user_mau.1510.topfacemobappios OR user_mau.1510.topface OR user_mau.1510.standalonetf)",0
"2016-03-01 00:00:00","first_app:topface AND platform:fb","_exists_:(user_mau.1511.topfacemobappandroid OR user_mau.1511.topfacemobappios OR user_mau.1511.topface OR user_mau.1511.standalonetf)",0
"2016-03-01 00:00:00","first_app:topface AND platform:fb","_exists_:(user_mau.1512.topfacemobappandroid OR user_mau.1512.topfacemobappios OR user_mau.1512.topface OR user_mau.1512.standalonetf)",0
"2016-03-01 00:00:00","first_app:topface AND platform:fb","_exists_:(user_mau.1601.topfacemobappandroid OR user_mau.1601.topfacemobappios OR user_mau.1601.topface OR user_mau.1601.standalonetf)",0
"2016-03-01 00:00:00","first_app:topface AND platform:fb","_exists_:(user_mau.1602.topfacemobappandroid OR user_mau.1602.topfacemobappios OR user_mau.1602.topface OR user_mau.1602.standalonetf)",152
"2016-03-01 00:00:00","first_app:topface AND platform:fb","_exists_:(user_mau.1603.topfacemobappandroid OR user_mau.1603.topfacemobappios OR user_mau.1603.topface OR user_mau.1603.standalonetf)","29,671"
"2016-03-01 00:00:00","first_app:topface AND platform:fb","_exists_:(user_mau.1604.topfacemobappandroid OR user_mau.1604.topfacemobappios OR user_mau.1604.topface OR user_mau.1604.standalonetf)","10,189"
"2016-03-01 00:00:00","first_app:topface AND platform:fb","_exists_:(user_mau.1605.topfacemobappandroid OR user_mau.1605.topfacemobappios OR user_mau.1605.topface OR user_mau.1605.standalonetf)","4,954"
"2016-03-01 00:00:00","first_app:topface AND platform:fb","_exists_:(user_mau.1606.topfacemobappandroid OR user_mau.1606.topfacemobappios OR user_mau.1606.topface OR user_mau.1606.standalonetf)","3,755"
"2016-03-01 00:00:00","first_app:topface AND platform:fb","_exists_:(user_mau.1607.topfacemobappandroid OR user_mau.1607.topfacemobappios OR user_mau.1607.topface OR user_mau.1607.standalonetf)","2,763"
"2016-03-01 00:00:00","first_app:topface AND platform:fb","_exists_:(user_mau.1608.topfacemobappandroid OR user_mau.1608.topfacemobappios OR user_mau.1608.topface OR user_mau.1608.standalonetf)","2,194"
"2016-03-01 00:00:00","first_app:topface AND platform:fb","_exists_:(user_mau.1609.topfacemobappandroid OR user_mau.1609.topfacemobappios OR user_mau.1609.topface OR user_mau.1609.standalonetf)","1,947"
"2016-03-01 00:00:00","first_app:topface AND platform:fb","_exists_:(user_mau.1610.topfacemobappandroid OR user_mau.1610.topfacemobappios OR user_mau.1610.topface OR user_mau.1610.standalonetf)","1,770"
"2016-03-01 00:00:00","first_app:topface AND platform:fb","_exists_:(user_mau.1611.topfacemobappandroid OR user_mau.1611.topfacemobappios OR user_mau.1611.topface OR user_mau.1611.standalonetf)","1,555"
"2016-03-01 00:00:00","first_app:topface AND platform:fb","_exists_:(user_mau.1612.topfacemobappandroid OR user_mau.1612.topfacemobappios OR user_mau.1612.topface OR user_mau.1612.standalonetf)","1,243"
"2016-03-01 00:00:00","first_app:topface AND platform:fb","_exists_:(user_mau.1701.topfacemobappandroid OR user_mau.1701.topfacemobappios OR user_mau.1701.topface OR user_mau.1701.standalonetf)","1,069"
"2016-03-01 00:00:00","first_app:topface AND platform:fb","_exists_:(user_mau.1702.topfacemobappandroid OR user_mau.1702.topfacemobappios OR user_mau.1702.topface OR user_mau.1702.standalonetf)","1,414"
"2016-03-01 00:00:00","first_app:topface AND platform:fb","_exists_:(user_mau.1703.topfacemobappandroid OR user_mau.1703.topfacemobappios OR user_mau.1703.topface OR user_mau.1703.standalonetf)","1,185"
"2016-03-01 00:00:00","first_app:topface AND platform:fb","_exists_:(user_mau.1704.topfacemobappandroid OR user_mau.1704.topfacemobappios OR user_mau.1704.topface OR user_mau.1704.standalonetf)",654
"2016-03-01 00:00:00","first_app:topface AND platform:fb","_exists_:(user_mau.1705.topfacemobappandroid OR user_mau.1705.topfacemobappios OR user_mau.1705.topface OR user_mau.1705.standalonetf)","1,148"
"2016-03-01 00:00:00","first_app:topface AND platform:fb","_exists_:(user_mau.1706.topfacemobappandroid OR user_mau.1706.topfacemobappios OR user_mau.1706.topface OR user_mau.1706.standalonetf)","1,062"
"2016-03-01 00:00:00","first_app:topface AND platform:fb","_exists_:(user_mau.1707.topfacemobappandroid OR user_mau.1707.topfacemobappios OR user_mau.1707.topface OR user_mau.1707.standalonetf)",928
"2016-03-01 00:00:00","first_app:topface AND platform:fb","_exists_:(user_mau.1708.topfacemobappandroid OR user_mau.1708.topfacemobappios OR user_mau.1708.topface OR user_mau.1708.standalonetf)",996
"2016-03-01 00:00:00","first_app:topface AND platform:fb","_exists_:(user_mau.1709.topfacemobappandroid OR user_mau.1709.topfacemobappios OR user_mau.1709.topface OR user_mau.1709.standalonetf)",883
"2016-03-01 00:00:00","first_app:topface AND platform:fb","_exists_:(user_mau.1710.topfacemobappandroid OR user_mau.1710.topfacemobappios OR user_mau.1710.topface OR user_mau.1710.standalonetf)",882
"2016-03-01 00:00:00","first_app:topface AND platform:fb","_exists_:(user_mau.1711.topfacemobappandroid OR user_mau.1711.topfacemobappios OR user_mau.1711.topface OR user_mau.1711.standalonetf)",978
"2016-03-01 00:00:00","first_app:topface AND platform:fb","_exists_:(user_mau.1712.topfacemobappandroid OR user_mau.1712.topfacemobappios OR user_mau.1712.topface OR user_mau.1712.standalonetf)",714
"2016-03-01 00:00:00","first_app:topface AND platform:fb","_exists_:(user_mau.1801.topfacemobappandroid OR user_mau.1801.topfacemobappios OR user_mau.1801.topface OR user_mau.1801.standalonetf)",558
"2016-03-01 00:00:00","first_app:topface AND platform:fb","_exists_:(user_mau.1802.topfacemobappandroid OR user_mau.1802.topfacemobappios OR user_mau.1802.topface OR user_mau.1802.standalonetf)",566
"2016-04-01 00:00:00","first_app:topfacemobappandroid","*","41,073"
"2016-04-01 00:00:00","first_app:topfacemobappandroid","_exists_:(user_mau.1501.topfacemobappandroid OR user_mau.1501.topfacemobappios OR user_mau.1501.topface OR user_mau.1501.standalonetf)",0
"2016-04-01 00:00:00","first_app:topfacemobappandroid","_exists_:(user_mau.1502.topfacemobappandroid OR user_mau.1502.topfacemobappios OR user_mau.1502.topface OR user_mau.1502.standalonetf)",0
"2016-04-01 00:00:00","first_app:topfacemobappandroid","_exists_:(user_mau.1503.topfacemobappandroid OR user_mau.1503.topfacemobappios OR user_mau.1503.topface OR user_mau.1503.standalonetf)",0
"2016-04-01 00:00:00","first_app:topfacemobappandroid","_exists_:(user_mau.1504.topfacemobappandroid OR user_mau.1504.topfacemobappios OR user_mau.1504.topface OR user_mau.1504.standalonetf)",0
"2016-04-01 00:00:00","first_app:topfacemobappandroid","_exists_:(user_mau.1505.topfacemobappandroid OR user_mau.1505.topfacemobappios OR user_mau.1505.topface OR user_mau.1505.standalonetf)",0
"2016-04-01 00:00:00","first_app:topfacemobappandroid","_exists_:(user_mau.1506.topfacemobappandroid OR user_mau.1506.topfacemobappios OR user_mau.1506.topface OR user_mau.1506.standalonetf)",0
"2016-04-01 00:00:00","first_app:topfacemobappandroid","_exists_:(user_mau.1507.topfacemobappandroid OR user_mau.1507.topfacemobappios OR user_mau.1507.topface OR user_mau.1507.standalonetf)",0
"2016-04-01 00:00:00","first_app:topfacemobappandroid","_exists_:(user_mau.1508.topfacemobappandroid OR user_mau.1508.topfacemobappios OR user_mau.1508.topface OR user_mau.1508.standalonetf)",0
"2016-04-01 00:00:00","first_app:topfacemobappandroid","_exists_:(user_mau.1509.topfacemobappandroid OR user_mau.1509.topfacemobappios OR user_mau.1509.topface OR user_mau.1509.standalonetf)",0
"2016-04-01 00:00:00","first_app:topfacemobappandroid","_exists_:(user_mau.1510.topfacemobappandroid OR user_mau.1510.topfacemobappios OR user_mau.1510.topface OR user_mau.1510.standalonetf)",0
"2016-04-01 00:00:00","first_app:topfacemobappandroid","_exists_:(user_mau.1511.topfacemobappandroid OR user_mau.1511.topfacemobappios OR user_mau.1511.topface OR user_mau.1511.standalonetf)",0
"2016-04-01 00:00:00","first_app:topfacemobappandroid","_exists_:(user_mau.1512.topfacemobappandroid OR user_mau.1512.topfacemobappios OR user_mau.1512.topface OR user_mau.1512.standalonetf)",0
"2016-04-01 00:00:00","first_app:topfacemobappandroid","_exists_:(user_mau.1601.topfacemobappandroid OR user_mau.1601.topfacemobappios OR user_mau.1601.topface OR user_mau.1601.standalonetf)",0
"2016-04-01 00:00:00","first_app:topfacemobappandroid","_exists_:(user_mau.1602.topfacemobappandroid OR user_mau.1602.topfacemobappios OR user_mau.1602.topface OR user_mau.1602.standalonetf)",0
"2016-04-01 00:00:00","first_app:topfacemobappandroid","_exists_:(user_mau.1603.topfacemobappandroid OR user_mau.1603.topfacemobappios OR user_mau.1603.topface OR user_mau.1603.standalonetf)",93
"2016-04-01 00:00:00","first_app:topfacemobappandroid","_exists_:(user_mau.1604.topfacemobappandroid OR user_mau.1604.topfacemobappios OR user_mau.1604.topface OR user_mau.1604.standalonetf)","41,032"
"2016-04-01 00:00:00","first_app:topfacemobappandroid","_exists_:(user_mau.1605.topfacemobappandroid OR user_mau.1605.topfacemobappios OR user_mau.1605.topface OR user_mau.1605.standalonetf)","10,229"
"2016-04-01 00:00:00","first_app:topfacemobappandroid","_exists_:(user_mau.1606.topfacemobappandroid OR user_mau.1606.topfacemobappios OR user_mau.1606.topface OR user_mau.1606.standalonetf)","5,580"
"2016-04-01 00:00:00","first_app:topfacemobappandroid","_exists_:(user_mau.1607.topfacemobappandroid OR user_mau.1607.topfacemobappios OR user_mau.1607.topface OR user_mau.1607.standalonetf)","3,262"
"2016-04-01 00:00:00","first_app:topfacemobappandroid","_exists_:(user_mau.1608.topfacemobappandroid OR user_mau.1608.topfacemobappios OR user_mau.1608.topface OR user_mau.1608.standalonetf)","2,580"
"2016-04-01 00:00:00","first_app:topfacemobappandroid","_exists_:(user_mau.1609.topfacemobappandroid OR user_mau.1609.topfacemobappios OR user_mau.1609.topface OR user_mau.1609.standalonetf)","2,077"
"2016-04-01 00:00:00","first_app:topfacemobappandroid","_exists_:(user_mau.1610.topfacemobappandroid OR user_mau.1610.topfacemobappios OR user_mau.1610.topface OR user_mau.1610.standalonetf)","1,795"
"2016-04-01 00:00:00","first_app:topfacemobappandroid","_exists_:(user_mau.1611.topfacemobappandroid OR user_mau.1611.topfacemobappios OR user_mau.1611.topface OR user_mau.1611.standalonetf)","1,523"
"2016-04-01 00:00:00","first_app:topfacemobappandroid","_exists_:(user_mau.1612.topfacemobappandroid OR user_mau.1612.topfacemobappios OR user_mau.1612.topface OR user_mau.1612.standalonetf)","1,314"
"2016-04-01 00:00:00","first_app:topfacemobappandroid","_exists_:(user_mau.1701.topfacemobappandroid OR user_mau.1701.topfacemobappios OR user_mau.1701.topface OR user_mau.1701.standalonetf)","1,265"
"2016-04-01 00:00:00","first_app:topfacemobappandroid","_exists_:(user_mau.1702.topfacemobappandroid OR user_mau.1702.topfacemobappios OR user_mau.1702.topface OR user_mau.1702.standalonetf)","1,040"
"2016-04-01 00:00:00","first_app:topfacemobappandroid","_exists_:(user_mau.1703.topfacemobappandroid OR user_mau.1703.topfacemobappios OR user_mau.1703.topface OR user_mau.1703.standalonetf)","1,143"
"2016-04-01 00:00:00","first_app:topfacemobappandroid","_exists_:(user_mau.1704.topfacemobappandroid OR user_mau.1704.topfacemobappios OR user_mau.1704.topface OR user_mau.1704.standalonetf)","1,233"
"2016-04-01 00:00:00","first_app:topfacemobappandroid","_exists_:(user_mau.1705.topfacemobappandroid OR user_mau.1705.topfacemobappios OR user_mau.1705.topface OR user_mau.1705.standalonetf)","1,068"
"2016-04-01 00:00:00","first_app:topfacemobappandroid","_exists_:(user_mau.1706.topfacemobappandroid OR user_mau.1706.topfacemobappios OR user_mau.1706.topface OR user_mau.1706.standalonetf)",851
"2016-04-01 00:00:00","first_app:topfacemobappandroid","_exists_:(user_mau.1707.topfacemobappandroid OR user_mau.1707.topfacemobappios OR user_mau.1707.topface OR user_mau.1707.standalonetf)",827
"2016-04-01 00:00:00","first_app:topfacemobappandroid","_exists_:(user_mau.1708.topfacemobappandroid OR user_mau.1708.topfacemobappios OR user_mau.1708.topface OR user_mau.1708.standalonetf)",899
"2016-04-01 00:00:00","first_app:topfacemobappandroid","_exists_:(user_mau.1709.topfacemobappandroid OR user_mau.1709.topfacemobappios OR user_mau.1709.topface OR user_mau.1709.standalonetf)",865
"2016-04-01 00:00:00","first_app:topfacemobappandroid","_exists_:(user_mau.1710.topfacemobappandroid OR user_mau.1710.topfacemobappios OR user_mau.1710.topface OR user_mau.1710.standalonetf)",890
"2016-04-01 00:00:00","first_app:topfacemobappandroid","_exists_:(user_mau.1711.topfacemobappandroid OR user_mau.1711.topfacemobappios OR user_mau.1711.topface OR user_mau.1711.standalonetf)",826
"2016-04-01 00:00:00","first_app:topfacemobappandroid","_exists_:(user_mau.1712.topfacemobappandroid OR user_mau.1712.topfacemobappios OR user_mau.1712.topface OR user_mau.1712.standalonetf)",686
"2016-04-01 00:00:00","first_app:topfacemobappandroid","_exists_:(user_mau.1801.topfacemobappandroid OR user_mau.1801.topfacemobappios OR user_mau.1801.topface OR user_mau.1801.standalonetf)",509
"2016-04-01 00:00:00","first_app:topfacemobappandroid","_exists_:(user_mau.1802.topfacemobappandroid OR user_mau.1802.topfacemobappios OR user_mau.1802.topface OR user_mau.1802.standalonetf)",427
"2016-04-01 00:00:00","first_app:topfacemobappios","*","21,502"
"2016-04-01 00:00:00","first_app:topfacemobappios","_exists_:(user_mau.1501.topfacemobappandroid OR user_mau.1501.topfacemobappios OR user_mau.1501.topface OR user_mau.1501.standalonetf)",0
"2016-04-01 00:00:00","first_app:topfacemobappios","_exists_:(user_mau.1502.topfacemobappandroid OR user_mau.1502.topfacemobappios OR user_mau.1502.topface OR user_mau.1502.standalonetf)",0
"2016-04-01 00:00:00","first_app:topfacemobappios","_exists_:(user_mau.1503.topfacemobappandroid OR user_mau.1503.topfacemobappios OR user_mau.1503.topface OR user_mau.1503.standalonetf)",0
"2016-04-01 00:00:00","first_app:topfacemobappios","_exists_:(user_mau.1504.topfacemobappandroid OR user_mau.1504.topfacemobappios OR user_mau.1504.topface OR user_mau.1504.standalonetf)",0
"2016-04-01 00:00:00","first_app:topfacemobappios","_exists_:(user_mau.1505.topfacemobappandroid OR user_mau.1505.topfacemobappios OR user_mau.1505.topface OR user_mau.1505.standalonetf)",0
"2016-04-01 00:00:00","first_app:topfacemobappios","_exists_:(user_mau.1506.topfacemobappandroid OR user_mau.1506.topfacemobappios OR user_mau.1506.topface OR user_mau.1506.standalonetf)",0
"2016-04-01 00:00:00","first_app:topfacemobappios","_exists_:(user_mau.1507.topfacemobappandroid OR user_mau.1507.topfacemobappios OR user_mau.1507.topface OR user_mau.1507.standalonetf)",0
"2016-04-01 00:00:00","first_app:topfacemobappios","_exists_:(user_mau.1508.topfacemobappandroid OR user_mau.1508.topfacemobappios OR user_mau.1508.topface OR user_mau.1508.standalonetf)",0
"2016-04-01 00:00:00","first_app:topfacemobappios","_exists_:(user_mau.1509.topfacemobappandroid OR user_mau.1509.topfacemobappios OR user_mau.1509.topface OR user_mau.1509.standalonetf)",0
"2016-04-01 00:00:00","first_app:topfacemobappios","_exists_:(user_mau.1510.topfacemobappandroid OR user_mau.1510.topfacemobappios OR user_mau.1510.topface OR user_mau.1510.standalonetf)",0
"2016-04-01 00:00:00","first_app:topfacemobappios","_exists_:(user_mau.1511.topfacemobappandroid OR user_mau.1511.topfacemobappios OR user_mau.1511.topface OR user_mau.1511.standalonetf)",0
"2016-04-01 00:00:00","first_app:topfacemobappios","_exists_:(user_mau.1512.topfacemobappandroid OR user_mau.1512.topfacemobappios OR user_mau.1512.topface OR user_mau.1512.standalonetf)",0
"2016-04-01 00:00:00","first_app:topfacemobappios","_exists_:(user_mau.1601.topfacemobappandroid OR user_mau.1601.topfacemobappios OR user_mau.1601.topface OR user_mau.1601.standalonetf)",0
"2016-04-01 00:00:00","first_app:topfacemobappios","_exists_:(user_mau.1602.topfacemobappandroid OR user_mau.1602.topfacemobappios OR user_mau.1602.topface OR user_mau.1602.standalonetf)",0
"2016-04-01 00:00:00","first_app:topfacemobappios","_exists_:(user_mau.1603.topfacemobappandroid OR user_mau.1603.topfacemobappios OR user_mau.1603.topface OR user_mau.1603.standalonetf)",32
"2016-04-01 00:00:00","first_app:topfacemobappios","_exists_:(user_mau.1604.topfacemobappandroid OR user_mau.1604.topfacemobappios OR user_mau.1604.topface OR user_mau.1604.standalonetf)","21,485"
"2016-04-01 00:00:00","first_app:topfacemobappios","_exists_:(user_mau.1605.topfacemobappandroid OR user_mau.1605.topfacemobappios OR user_mau.1605.topface OR user_mau.1605.standalonetf)","5,037"
"2016-04-01 00:00:00","first_app:topfacemobappios","_exists_:(user_mau.1606.topfacemobappandroid OR user_mau.1606.topfacemobappios OR user_mau.1606.topface OR user_mau.1606.standalonetf)","2,617"
"2016-04-01 00:00:00","first_app:topfacemobappios","_exists_:(user_mau.1607.topfacemobappandroid OR user_mau.1607.topfacemobappios OR user_mau.1607.topface OR user_mau.1607.standalonetf)","1,795"
"2016-04-01 00:00:00","first_app:topfacemobappios","_exists_:(user_mau.1608.topfacemobappandroid OR user_mau.1608.topfacemobappios OR user_mau.1608.topface OR user_mau.1608.standalonetf)","1,200"
"2016-04-01 00:00:00","first_app:topfacemobappios","_exists_:(user_mau.1609.topfacemobappandroid OR user_mau.1609.topfacemobappios OR user_mau.1609.topface OR user_mau.1609.standalonetf)",909
"2016-04-01 00:00:00","first_app:topfacemobappios","_exists_:(user_mau.1610.topfacemobappandroid OR user_mau.1610.topfacemobappios OR user_mau.1610.topface OR user_mau.1610.standalonetf)",762
"2016-04-01 00:00:00","first_app:topfacemobappios","_exists_:(user_mau.1611.topfacemobappandroid OR user_mau.1611.topfacemobappios OR user_mau.1611.topface OR user_mau.1611.standalonetf)",743
"2016-04-01 00:00:00","first_app:topfacemobappios","_exists_:(user_mau.1612.topfacemobappandroid OR user_mau.1612.topfacemobappios OR user_mau.1612.topface OR user_mau.1612.standalonetf)",618
"2016-04-01 00:00:00","first_app:topfacemobappios","_exists_:(user_mau.1701.topfacemobappandroid OR user_mau.1701.topfacemobappios OR user_mau.1701.topface OR user_mau.1701.standalonetf)",557
"2016-04-01 00:00:00","first_app:topfacemobappios","_exists_:(user_mau.1702.topfacemobappandroid OR user_mau.1702.topfacemobappios OR user_mau.1702.topface OR user_mau.1702.standalonetf)",483
"2016-04-01 00:00:00","first_app:topfacemobappios","_exists_:(user_mau.1703.topfacemobappandroid OR user_mau.1703.topfacemobappios OR user_mau.1703.topface OR user_mau.1703.standalonetf)",579
"2016-04-01 00:00:00","first_app:topfacemobappios","_exists_:(user_mau.1704.topfacemobappandroid OR user_mau.1704.topfacemobappios OR user_mau.1704.topface OR user_mau.1704.standalonetf)",392
"2016-04-01 00:00:00","first_app:topfacemobappios","_exists_:(user_mau.1705.topfacemobappandroid OR user_mau.1705.topfacemobappios OR user_mau.1705.topface OR user_mau.1705.standalonetf)",374
"2016-04-01 00:00:00","first_app:topfacemobappios","_exists_:(user_mau.1706.topfacemobappandroid OR user_mau.1706.topfacemobappios OR user_mau.1706.topface OR user_mau.1706.standalonetf)",347
"2016-04-01 00:00:00","first_app:topfacemobappios","_exists_:(user_mau.1707.topfacemobappandroid OR user_mau.1707.topfacemobappios OR user_mau.1707.topface OR user_mau.1707.standalonetf)",339
"2016-04-01 00:00:00","first_app:topfacemobappios","_exists_:(user_mau.1708.topfacemobappandroid OR user_mau.1708.topfacemobappios OR user_mau.1708.topface OR user_mau.1708.standalonetf)",316
"2016-04-01 00:00:00","first_app:topfacemobappios","_exists_:(user_mau.1709.topfacemobappandroid OR user_mau.1709.topfacemobappios OR user_mau.1709.topface OR user_mau.1709.standalonetf)",295
"2016-04-01 00:00:00","first_app:topfacemobappios","_exists_:(user_mau.1710.topfacemobappandroid OR user_mau.1710.topfacemobappios OR user_mau.1710.topface OR user_mau.1710.standalonetf)",359
"2016-04-01 00:00:00","first_app:topfacemobappios","_exists_:(user_mau.1711.topfacemobappandroid OR user_mau.1711.topfacemobappios OR user_mau.1711.topface OR user_mau.1711.standalonetf)",318
"2016-04-01 00:00:00","first_app:topfacemobappios","_exists_:(user_mau.1712.topfacemobappandroid OR user_mau.1712.topfacemobappios OR user_mau.1712.topface OR user_mau.1712.standalonetf)",295
"2016-04-01 00:00:00","first_app:topfacemobappios","_exists_:(user_mau.1801.topfacemobappandroid OR user_mau.1801.topfacemobappios OR user_mau.1801.topface OR user_mau.1801.standalonetf)",244
"2016-04-01 00:00:00","first_app:topfacemobappios","_exists_:(user_mau.1802.topfacemobappandroid OR user_mau.1802.topfacemobappios OR user_mau.1802.topface OR user_mau.1802.standalonetf)",215
"2016-04-01 00:00:00","first_app:standalonetf","*","6,675"
"2016-04-01 00:00:00","first_app:standalonetf","_exists_:(user_mau.1501.topfacemobappandroid OR user_mau.1501.topfacemobappios OR user_mau.1501.topface OR user_mau.1501.standalonetf)",0
"2016-04-01 00:00:00","first_app:standalonetf","_exists_:(user_mau.1502.topfacemobappandroid OR user_mau.1502.topfacemobappios OR user_mau.1502.topface OR user_mau.1502.standalonetf)",0
"2016-04-01 00:00:00","first_app:standalonetf","_exists_:(user_mau.1503.topfacemobappandroid OR user_mau.1503.topfacemobappios OR user_mau.1503.topface OR user_mau.1503.standalonetf)",0
"2016-04-01 00:00:00","first_app:standalonetf","_exists_:(user_mau.1504.topfacemobappandroid OR user_mau.1504.topfacemobappios OR user_mau.1504.topface OR user_mau.1504.standalonetf)",0
"2016-04-01 00:00:00","first_app:standalonetf","_exists_:(user_mau.1505.topfacemobappandroid OR user_mau.1505.topfacemobappios OR user_mau.1505.topface OR user_mau.1505.standalonetf)",0
"2016-04-01 00:00:00","first_app:standalonetf","_exists_:(user_mau.1506.topfacemobappandroid OR user_mau.1506.topfacemobappios OR user_mau.1506.topface OR user_mau.1506.standalonetf)",0
"2016-04-01 00:00:00","first_app:standalonetf","_exists_:(user_mau.1507.topfacemobappandroid OR user_mau.1507.topfacemobappios OR user_mau.1507.topface OR user_mau.1507.standalonetf)",0
"2016-04-01 00:00:00","first_app:standalonetf","_exists_:(user_mau.1508.topfacemobappandroid OR user_mau.1508.topfacemobappios OR user_mau.1508.topface OR user_mau.1508.standalonetf)",0
"2016-04-01 00:00:00","first_app:standalonetf","_exists_:(user_mau.1509.topfacemobappandroid OR user_mau.1509.topfacemobappios OR user_mau.1509.topface OR user_mau.1509.standalonetf)",0
"2016-04-01 00:00:00","first_app:standalonetf","_exists_:(user_mau.1510.topfacemobappandroid OR user_mau.1510.topfacemobappios OR user_mau.1510.topface OR user_mau.1510.standalonetf)",0
"2016-04-01 00:00:00","first_app:standalonetf","_exists_:(user_mau.1511.topfacemobappandroid OR user_mau.1511.topfacemobappios OR user_mau.1511.topface OR user_mau.1511.standalonetf)",0
"2016-04-01 00:00:00","first_app:standalonetf","_exists_:(user_mau.1512.topfacemobappandroid OR user_mau.1512.topfacemobappios OR user_mau.1512.topface OR user_mau.1512.standalonetf)",0
"2016-04-01 00:00:00","first_app:standalonetf","_exists_:(user_mau.1601.topfacemobappandroid OR user_mau.1601.topfacemobappios OR user_mau.1601.topface OR user_mau.1601.standalonetf)",0
"2016-04-01 00:00:00","first_app:standalonetf","_exists_:(user_mau.1602.topfacemobappandroid OR user_mau.1602.topfacemobappios OR user_mau.1602.topface OR user_mau.1602.standalonetf)",0
"2016-04-01 00:00:00","first_app:standalonetf","_exists_:(user_mau.1603.topfacemobappandroid OR user_mau.1603.topfacemobappios OR user_mau.1603.topface OR user_mau.1603.standalonetf)",28
"2016-04-01 00:00:00","first_app:standalonetf","_exists_:(user_mau.1604.topfacemobappandroid OR user_mau.1604.topfacemobappios OR user_mau.1604.topface OR user_mau.1604.standalonetf)","5,845"
"2016-04-01 00:00:00","first_app:standalonetf","_exists_:(user_mau.1605.topfacemobappandroid OR user_mau.1605.topfacemobappios OR user_mau.1605.topface OR user_mau.1605.standalonetf)","1,525"
"2016-04-01 00:00:00","first_app:standalonetf","_exists_:(user_mau.1606.topfacemobappandroid OR user_mau.1606.topfacemobappios OR user_mau.1606.topface OR user_mau.1606.standalonetf)",854
"2016-04-01 00:00:00","first_app:standalonetf","_exists_:(user_mau.1607.topfacemobappandroid OR user_mau.1607.topfacemobappios OR user_mau.1607.topface OR user_mau.1607.standalonetf)",671
"2016-04-01 00:00:00","first_app:standalonetf","_exists_:(user_mau.1608.topfacemobappandroid OR user_mau.1608.topfacemobappios OR user_mau.1608.topface OR user_mau.1608.standalonetf)",494
"2016-04-01 00:00:00","first_app:standalonetf","_exists_:(user_mau.1609.topfacemobappandroid OR user_mau.1609.topfacemobappios OR user_mau.1609.topface OR user_mau.1609.standalonetf)",420
"2016-04-01 00:00:00","first_app:standalonetf","_exists_:(user_mau.1610.topfacemobappandroid OR user_mau.1610.topfacemobappios OR user_mau.1610.topface OR user_mau.1610.standalonetf)",357
"2016-04-01 00:00:00","first_app:standalonetf","_exists_:(user_mau.1611.topfacemobappandroid OR user_mau.1611.topfacemobappios OR user_mau.1611.topface OR user_mau.1611.standalonetf)",300
"2016-04-01 00:00:00","first_app:standalonetf","_exists_:(user_mau.1612.topfacemobappandroid OR user_mau.1612.topfacemobappios OR user_mau.1612.topface OR user_mau.1612.standalonetf)",257
"2016-04-01 00:00:00","first_app:standalonetf","_exists_:(user_mau.1701.topfacemobappandroid OR user_mau.1701.topfacemobappios OR user_mau.1701.topface OR user_mau.1701.standalonetf)",240
"2016-04-01 00:00:00","first_app:standalonetf","_exists_:(user_mau.1702.topfacemobappandroid OR user_mau.1702.topfacemobappios OR user_mau.1702.topface OR user_mau.1702.standalonetf)",198
"2016-04-01 00:00:00","first_app:standalonetf","_exists_:(user_mau.1703.topfacemobappandroid OR user_mau.1703.topfacemobappios OR user_mau.1703.topface OR user_mau.1703.standalonetf)",217
"2016-04-01 00:00:00","first_app:standalonetf","_exists_:(user_mau.1704.topfacemobappandroid OR user_mau.1704.topfacemobappios OR user_mau.1704.topface OR user_mau.1704.standalonetf)",178
"2016-04-01 00:00:00","first_app:standalonetf","_exists_:(user_mau.1705.topfacemobappandroid OR user_mau.1705.topfacemobappios OR user_mau.1705.topface OR user_mau.1705.standalonetf)",187
"2016-04-01 00:00:00","first_app:standalonetf","_exists_:(user_mau.1706.topfacemobappandroid OR user_mau.1706.topfacemobappios OR user_mau.1706.topface OR user_mau.1706.standalonetf)",144
"2016-04-01 00:00:00","first_app:standalonetf","_exists_:(user_mau.1707.topfacemobappandroid OR user_mau.1707.topfacemobappios OR user_mau.1707.topface OR user_mau.1707.standalonetf)",128
"2016-04-01 00:00:00","first_app:standalonetf","_exists_:(user_mau.1708.topfacemobappandroid OR user_mau.1708.topfacemobappios OR user_mau.1708.topface OR user_mau.1708.standalonetf)",115
"2016-04-01 00:00:00","first_app:standalonetf","_exists_:(user_mau.1709.topfacemobappandroid OR user_mau.1709.topfacemobappios OR user_mau.1709.topface OR user_mau.1709.standalonetf)",115
"2016-04-01 00:00:00","first_app:standalonetf","_exists_:(user_mau.1710.topfacemobappandroid OR user_mau.1710.topfacemobappios OR user_mau.1710.topface OR user_mau.1710.standalonetf)",114
"2016-04-01 00:00:00","first_app:standalonetf","_exists_:(user_mau.1711.topfacemobappandroid OR user_mau.1711.topfacemobappios OR user_mau.1711.topface OR user_mau.1711.standalonetf)",117
"2016-04-01 00:00:00","first_app:standalonetf","_exists_:(user_mau.1712.topfacemobappandroid OR user_mau.1712.topfacemobappios OR user_mau.1712.topface OR user_mau.1712.standalonetf)",83
"2016-04-01 00:00:00","first_app:standalonetf","_exists_:(user_mau.1801.topfacemobappandroid OR user_mau.1801.topfacemobappios OR user_mau.1801.topface OR user_mau.1801.standalonetf)",78
"2016-04-01 00:00:00","first_app:standalonetf","_exists_:(user_mau.1802.topfacemobappandroid OR user_mau.1802.topfacemobappios OR user_mau.1802.topface OR user_mau.1802.standalonetf)",76
"2016-04-01 00:00:00","first_app:topface AND platform:vk","*",92
"2016-04-01 00:00:00","first_app:topface AND platform:vk","_exists_:(user_mau.1501.topfacemobappandroid OR user_mau.1501.topfacemobappios OR user_mau.1501.topface OR user_mau.1501.standalonetf)",0
"2016-04-01 00:00:00","first_app:topface AND platform:vk","_exists_:(user_mau.1502.topfacemobappandroid OR user_mau.1502.topfacemobappios OR user_mau.1502.topface OR user_mau.1502.standalonetf)",0
"2016-04-01 00:00:00","first_app:topface AND platform:vk","_exists_:(user_mau.1503.topfacemobappandroid OR user_mau.1503.topfacemobappios OR user_mau.1503.topface OR user_mau.1503.standalonetf)",0
"2016-04-01 00:00:00","first_app:topface AND platform:vk","_exists_:(user_mau.1504.topfacemobappandroid OR user_mau.1504.topfacemobappios OR user_mau.1504.topface OR user_mau.1504.standalonetf)",0
"2016-04-01 00:00:00","first_app:topface AND platform:vk","_exists_:(user_mau.1505.topfacemobappandroid OR user_mau.1505.topfacemobappios OR user_mau.1505.topface OR user_mau.1505.standalonetf)",0
"2016-04-01 00:00:00","first_app:topface AND platform:vk","_exists_:(user_mau.1506.topfacemobappandroid OR user_mau.1506.topfacemobappios OR user_mau.1506.topface OR user_mau.1506.standalonetf)",0
"2016-04-01 00:00:00","first_app:topface AND platform:vk","_exists_:(user_mau.1507.topfacemobappandroid OR user_mau.1507.topfacemobappios OR user_mau.1507.topface OR user_mau.1507.standalonetf)",0
"2016-04-01 00:00:00","first_app:topface AND platform:vk","_exists_:(user_mau.1508.topfacemobappandroid OR user_mau.1508.topfacemobappios OR user_mau.1508.topface OR user_mau.1508.standalonetf)",0
"2016-04-01 00:00:00","first_app:topface AND platform:vk","_exists_:(user_mau.1509.topfacemobappandroid OR user_mau.1509.topfacemobappios OR user_mau.1509.topface OR user_mau.1509.standalonetf)",0
"2016-04-01 00:00:00","first_app:topface AND platform:vk","_exists_:(user_mau.1510.topfacemobappandroid OR user_mau.1510.topfacemobappios OR user_mau.1510.topface OR user_mau.1510.standalonetf)",0
"2016-04-01 00:00:00","first_app:topface AND platform:vk","_exists_:(user_mau.1511.topfacemobappandroid OR user_mau.1511.topfacemobappios OR user_mau.1511.topface OR user_mau.1511.standalonetf)",0
"2016-04-01 00:00:00","first_app:topface AND platform:vk","_exists_:(user_mau.1512.topfacemobappandroid OR user_mau.1512.topfacemobappios OR user_mau.1512.topface OR user_mau.1512.standalonetf)",0
"2016-04-01 00:00:00","first_app:topface AND platform:vk","_exists_:(user_mau.1601.topfacemobappandroid OR user_mau.1601.topfacemobappios OR user_mau.1601.topface OR user_mau.1601.standalonetf)",0
"2016-04-01 00:00:00","first_app:topface AND platform:vk","_exists_:(user_mau.1602.topfacemobappandroid OR user_mau.1602.topfacemobappios OR user_mau.1602.topface OR user_mau.1602.standalonetf)",0
"2016-04-01 00:00:00","first_app:topface AND platform:vk","_exists_:(user_mau.1603.topfacemobappandroid OR user_mau.1603.topfacemobappios OR user_mau.1603.topface OR user_mau.1603.standalonetf)",0
"2016-04-01 00:00:00","first_app:topface AND platform:vk","_exists_:(user_mau.1604.topfacemobappandroid OR user_mau.1604.topfacemobappios OR user_mau.1604.topface OR user_mau.1604.standalonetf)",92
"2016-04-01 00:00:00","first_app:topface AND platform:vk","_exists_:(user_mau.1605.topfacemobappandroid OR user_mau.1605.topfacemobappios OR user_mau.1605.topface OR user_mau.1605.standalonetf)",36
"2016-04-01 00:00:00","first_app:topface AND platform:vk","_exists_:(user_mau.1606.topfacemobappandroid OR user_mau.1606.topfacemobappios OR user_mau.1606.topface OR user_mau.1606.standalonetf)",28
"2016-04-01 00:00:00","first_app:topface AND platform:vk","_exists_:(user_mau.1607.topfacemobappandroid OR user_mau.1607.topfacemobappios OR user_mau.1607.topface OR user_mau.1607.standalonetf)",23
"2016-04-01 00:00:00","first_app:topface AND platform:vk","_exists_:(user_mau.1608.topfacemobappandroid OR user_mau.1608.topfacemobappios OR user_mau.1608.topface OR user_mau.1608.standalonetf)",16
"2016-04-01 00:00:00","first_app:topface AND platform:vk","_exists_:(user_mau.1609.topfacemobappandroid OR user_mau.1609.topfacemobappios OR user_mau.1609.topface OR user_mau.1609.standalonetf)",16
"2016-04-01 00:00:00","first_app:topface AND platform:vk","_exists_:(user_mau.1610.topfacemobappandroid OR user_mau.1610.topfacemobappios OR user_mau.1610.topface OR user_mau.1610.standalonetf)",13
"2016-04-01 00:00:00","first_app:topface AND platform:vk","_exists_:(user_mau.1611.topfacemobappandroid OR user_mau.1611.topfacemobappios OR user_mau.1611.topface OR user_mau.1611.standalonetf)",14
"2016-04-01 00:00:00","first_app:topface AND platform:vk","_exists_:(user_mau.1612.topfacemobappandroid OR user_mau.1612.topfacemobappios OR user_mau.1612.topface OR user_mau.1612.standalonetf)",9
"2016-04-01 00:00:00","first_app:topface AND platform:vk","_exists_:(user_mau.1701.topfacemobappandroid OR user_mau.1701.topfacemobappios OR user_mau.1701.topface OR user_mau.1701.standalonetf)",8
"2016-04-01 00:00:00","first_app:topface AND platform:vk","_exists_:(user_mau.1702.topfacemobappandroid OR user_mau.1702.topfacemobappios OR user_mau.1702.topface OR user_mau.1702.standalonetf)",11
"2016-04-01 00:00:00","first_app:topface AND platform:vk","_exists_:(user_mau.1703.topfacemobappandroid OR user_mau.1703.topfacemobappios OR user_mau.1703.topface OR user_mau.1703.standalonetf)",5
"2016-04-01 00:00:00","first_app:topface AND platform:vk","_exists_:(user_mau.1704.topfacemobappandroid OR user_mau.1704.topfacemobappios OR user_mau.1704.topface OR user_mau.1704.standalonetf)",6
"2016-04-01 00:00:00","first_app:topface AND platform:vk","_exists_:(user_mau.1705.topfacemobappandroid OR user_mau.1705.topfacemobappios OR user_mau.1705.topface OR user_mau.1705.standalonetf)",7
"2016-04-01 00:00:00","first_app:topface AND platform:vk","_exists_:(user_mau.1706.topfacemobappandroid OR user_mau.1706.topfacemobappios OR user_mau.1706.topface OR user_mau.1706.standalonetf)",8
"2016-04-01 00:00:00","first_app:topface AND platform:vk","_exists_:(user_mau.1707.topfacemobappandroid OR user_mau.1707.topfacemobappios OR user_mau.1707.topface OR user_mau.1707.standalonetf)",5
"2016-04-01 00:00:00","first_app:topface AND platform:vk","_exists_:(user_mau.1708.topfacemobappandroid OR user_mau.1708.topfacemobappios OR user_mau.1708.topface OR user_mau.1708.standalonetf)",9
"2016-04-01 00:00:00","first_app:topface AND platform:vk","_exists_:(user_mau.1709.topfacemobappandroid OR user_mau.1709.topfacemobappios OR user_mau.1709.topface OR user_mau.1709.standalonetf)",5
"2016-04-01 00:00:00","first_app:topface AND platform:vk","_exists_:(user_mau.1710.topfacemobappandroid OR user_mau.1710.topfacemobappios OR user_mau.1710.topface OR user_mau.1710.standalonetf)",6
"2016-04-01 00:00:00","first_app:topface AND platform:vk","_exists_:(user_mau.1711.topfacemobappandroid OR user_mau.1711.topfacemobappios OR user_mau.1711.topface OR user_mau.1711.standalonetf)",6
"2016-04-01 00:00:00","first_app:topface AND platform:vk","_exists_:(user_mau.1712.topfacemobappandroid OR user_mau.1712.topfacemobappios OR user_mau.1712.topface OR user_mau.1712.standalonetf)",4
"2016-04-01 00:00:00","first_app:topface AND platform:vk","_exists_:(user_mau.1801.topfacemobappandroid OR user_mau.1801.topfacemobappios OR user_mau.1801.topface OR user_mau.1801.standalonetf)",3
"2016-04-01 00:00:00","first_app:topface AND platform:vk","_exists_:(user_mau.1802.topfacemobappandroid OR user_mau.1802.topfacemobappios OR user_mau.1802.topface OR user_mau.1802.standalonetf)",3
"2016-04-01 00:00:00","first_app:topface AND platform:ok","*",18
"2016-04-01 00:00:00","first_app:topface AND platform:ok","_exists_:(user_mau.1501.topfacemobappandroid OR user_mau.1501.topfacemobappios OR user_mau.1501.topface OR user_mau.1501.standalonetf)",0
"2016-04-01 00:00:00","first_app:topface AND platform:ok","_exists_:(user_mau.1502.topfacemobappandroid OR user_mau.1502.topfacemobappios OR user_mau.1502.topface OR user_mau.1502.standalonetf)",0
"2016-04-01 00:00:00","first_app:topface AND platform:ok","_exists_:(user_mau.1503.topfacemobappandroid OR user_mau.1503.topfacemobappios OR user_mau.1503.topface OR user_mau.1503.standalonetf)",0
"2016-04-01 00:00:00","first_app:topface AND platform:ok","_exists_:(user_mau.1504.topfacemobappandroid OR user_mau.1504.topfacemobappios OR user_mau.1504.topface OR user_mau.1504.standalonetf)",0
"2016-04-01 00:00:00","first_app:topface AND platform:ok","_exists_:(user_mau.1505.topfacemobappandroid OR user_mau.1505.topfacemobappios OR user_mau.1505.topface OR user_mau.1505.standalonetf)",0
"2016-04-01 00:00:00","first_app:topface AND platform:ok","_exists_:(user_mau.1506.topfacemobappandroid OR user_mau.1506.topfacemobappios OR user_mau.1506.topface OR user_mau.1506.standalonetf)",0
"2016-04-01 00:00:00","first_app:topface AND platform:ok","_exists_:(user_mau.1507.topfacemobappandroid OR user_mau.1507.topfacemobappios OR user_mau.1507.topface OR user_mau.1507.standalonetf)",0
"2016-04-01 00:00:00","first_app:topface AND platform:ok","_exists_:(user_mau.1508.topfacemobappandroid OR user_mau.1508.topfacemobappios OR user_mau.1508.topface OR user_mau.1508.standalonetf)",0
"2016-04-01 00:00:00","first_app:topface AND platform:ok","_exists_:(user_mau.1509.topfacemobappandroid OR user_mau.1509.topfacemobappios OR user_mau.1509.topface OR user_mau.1509.standalonetf)",0
"2016-04-01 00:00:00","first_app:topface AND platform:ok","_exists_:(user_mau.1510.topfacemobappandroid OR user_mau.1510.topfacemobappios OR user_mau.1510.topface OR user_mau.1510.standalonetf)",0
"2016-04-01 00:00:00","first_app:topface AND platform:ok","_exists_:(user_mau.1511.topfacemobappandroid OR user_mau.1511.topfacemobappios OR user_mau.1511.topface OR user_mau.1511.standalonetf)",0
"2016-04-01 00:00:00","first_app:topface AND platform:ok","_exists_:(user_mau.1512.topfacemobappandroid OR user_mau.1512.topfacemobappios OR user_mau.1512.topface OR user_mau.1512.standalonetf)",0
"2016-04-01 00:00:00","first_app:topface AND platform:ok","_exists_:(user_mau.1601.topfacemobappandroid OR user_mau.1601.topfacemobappios OR user_mau.1601.topface OR user_mau.1601.standalonetf)",0
"2016-04-01 00:00:00","first_app:topface AND platform:ok","_exists_:(user_mau.1602.topfacemobappandroid OR user_mau.1602.topfacemobappios OR user_mau.1602.topface OR user_mau.1602.standalonetf)",0
"2016-04-01 00:00:00","first_app:topface AND platform:ok","_exists_:(user_mau.1603.topfacemobappandroid OR user_mau.1603.topfacemobappios OR user_mau.1603.topface OR user_mau.1603.standalonetf)",0
"2016-04-01 00:00:00","first_app:topface AND platform:ok","_exists_:(user_mau.1604.topfacemobappandroid OR user_mau.1604.topfacemobappios OR user_mau.1604.topface OR user_mau.1604.standalonetf)",18
"2016-04-01 00:00:00","first_app:topface AND platform:ok","_exists_:(user_mau.1605.topfacemobappandroid OR user_mau.1605.topfacemobappios OR user_mau.1605.topface OR user_mau.1605.standalonetf)",3
"2016-04-01 00:00:00","first_app:topface AND platform:ok","_exists_:(user_mau.1606.topfacemobappandroid OR user_mau.1606.topfacemobappios OR user_mau.1606.topface OR user_mau.1606.standalonetf)",0
"2016-04-01 00:00:00","first_app:topface AND platform:ok","_exists_:(user_mau.1607.topfacemobappandroid OR user_mau.1607.topfacemobappios OR user_mau.1607.topface OR user_mau.1607.standalonetf)",2
"2016-04-01 00:00:00","first_app:topface AND platform:ok","_exists_:(user_mau.1608.topfacemobappandroid OR user_mau.1608.topfacemobappios OR user_mau.1608.topface OR user_mau.1608.standalonetf)",1
"2016-04-01 00:00:00","first_app:topface AND platform:ok","_exists_:(user_mau.1609.topfacemobappandroid OR user_mau.1609.topfacemobappios OR user_mau.1609.topface OR user_mau.1609.standalonetf)",1
"2016-04-01 00:00:00","first_app:topface AND platform:ok","_exists_:(user_mau.1610.topfacemobappandroid OR user_mau.1610.topfacemobappios OR user_mau.1610.topface OR user_mau.1610.standalonetf)",1
"2016-04-01 00:00:00","first_app:topface AND platform:ok","_exists_:(user_mau.1611.topfacemobappandroid OR user_mau.1611.topfacemobappios OR user_mau.1611.topface OR user_mau.1611.standalonetf)",0
"2016-04-01 00:00:00","first_app:topface AND platform:ok","_exists_:(user_mau.1612.topfacemobappandroid OR user_mau.1612.topfacemobappios OR user_mau.1612.topface OR user_mau.1612.standalonetf)",1
"2016-04-01 00:00:00","first_app:topface AND platform:ok","_exists_:(user_mau.1701.topfacemobappandroid OR user_mau.1701.topfacemobappios OR user_mau.1701.topface OR user_mau.1701.standalonetf)",0
"2016-04-01 00:00:00","first_app:topface AND platform:ok","_exists_:(user_mau.1702.topfacemobappandroid OR user_mau.1702.topfacemobappios OR user_mau.1702.topface OR user_mau.1702.standalonetf)",0
"2016-04-01 00:00:00","first_app:topface AND platform:ok","_exists_:(user_mau.1703.topfacemobappandroid OR user_mau.1703.topfacemobappios OR user_mau.1703.topface OR user_mau.1703.standalonetf)",0
"2016-04-01 00:00:00","first_app:topface AND platform:ok","_exists_:(user_mau.1704.topfacemobappandroid OR user_mau.1704.topfacemobappios OR user_mau.1704.topface OR user_mau.1704.standalonetf)",0
"2016-04-01 00:00:00","first_app:topface AND platform:ok","_exists_:(user_mau.1705.topfacemobappandroid OR user_mau.1705.topfacemobappios OR user_mau.1705.topface OR user_mau.1705.standalonetf)",0
"2016-04-01 00:00:00","first_app:topface AND platform:ok","_exists_:(user_mau.1706.topfacemobappandroid OR user_mau.1706.topfacemobappios OR user_mau.1706.topface OR user_mau.1706.standalonetf)",0
"2016-04-01 00:00:00","first_app:topface AND platform:ok","_exists_:(user_mau.1707.topfacemobappandroid OR user_mau.1707.topfacemobappios OR user_mau.1707.topface OR user_mau.1707.standalonetf)",0
"2016-04-01 00:00:00","first_app:topface AND platform:ok","_exists_:(user_mau.1708.topfacemobappandroid OR user_mau.1708.topfacemobappios OR user_mau.1708.topface OR user_mau.1708.standalonetf)",0
"2016-04-01 00:00:00","first_app:topface AND platform:ok","_exists_:(user_mau.1709.topfacemobappandroid OR user_mau.1709.topfacemobappios OR user_mau.1709.topface OR user_mau.1709.standalonetf)",1
"2016-04-01 00:00:00","first_app:topface AND platform:ok","_exists_:(user_mau.1710.topfacemobappandroid OR user_mau.1710.topfacemobappios OR user_mau.1710.topface OR user_mau.1710.standalonetf)",0
"2016-04-01 00:00:00","first_app:topface AND platform:ok","_exists_:(user_mau.1711.topfacemobappandroid OR user_mau.1711.topfacemobappios OR user_mau.1711.topface OR user_mau.1711.standalonetf)",0
"2016-04-01 00:00:00","first_app:topface AND platform:ok","_exists_:(user_mau.1712.topfacemobappandroid OR user_mau.1712.topfacemobappios OR user_mau.1712.topface OR user_mau.1712.standalonetf)",0
"2016-04-01 00:00:00","first_app:topface AND platform:ok","_exists_:(user_mau.1801.topfacemobappandroid OR user_mau.1801.topfacemobappios OR user_mau.1801.topface OR user_mau.1801.standalonetf)",0
"2016-04-01 00:00:00","first_app:topface AND platform:ok","_exists_:(user_mau.1802.topfacemobappandroid OR user_mau.1802.topfacemobappios OR user_mau.1802.topface OR user_mau.1802.standalonetf)",0
"2016-04-01 00:00:00","first_app:topface AND platform:fb","*","8,263"
"2016-04-01 00:00:00","first_app:topface AND platform:fb","_exists_:(user_mau.1501.topfacemobappandroid OR user_mau.1501.topfacemobappios OR user_mau.1501.topface OR user_mau.1501.standalonetf)",0
"2016-04-01 00:00:00","first_app:topface AND platform:fb","_exists_:(user_mau.1502.topfacemobappandroid OR user_mau.1502.topfacemobappios OR user_mau.1502.topface OR user_mau.1502.standalonetf)",0
"2016-04-01 00:00:00","first_app:topface AND platform:fb","_exists_:(user_mau.1503.topfacemobappandroid OR user_mau.1503.topfacemobappios OR user_mau.1503.topface OR user_mau.1503.standalonetf)",0
"2016-04-01 00:00:00","first_app:topface AND platform:fb","_exists_:(user_mau.1504.topfacemobappandroid OR user_mau.1504.topfacemobappios OR user_mau.1504.topface OR user_mau.1504.standalonetf)",0
"2016-04-01 00:00:00","first_app:topface AND platform:fb","_exists_:(user_mau.1505.topfacemobappandroid OR user_mau.1505.topfacemobappios OR user_mau.1505.topface OR user_mau.1505.standalonetf)",0
"2016-04-01 00:00:00","first_app:topface AND platform:fb","_exists_:(user_mau.1506.topfacemobappandroid OR user_mau.1506.topfacemobappios OR user_mau.1506.topface OR user_mau.1506.standalonetf)",0
"2016-04-01 00:00:00","first_app:topface AND platform:fb","_exists_:(user_mau.1507.topfacemobappandroid OR user_mau.1507.topfacemobappios OR user_mau.1507.topface OR user_mau.1507.standalonetf)",0
"2016-04-01 00:00:00","first_app:topface AND platform:fb","_exists_:(user_mau.1508.topfacemobappandroid OR user_mau.1508.topfacemobappios OR user_mau.1508.topface OR user_mau.1508.standalonetf)",0
"2016-04-01 00:00:00","first_app:topface AND platform:fb","_exists_:(user_mau.1509.topfacemobappandroid OR user_mau.1509.topfacemobappios OR user_mau.1509.topface OR user_mau.1509.standalonetf)",0
"2016-04-01 00:00:00","first_app:topface AND platform:fb","_exists_:(user_mau.1510.topfacemobappandroid OR user_mau.1510.topfacemobappios OR user_mau.1510.topface OR user_mau.1510.standalonetf)",0
"2016-04-01 00:00:00","first_app:topface AND platform:fb","_exists_:(user_mau.1511.topfacemobappandroid OR user_mau.1511.topfacemobappios OR user_mau.1511.topface OR user_mau.1511.standalonetf)",0
"2016-04-01 00:00:00","first_app:topface AND platform:fb","_exists_:(user_mau.1512.topfacemobappandroid OR user_mau.1512.topfacemobappios OR user_mau.1512.topface OR user_mau.1512.standalonetf)",0
"2016-04-01 00:00:00","first_app:topface AND platform:fb","_exists_:(user_mau.1601.topfacemobappandroid OR user_mau.1601.topfacemobappios OR user_mau.1601.topface OR user_mau.1601.standalonetf)",0
"2016-04-01 00:00:00","first_app:topface AND platform:fb","_exists_:(user_mau.1602.topfacemobappandroid OR user_mau.1602.topfacemobappios OR user_mau.1602.topface OR user_mau.1602.standalonetf)",0
"2016-04-01 00:00:00","first_app:topface AND platform:fb","_exists_:(user_mau.1603.topfacemobappandroid OR user_mau.1603.topfacemobappios OR user_mau.1603.topface OR user_mau.1603.standalonetf)",7
"2016-04-01 00:00:00","first_app:topface AND platform:fb","_exists_:(user_mau.1604.topfacemobappandroid OR user_mau.1604.topfacemobappios OR user_mau.1604.topface OR user_mau.1604.standalonetf)","8,219"
"2016-04-01 00:00:00","first_app:topface AND platform:fb","_exists_:(user_mau.1605.topfacemobappandroid OR user_mau.1605.topfacemobappios OR user_mau.1605.topface OR user_mau.1605.standalonetf)","1,783"
"2016-04-01 00:00:00","first_app:topface AND platform:fb","_exists_:(user_mau.1606.topfacemobappandroid OR user_mau.1606.topfacemobappios OR user_mau.1606.topface OR user_mau.1606.standalonetf)",838
"2016-04-01 00:00:00","first_app:topface AND platform:fb","_exists_:(user_mau.1607.topfacemobappandroid OR user_mau.1607.topfacemobappios OR user_mau.1607.topface OR user_mau.1607.standalonetf)",580
"2016-04-01 00:00:00","first_app:topface AND platform:fb","_exists_:(user_mau.1608.topfacemobappandroid OR user_mau.1608.topfacemobappios OR user_mau.1608.topface OR user_mau.1608.standalonetf)",428
"2016-04-01 00:00:00","first_app:topface AND platform:fb","_exists_:(user_mau.1609.topfacemobappandroid OR user_mau.1609.topfacemobappios OR user_mau.1609.topface OR user_mau.1609.standalonetf)",373
"2016-04-01 00:00:00","first_app:topface AND platform:fb","_exists_:(user_mau.1610.topfacemobappandroid OR user_mau.1610.topfacemobappios OR user_mau.1610.topface OR user_mau.1610.standalonetf)",324
"2016-04-01 00:00:00","first_app:topface AND platform:fb","_exists_:(user_mau.1611.topfacemobappandroid OR user_mau.1611.topfacemobappios OR user_mau.1611.topface OR user_mau.1611.standalonetf)",237
"2016-04-01 00:00:00","first_app:topface AND platform:fb","_exists_:(user_mau.1612.topfacemobappandroid OR user_mau.1612.topfacemobappios OR user_mau.1612.topface OR user_mau.1612.standalonetf)",199
"2016-04-01 00:00:00","first_app:topface AND platform:fb","_exists_:(user_mau.1701.topfacemobappandroid OR user_mau.1701.topfacemobappios OR user_mau.1701.topface OR user_mau.1701.standalonetf)",169
"2016-04-01 00:00:00","first_app:topface AND platform:fb","_exists_:(user_mau.1702.topfacemobappandroid OR user_mau.1702.topfacemobappios OR user_mau.1702.topface OR user_mau.1702.standalonetf)",159
"2016-04-01 00:00:00","first_app:topface AND platform:fb","_exists_:(user_mau.1703.topfacemobappandroid OR user_mau.1703.topfacemobappios OR user_mau.1703.topface OR user_mau.1703.standalonetf)",274
"2016-04-01 00:00:00","first_app:topface AND platform:fb","_exists_:(user_mau.1704.topfacemobappandroid OR user_mau.1704.topfacemobappios OR user_mau.1704.topface OR user_mau.1704.standalonetf)",135
"2016-04-01 00:00:00","first_app:topface AND platform:fb","_exists_:(user_mau.1705.topfacemobappandroid OR user_mau.1705.topfacemobappios OR user_mau.1705.topface OR user_mau.1705.standalonetf)",239
"2016-04-01 00:00:00","first_app:topface AND platform:fb","_exists_:(user_mau.1706.topfacemobappandroid OR user_mau.1706.topfacemobappios OR user_mau.1706.topface OR user_mau.1706.standalonetf)",217
"2016-04-01 00:00:00","first_app:topface AND platform:fb","_exists_:(user_mau.1707.topfacemobappandroid OR user_mau.1707.topfacemobappios OR user_mau.1707.topface OR user_mau.1707.standalonetf)",178
"2016-04-01 00:00:00","first_app:topface AND platform:fb","_exists_:(user_mau.1708.topfacemobappandroid OR user_mau.1708.topfacemobappios OR user_mau.1708.topface OR user_mau.1708.standalonetf)",199
"2016-04-01 00:00:00","first_app:topface AND platform:fb","_exists_:(user_mau.1709.topfacemobappandroid OR user_mau.1709.topfacemobappios OR user_mau.1709.topface OR user_mau.1709.standalonetf)",160
"2016-04-01 00:00:00","first_app:topface AND platform:fb","_exists_:(user_mau.1710.topfacemobappandroid OR user_mau.1710.topfacemobappios OR user_mau.1710.topface OR user_mau.1710.standalonetf)",211
"2016-04-01 00:00:00","first_app:topface AND platform:fb","_exists_:(user_mau.1711.topfacemobappandroid OR user_mau.1711.topfacemobappios OR user_mau.1711.topface OR user_mau.1711.standalonetf)",195
"2016-04-01 00:00:00","first_app:topface AND platform:fb","_exists_:(user_mau.1712.topfacemobappandroid OR user_mau.1712.topfacemobappios OR user_mau.1712.topface OR user_mau.1712.standalonetf)",152
"2016-04-01 00:00:00","first_app:topface AND platform:fb","_exists_:(user_mau.1801.topfacemobappandroid OR user_mau.1801.topfacemobappios OR user_mau.1801.topface OR user_mau.1801.standalonetf)",121
"2016-04-01 00:00:00","first_app:topface AND platform:fb","_exists_:(user_mau.1802.topfacemobappandroid OR user_mau.1802.topfacemobappios OR user_mau.1802.topface OR user_mau.1802.standalonetf)",109
"2016-05-01 00:00:00","first_app:topfacemobappandroid","*","83,255"
"2016-05-01 00:00:00","first_app:topfacemobappandroid","_exists_:(user_mau.1501.topfacemobappandroid OR user_mau.1501.topfacemobappios OR user_mau.1501.topface OR user_mau.1501.standalonetf)",0
"2016-05-01 00:00:00","first_app:topfacemobappandroid","_exists_:(user_mau.1502.topfacemobappandroid OR user_mau.1502.topfacemobappios OR user_mau.1502.topface OR user_mau.1502.standalonetf)",0
"2016-05-01 00:00:00","first_app:topfacemobappandroid","_exists_:(user_mau.1503.topfacemobappandroid OR user_mau.1503.topfacemobappios OR user_mau.1503.topface OR user_mau.1503.standalonetf)",0
"2016-05-01 00:00:00","first_app:topfacemobappandroid","_exists_:(user_mau.1504.topfacemobappandroid OR user_mau.1504.topfacemobappios OR user_mau.1504.topface OR user_mau.1504.standalonetf)",0
"2016-05-01 00:00:00","first_app:topfacemobappandroid","_exists_:(user_mau.1505.topfacemobappandroid OR user_mau.1505.topfacemobappios OR user_mau.1505.topface OR user_mau.1505.standalonetf)",0
"2016-05-01 00:00:00","first_app:topfacemobappandroid","_exists_:(user_mau.1506.topfacemobappandroid OR user_mau.1506.topfacemobappios OR user_mau.1506.topface OR user_mau.1506.standalonetf)",0
"2016-05-01 00:00:00","first_app:topfacemobappandroid","_exists_:(user_mau.1507.topfacemobappandroid OR user_mau.1507.topfacemobappios OR user_mau.1507.topface OR user_mau.1507.standalonetf)",0
"2016-05-01 00:00:00","first_app:topfacemobappandroid","_exists_:(user_mau.1508.topfacemobappandroid OR user_mau.1508.topfacemobappios OR user_mau.1508.topface OR user_mau.1508.standalonetf)",0
"2016-05-01 00:00:00","first_app:topfacemobappandroid","_exists_:(user_mau.1509.topfacemobappandroid OR user_mau.1509.topfacemobappios OR user_mau.1509.topface OR user_mau.1509.standalonetf)",0
"2016-05-01 00:00:00","first_app:topfacemobappandroid","_exists_:(user_mau.1510.topfacemobappandroid OR user_mau.1510.topfacemobappios OR user_mau.1510.topface OR user_mau.1510.standalonetf)",0
"2016-05-01 00:00:00","first_app:topfacemobappandroid","_exists_:(user_mau.1511.topfacemobappandroid OR user_mau.1511.topfacemobappios OR user_mau.1511.topface OR user_mau.1511.standalonetf)",0
"2016-05-01 00:00:00","first_app:topfacemobappandroid","_exists_:(user_mau.1512.topfacemobappandroid OR user_mau.1512.topfacemobappios OR user_mau.1512.topface OR user_mau.1512.standalonetf)",0
"2016-05-01 00:00:00","first_app:topfacemobappandroid","_exists_:(user_mau.1601.topfacemobappandroid OR user_mau.1601.topfacemobappios OR user_mau.1601.topface OR user_mau.1601.standalonetf)",0
"2016-05-01 00:00:00","first_app:topfacemobappandroid","_exists_:(user_mau.1602.topfacemobappandroid OR user_mau.1602.topfacemobappios OR user_mau.1602.topface OR user_mau.1602.standalonetf)",0
"2016-05-01 00:00:00","first_app:topfacemobappandroid","_exists_:(user_mau.1603.topfacemobappandroid OR user_mau.1603.topfacemobappios OR user_mau.1603.topface OR user_mau.1603.standalonetf)",0
"2016-05-01 00:00:00","first_app:topfacemobappandroid","_exists_:(user_mau.1604.topfacemobappandroid OR user_mau.1604.topfacemobappios OR user_mau.1604.topface OR user_mau.1604.standalonetf)",73
"2016-05-01 00:00:00","first_app:topfacemobappandroid","_exists_:(user_mau.1605.topfacemobappandroid OR user_mau.1605.topfacemobappios OR user_mau.1605.topface OR user_mau.1605.standalonetf)","83,218"
"2016-05-01 00:00:00","first_app:topfacemobappandroid","_exists_:(user_mau.1606.topfacemobappandroid OR user_mau.1606.topfacemobappios OR user_mau.1606.topface OR user_mau.1606.standalonetf)","24,927"
"2016-05-01 00:00:00","first_app:topfacemobappandroid","_exists_:(user_mau.1607.topfacemobappandroid OR user_mau.1607.topfacemobappios OR user_mau.1607.topface OR user_mau.1607.standalonetf)","12,777"
"2016-05-01 00:00:00","first_app:topfacemobappandroid","_exists_:(user_mau.1608.topfacemobappandroid OR user_mau.1608.topfacemobappios OR user_mau.1608.topface OR user_mau.1608.standalonetf)","7,578"
"2016-05-01 00:00:00","first_app:topfacemobappandroid","_exists_:(user_mau.1609.topfacemobappandroid OR user_mau.1609.topfacemobappios OR user_mau.1609.topface OR user_mau.1609.standalonetf)","5,817"
"2016-05-01 00:00:00","first_app:topfacemobappandroid","_exists_:(user_mau.1610.topfacemobappandroid OR user_mau.1610.topfacemobappios OR user_mau.1610.topface OR user_mau.1610.standalonetf)","5,016"
"2016-05-01 00:00:00","first_app:topfacemobappandroid","_exists_:(user_mau.1611.topfacemobappandroid OR user_mau.1611.topfacemobappios OR user_mau.1611.topface OR user_mau.1611.standalonetf)","3,969"
"2016-05-01 00:00:00","first_app:topfacemobappandroid","_exists_:(user_mau.1612.topfacemobappandroid OR user_mau.1612.topfacemobappios OR user_mau.1612.topface OR user_mau.1612.standalonetf)","3,606"
"2016-05-01 00:00:00","first_app:topfacemobappandroid","_exists_:(user_mau.1701.topfacemobappandroid OR user_mau.1701.topfacemobappios OR user_mau.1701.topface OR user_mau.1701.standalonetf)","3,208"
"2016-05-01 00:00:00","first_app:topfacemobappandroid","_exists_:(user_mau.1702.topfacemobappandroid OR user_mau.1702.topfacemobappios OR user_mau.1702.topface OR user_mau.1702.standalonetf)","2,628"
"2016-05-01 00:00:00","first_app:topfacemobappandroid","_exists_:(user_mau.1703.topfacemobappandroid OR user_mau.1703.topfacemobappios OR user_mau.1703.topface OR user_mau.1703.standalonetf)","2,977"
"2016-05-01 00:00:00","first_app:topfacemobappandroid","_exists_:(user_mau.1704.topfacemobappandroid OR user_mau.1704.topfacemobappios OR user_mau.1704.topface OR user_mau.1704.standalonetf)","2,574"
"2016-05-01 00:00:00","first_app:topfacemobappandroid","_exists_:(user_mau.1705.topfacemobappandroid OR user_mau.1705.topfacemobappios OR user_mau.1705.topface OR user_mau.1705.standalonetf)","2,367"
"2016-05-01 00:00:00","first_app:topfacemobappandroid","_exists_:(user_mau.1706.topfacemobappandroid OR user_mau.1706.topfacemobappios OR user_mau.1706.topface OR user_mau.1706.standalonetf)","2,207"
"2016-05-01 00:00:00","first_app:topfacemobappandroid","_exists_:(user_mau.1707.topfacemobappandroid OR user_mau.1707.topfacemobappios OR user_mau.1707.topface OR user_mau.1707.standalonetf)","2,054"
"2016-05-01 00:00:00","first_app:topfacemobappandroid","_exists_:(user_mau.1708.topfacemobappandroid OR user_mau.1708.topfacemobappios OR user_mau.1708.topface OR user_mau.1708.standalonetf)","2,169"
"2016-05-01 00:00:00","first_app:topfacemobappandroid","_exists_:(user_mau.1709.topfacemobappandroid OR user_mau.1709.topfacemobappios OR user_mau.1709.topface OR user_mau.1709.standalonetf)","2,014"
"2016-05-01 00:00:00","first_app:topfacemobappandroid","_exists_:(user_mau.1710.topfacemobappandroid OR user_mau.1710.topfacemobappios OR user_mau.1710.topface OR user_mau.1710.standalonetf)","2,054"
"2016-05-01 00:00:00","first_app:topfacemobappandroid","_exists_:(user_mau.1711.topfacemobappandroid OR user_mau.1711.topfacemobappios OR user_mau.1711.topface OR user_mau.1711.standalonetf)","1,915"
"2016-05-01 00:00:00","first_app:topfacemobappandroid","_exists_:(user_mau.1712.topfacemobappandroid OR user_mau.1712.topfacemobappios OR user_mau.1712.topface OR user_mau.1712.standalonetf)","1,543"
"2016-05-01 00:00:00","first_app:topfacemobappandroid","_exists_:(user_mau.1801.topfacemobappandroid OR user_mau.1801.topfacemobappios OR user_mau.1801.topface OR user_mau.1801.standalonetf)","1,225"
"2016-05-01 00:00:00","first_app:topfacemobappandroid","_exists_:(user_mau.1802.topfacemobappandroid OR user_mau.1802.topfacemobappios OR user_mau.1802.topface OR user_mau.1802.standalonetf)","1,013"
"2016-05-01 00:00:00","first_app:topfacemobappios","*","25,167"
"2016-05-01 00:00:00","first_app:topfacemobappios","_exists_:(user_mau.1501.topfacemobappandroid OR user_mau.1501.topfacemobappios OR user_mau.1501.topface OR user_mau.1501.standalonetf)",0
"2016-05-01 00:00:00","first_app:topfacemobappios","_exists_:(user_mau.1502.topfacemobappandroid OR user_mau.1502.topfacemobappios OR user_mau.1502.topface OR user_mau.1502.standalonetf)",0
"2016-05-01 00:00:00","first_app:topfacemobappios","_exists_:(user_mau.1503.topfacemobappandroid OR user_mau.1503.topfacemobappios OR user_mau.1503.topface OR user_mau.1503.standalonetf)",0
"2016-05-01 00:00:00","first_app:topfacemobappios","_exists_:(user_mau.1504.topfacemobappandroid OR user_mau.1504.topfacemobappios OR user_mau.1504.topface OR user_mau.1504.standalonetf)",0
"2016-05-01 00:00:00","first_app:topfacemobappios","_exists_:(user_mau.1505.topfacemobappandroid OR user_mau.1505.topfacemobappios OR user_mau.1505.topface OR user_mau.1505.standalonetf)",0
"2016-05-01 00:00:00","first_app:topfacemobappios","_exists_:(user_mau.1506.topfacemobappandroid OR user_mau.1506.topfacemobappios OR user_mau.1506.topface OR user_mau.1506.standalonetf)",0
"2016-05-01 00:00:00","first_app:topfacemobappios","_exists_:(user_mau.1507.topfacemobappandroid OR user_mau.1507.topfacemobappios OR user_mau.1507.topface OR user_mau.1507.standalonetf)",0
"2016-05-01 00:00:00","first_app:topfacemobappios","_exists_:(user_mau.1508.topfacemobappandroid OR user_mau.1508.topfacemobappios OR user_mau.1508.topface OR user_mau.1508.standalonetf)",0
"2016-05-01 00:00:00","first_app:topfacemobappios","_exists_:(user_mau.1509.topfacemobappandroid OR user_mau.1509.topfacemobappios OR user_mau.1509.topface OR user_mau.1509.standalonetf)",0
"2016-05-01 00:00:00","first_app:topfacemobappios","_exists_:(user_mau.1510.topfacemobappandroid OR user_mau.1510.topfacemobappios OR user_mau.1510.topface OR user_mau.1510.standalonetf)",0
"2016-05-01 00:00:00","first_app:topfacemobappios","_exists_:(user_mau.1511.topfacemobappandroid OR user_mau.1511.topfacemobappios OR user_mau.1511.topface OR user_mau.1511.standalonetf)",0
"2016-05-01 00:00:00","first_app:topfacemobappios","_exists_:(user_mau.1512.topfacemobappandroid OR user_mau.1512.topfacemobappios OR user_mau.1512.topface OR user_mau.1512.standalonetf)",0
"2016-05-01 00:00:00","first_app:topfacemobappios","_exists_:(user_mau.1601.topfacemobappandroid OR user_mau.1601.topfacemobappios OR user_mau.1601.topface OR user_mau.1601.standalonetf)",0
"2016-05-01 00:00:00","first_app:topfacemobappios","_exists_:(user_mau.1602.topfacemobappandroid OR user_mau.1602.topfacemobappios OR user_mau.1602.topface OR user_mau.1602.standalonetf)",0
"2016-05-01 00:00:00","first_app:topfacemobappios","_exists_:(user_mau.1603.topfacemobappandroid OR user_mau.1603.topfacemobappios OR user_mau.1603.topface OR user_mau.1603.standalonetf)",0
"2016-05-01 00:00:00","first_app:topfacemobappios","_exists_:(user_mau.1604.topfacemobappandroid OR user_mau.1604.topfacemobappios OR user_mau.1604.topface OR user_mau.1604.standalonetf)",22
"2016-05-01 00:00:00","first_app:topfacemobappios","_exists_:(user_mau.1605.topfacemobappandroid OR user_mau.1605.topfacemobappios OR user_mau.1605.topface OR user_mau.1605.standalonetf)","25,153"
"2016-05-01 00:00:00","first_app:topfacemobappios","_exists_:(user_mau.1606.topfacemobappandroid OR user_mau.1606.topfacemobappios OR user_mau.1606.topface OR user_mau.1606.standalonetf)","6,066"
"2016-05-01 00:00:00","first_app:topfacemobappios","_exists_:(user_mau.1607.topfacemobappandroid OR user_mau.1607.topfacemobappios OR user_mau.1607.topface OR user_mau.1607.standalonetf)","3,134"
"2016-05-01 00:00:00","first_app:topfacemobappios","_exists_:(user_mau.1608.topfacemobappandroid OR user_mau.1608.topfacemobappios OR user_mau.1608.topface OR user_mau.1608.standalonetf)","1,802"
"2016-05-01 00:00:00","first_app:topfacemobappios","_exists_:(user_mau.1609.topfacemobappandroid OR user_mau.1609.topfacemobappios OR user_mau.1609.topface OR user_mau.1609.standalonetf)","1,287"
"2016-05-01 00:00:00","first_app:topfacemobappios","_exists_:(user_mau.1610.topfacemobappandroid OR user_mau.1610.topfacemobappios OR user_mau.1610.topface OR user_mau.1610.standalonetf)","1,070"
"2016-05-01 00:00:00","first_app:topfacemobappios","_exists_:(user_mau.1611.topfacemobappandroid OR user_mau.1611.topfacemobappios OR user_mau.1611.topface OR user_mau.1611.standalonetf)",910
"2016-05-01 00:00:00","first_app:topfacemobappios","_exists_:(user_mau.1612.topfacemobappandroid OR user_mau.1612.topfacemobappios OR user_mau.1612.topface OR user_mau.1612.standalonetf)",810
"2016-05-01 00:00:00","first_app:topfacemobappios","_exists_:(user_mau.1701.topfacemobappandroid OR user_mau.1701.topfacemobappios OR user_mau.1701.topface OR user_mau.1701.standalonetf)",709
"2016-05-01 00:00:00","first_app:topfacemobappios","_exists_:(user_mau.1702.topfacemobappandroid OR user_mau.1702.topfacemobappios OR user_mau.1702.topface OR user_mau.1702.standalonetf)",579
"2016-05-01 00:00:00","first_app:topfacemobappios","_exists_:(user_mau.1703.topfacemobappandroid OR user_mau.1703.topfacemobappios OR user_mau.1703.topface OR user_mau.1703.standalonetf)",768
"2016-05-01 00:00:00","first_app:topfacemobappios","_exists_:(user_mau.1704.topfacemobappandroid OR user_mau.1704.topfacemobappios OR user_mau.1704.topface OR user_mau.1704.standalonetf)",455
"2016-05-01 00:00:00","first_app:topfacemobappios","_exists_:(user_mau.1705.topfacemobappandroid OR user_mau.1705.topfacemobappios OR user_mau.1705.topface OR user_mau.1705.standalonetf)",499
"2016-05-01 00:00:00","first_app:topfacemobappios","_exists_:(user_mau.1706.topfacemobappandroid OR user_mau.1706.topfacemobappios OR user_mau.1706.topface OR user_mau.1706.standalonetf)",421
"2016-05-01 00:00:00","first_app:topfacemobappios","_exists_:(user_mau.1707.topfacemobappandroid OR user_mau.1707.topfacemobappios OR user_mau.1707.topface OR user_mau.1707.standalonetf)",448
"2016-05-01 00:00:00","first_app:topfacemobappios","_exists_:(user_mau.1708.topfacemobappandroid OR user_mau.1708.topfacemobappios OR user_mau.1708.topface OR user_mau.1708.standalonetf)",409
"2016-05-01 00:00:00","first_app:topfacemobappios","_exists_:(user_mau.1709.topfacemobappandroid OR user_mau.1709.topfacemobappios OR user_mau.1709.topface OR user_mau.1709.standalonetf)",401
"2016-05-01 00:00:00","first_app:topfacemobappios","_exists_:(user_mau.1710.topfacemobappandroid OR user_mau.1710.topfacemobappios OR user_mau.1710.topface OR user_mau.1710.standalonetf)",431
"2016-05-01 00:00:00","first_app:topfacemobappios","_exists_:(user_mau.1711.topfacemobappandroid OR user_mau.1711.topfacemobappios OR user_mau.1711.topface OR user_mau.1711.standalonetf)",361
"2016-05-01 00:00:00","first_app:topfacemobappios","_exists_:(user_mau.1712.topfacemobappandroid OR user_mau.1712.topfacemobappios OR user_mau.1712.topface OR user_mau.1712.standalonetf)",342
"2016-05-01 00:00:00","first_app:topfacemobappios","_exists_:(user_mau.1801.topfacemobappandroid OR user_mau.1801.topfacemobappios OR user_mau.1801.topface OR user_mau.1801.standalonetf)",306
"2016-05-01 00:00:00","first_app:topfacemobappios","_exists_:(user_mau.1802.topfacemobappandroid OR user_mau.1802.topfacemobappios OR user_mau.1802.topface OR user_mau.1802.standalonetf)",275
"2016-05-01 00:00:00","first_app:standalonetf","*","6,223"
"2016-05-01 00:00:00","first_app:standalonetf","_exists_:(user_mau.1501.topfacemobappandroid OR user_mau.1501.topfacemobappios OR user_mau.1501.topface OR user_mau.1501.standalonetf)",0
"2016-05-01 00:00:00","first_app:standalonetf","_exists_:(user_mau.1502.topfacemobappandroid OR user_mau.1502.topfacemobappios OR user_mau.1502.topface OR user_mau.1502.standalonetf)",0
"2016-05-01 00:00:00","first_app:standalonetf","_exists_:(user_mau.1503.topfacemobappandroid OR user_mau.1503.topfacemobappios OR user_mau.1503.topface OR user_mau.1503.standalonetf)",0
"2016-05-01 00:00:00","first_app:standalonetf","_exists_:(user_mau.1504.topfacemobappandroid OR user_mau.1504.topfacemobappios OR user_mau.1504.topface OR user_mau.1504.standalonetf)",0
"2016-05-01 00:00:00","first_app:standalonetf","_exists_:(user_mau.1505.topfacemobappandroid OR user_mau.1505.topfacemobappios OR user_mau.1505.topface OR user_mau.1505.standalonetf)",0
"2016-05-01 00:00:00","first_app:standalonetf","_exists_:(user_mau.1506.topfacemobappandroid OR user_mau.1506.topfacemobappios OR user_mau.1506.topface OR user_mau.1506.standalonetf)",0
"2016-05-01 00:00:00","first_app:standalonetf","_exists_:(user_mau.1507.topfacemobappandroid OR user_mau.1507.topfacemobappios OR user_mau.1507.topface OR user_mau.1507.standalonetf)",0
"2016-05-01 00:00:00","first_app:standalonetf","_exists_:(user_mau.1508.topfacemobappandroid OR user_mau.1508.topfacemobappios OR user_mau.1508.topface OR user_mau.1508.standalonetf)",0
"2016-05-01 00:00:00","first_app:standalonetf","_exists_:(user_mau.1509.topfacemobappandroid OR user_mau.1509.topfacemobappios OR user_mau.1509.topface OR user_mau.1509.standalonetf)",0
"2016-05-01 00:00:00","first_app:standalonetf","_exists_:(user_mau.1510.topfacemobappandroid OR user_mau.1510.topfacemobappios OR user_mau.1510.topface OR user_mau.1510.standalonetf)",0
"2016-05-01 00:00:00","first_app:standalonetf","_exists_:(user_mau.1511.topfacemobappandroid OR user_mau.1511.topfacemobappios OR user_mau.1511.topface OR user_mau.1511.standalonetf)",0
"2016-05-01 00:00:00","first_app:standalonetf","_exists_:(user_mau.1512.topfacemobappandroid OR user_mau.1512.topfacemobappios OR user_mau.1512.topface OR user_mau.1512.standalonetf)",0
"2016-05-01 00:00:00","first_app:standalonetf","_exists_:(user_mau.1601.topfacemobappandroid OR user_mau.1601.topfacemobappios OR user_mau.1601.topface OR user_mau.1601.standalonetf)",0
"2016-05-01 00:00:00","first_app:standalonetf","_exists_:(user_mau.1602.topfacemobappandroid OR user_mau.1602.topfacemobappios OR user_mau.1602.topface OR user_mau.1602.standalonetf)",0
"2016-05-01 00:00:00","first_app:standalonetf","_exists_:(user_mau.1603.topfacemobappandroid OR user_mau.1603.topfacemobappios OR user_mau.1603.topface OR user_mau.1603.standalonetf)",0
"2016-05-01 00:00:00","first_app:standalonetf","_exists_:(user_mau.1604.topfacemobappandroid OR user_mau.1604.topfacemobappios OR user_mau.1604.topface OR user_mau.1604.standalonetf)",20
"2016-05-01 00:00:00","first_app:standalonetf","_exists_:(user_mau.1605.topfacemobappandroid OR user_mau.1605.topfacemobappios OR user_mau.1605.topface OR user_mau.1605.standalonetf)","5,352"
"2016-05-01 00:00:00","first_app:standalonetf","_exists_:(user_mau.1606.topfacemobappandroid OR user_mau.1606.topfacemobappios OR user_mau.1606.topface OR user_mau.1606.standalonetf)","1,209"
"2016-05-01 00:00:00","first_app:standalonetf","_exists_:(user_mau.1607.topfacemobappandroid OR user_mau.1607.topfacemobappios OR user_mau.1607.topface OR user_mau.1607.standalonetf)",766
"2016-05-01 00:00:00","first_app:standalonetf","_exists_:(user_mau.1608.topfacemobappandroid OR user_mau.1608.topfacemobappios OR user_mau.1608.topface OR user_mau.1608.standalonetf)",560
"2016-05-01 00:00:00","first_app:standalonetf","_exists_:(user_mau.1609.topfacemobappandroid OR user_mau.1609.topfacemobappios OR user_mau.1609.topface OR user_mau.1609.standalonetf)",460
"2016-05-01 00:00:00","first_app:standalonetf","_exists_:(user_mau.1610.topfacemobappandroid OR user_mau.1610.topfacemobappios OR user_mau.1610.topface OR user_mau.1610.standalonetf)",399
"2016-05-01 00:00:00","first_app:standalonetf","_exists_:(user_mau.1611.topfacemobappandroid OR user_mau.1611.topfacemobappios OR user_mau.1611.topface OR user_mau.1611.standalonetf)",335
"2016-05-01 00:00:00","first_app:standalonetf","_exists_:(user_mau.1612.topfacemobappandroid OR user_mau.1612.topfacemobappios OR user_mau.1612.topface OR user_mau.1612.standalonetf)",278
"2016-05-01 00:00:00","first_app:standalonetf","_exists_:(user_mau.1701.topfacemobappandroid OR user_mau.1701.topfacemobappios OR user_mau.1701.topface OR user_mau.1701.standalonetf)",265
"2016-05-01 00:00:00","first_app:standalonetf","_exists_:(user_mau.1702.topfacemobappandroid OR user_mau.1702.topfacemobappios OR user_mau.1702.topface OR user_mau.1702.standalonetf)",248
"2016-05-01 00:00:00","first_app:standalonetf","_exists_:(user_mau.1703.topfacemobappandroid OR user_mau.1703.topfacemobappios OR user_mau.1703.topface OR user_mau.1703.standalonetf)",267
"2016-05-01 00:00:00","first_app:standalonetf","_exists_:(user_mau.1704.topfacemobappandroid OR user_mau.1704.topfacemobappios OR user_mau.1704.topface OR user_mau.1704.standalonetf)",200
"2016-05-01 00:00:00","first_app:standalonetf","_exists_:(user_mau.1705.topfacemobappandroid OR user_mau.1705.topfacemobappios OR user_mau.1705.topface OR user_mau.1705.standalonetf)",199
"2016-05-01 00:00:00","first_app:standalonetf","_exists_:(user_mau.1706.topfacemobappandroid OR user_mau.1706.topfacemobappios OR user_mau.1706.topface OR user_mau.1706.standalonetf)",173
"2016-05-01 00:00:00","first_app:standalonetf","_exists_:(user_mau.1707.topfacemobappandroid OR user_mau.1707.topfacemobappios OR user_mau.1707.topface OR user_mau.1707.standalonetf)",153
"2016-05-01 00:00:00","first_app:standalonetf","_exists_:(user_mau.1708.topfacemobappandroid OR user_mau.1708.topfacemobappios OR user_mau.1708.topface OR user_mau.1708.standalonetf)",135
"2016-05-01 00:00:00","first_app:standalonetf","_exists_:(user_mau.1709.topfacemobappandroid OR user_mau.1709.topfacemobappios OR user_mau.1709.topface OR user_mau.1709.standalonetf)",137
"2016-05-01 00:00:00","first_app:standalonetf","_exists_:(user_mau.1710.topfacemobappandroid OR user_mau.1710.topfacemobappios OR user_mau.1710.topface OR user_mau.1710.standalonetf)",137
"2016-05-01 00:00:00","first_app:standalonetf","_exists_:(user_mau.1711.topfacemobappandroid OR user_mau.1711.topfacemobappios OR user_mau.1711.topface OR user_mau.1711.standalonetf)",146
"2016-05-01 00:00:00","first_app:standalonetf","_exists_:(user_mau.1712.topfacemobappandroid OR user_mau.1712.topfacemobappios OR user_mau.1712.topface OR user_mau.1712.standalonetf)",109
"2016-05-01 00:00:00","first_app:standalonetf","_exists_:(user_mau.1801.topfacemobappandroid OR user_mau.1801.topfacemobappios OR user_mau.1801.topface OR user_mau.1801.standalonetf)",127
"2016-05-01 00:00:00","first_app:standalonetf","_exists_:(user_mau.1802.topfacemobappandroid OR user_mau.1802.topfacemobappios OR user_mau.1802.topface OR user_mau.1802.standalonetf)",112
"2016-05-01 00:00:00","first_app:topface AND platform:vk","*",112
"2016-05-01 00:00:00","first_app:topface AND platform:vk","_exists_:(user_mau.1501.topfacemobappandroid OR user_mau.1501.topfacemobappios OR user_mau.1501.topface OR user_mau.1501.standalonetf)",0
"2016-05-01 00:00:00","first_app:topface AND platform:vk","_exists_:(user_mau.1502.topfacemobappandroid OR user_mau.1502.topfacemobappios OR user_mau.1502.topface OR user_mau.1502.standalonetf)",0
"2016-05-01 00:00:00","first_app:topface AND platform:vk","_exists_:(user_mau.1503.topfacemobappandroid OR user_mau.1503.topfacemobappios OR user_mau.1503.topface OR user_mau.1503.standalonetf)",0
"2016-05-01 00:00:00","first_app:topface AND platform:vk","_exists_:(user_mau.1504.topfacemobappandroid OR user_mau.1504.topfacemobappios OR user_mau.1504.topface OR user_mau.1504.standalonetf)",0
"2016-05-01 00:00:00","first_app:topface AND platform:vk","_exists_:(user_mau.1505.topfacemobappandroid OR user_mau.1505.topfacemobappios OR user_mau.1505.topface OR user_mau.1505.standalonetf)",0
"2016-05-01 00:00:00","first_app:topface AND platform:vk","_exists_:(user_mau.1506.topfacemobappandroid OR user_mau.1506.topfacemobappios OR user_mau.1506.topface OR user_mau.1506.standalonetf)",0
"2016-05-01 00:00:00","first_app:topface AND platform:vk","_exists_:(user_mau.1507.topfacemobappandroid OR user_mau.1507.topfacemobappios OR user_mau.1507.topface OR user_mau.1507.standalonetf)",0
"2016-05-01 00:00:00","first_app:topface AND platform:vk","_exists_:(user_mau.1508.topfacemobappandroid OR user_mau.1508.topfacemobappios OR user_mau.1508.topface OR user_mau.1508.standalonetf)",0
"2016-05-01 00:00:00","first_app:topface AND platform:vk","_exists_:(user_mau.1509.topfacemobappandroid OR user_mau.1509.topfacemobappios OR user_mau.1509.topface OR user_mau.1509.standalonetf)",0
"2016-05-01 00:00:00","first_app:topface AND platform:vk","_exists_:(user_mau.1510.topfacemobappandroid OR user_mau.1510.topfacemobappios OR user_mau.1510.topface OR user_mau.1510.standalonetf)",0
"2016-05-01 00:00:00","first_app:topface AND platform:vk","_exists_:(user_mau.1511.topfacemobappandroid OR user_mau.1511.topfacemobappios OR user_mau.1511.topface OR user_mau.1511.standalonetf)",0
"2016-05-01 00:00:00","first_app:topface AND platform:vk","_exists_:(user_mau.1512.topfacemobappandroid OR user_mau.1512.topfacemobappios OR user_mau.1512.topface OR user_mau.1512.standalonetf)",0
"2016-05-01 00:00:00","first_app:topface AND platform:vk","_exists_:(user_mau.1601.topfacemobappandroid OR user_mau.1601.topfacemobappios OR user_mau.1601.topface OR user_mau.1601.standalonetf)",0
"2016-05-01 00:00:00","first_app:topface AND platform:vk","_exists_:(user_mau.1602.topfacemobappandroid OR user_mau.1602.topfacemobappios OR user_mau.1602.topface OR user_mau.1602.standalonetf)",0
"2016-05-01 00:00:00","first_app:topface AND platform:vk","_exists_:(user_mau.1603.topfacemobappandroid OR user_mau.1603.topfacemobappios OR user_mau.1603.topface OR user_mau.1603.standalonetf)",0
"2016-05-01 00:00:00","first_app:topface AND platform:vk","_exists_:(user_mau.1604.topfacemobappandroid OR user_mau.1604.topfacemobappios OR user_mau.1604.topface OR user_mau.1604.standalonetf)",0
"2016-05-01 00:00:00","first_app:topface AND platform:vk","_exists_:(user_mau.1605.topfacemobappandroid OR user_mau.1605.topfacemobappios OR user_mau.1605.topface OR user_mau.1605.standalonetf)",111
"2016-05-01 00:00:00","first_app:topface AND platform:vk","_exists_:(user_mau.1606.topfacemobappandroid OR user_mau.1606.topfacemobappios OR user_mau.1606.topface OR user_mau.1606.standalonetf)",47
"2016-05-01 00:00:00","first_app:topface AND platform:vk","_exists_:(user_mau.1607.topfacemobappandroid OR user_mau.1607.topfacemobappios OR user_mau.1607.topface OR user_mau.1607.standalonetf)",27
"2016-05-01 00:00:00","first_app:topface AND platform:vk","_exists_:(user_mau.1608.topfacemobappandroid OR user_mau.1608.topfacemobappios OR user_mau.1608.topface OR user_mau.1608.standalonetf)",25
"2016-05-01 00:00:00","first_app:topface AND platform:vk","_exists_:(user_mau.1609.topfacemobappandroid OR user_mau.1609.topfacemobappios OR user_mau.1609.topface OR user_mau.1609.standalonetf)",26
"2016-05-01 00:00:00","first_app:topface AND platform:vk","_exists_:(user_mau.1610.topfacemobappandroid OR user_mau.1610.topfacemobappios OR user_mau.1610.topface OR user_mau.1610.standalonetf)",21
"2016-05-01 00:00:00","first_app:topface AND platform:vk","_exists_:(user_mau.1611.topfacemobappandroid OR user_mau.1611.topfacemobappios OR user_mau.1611.topface OR user_mau.1611.standalonetf)",17
"2016-05-01 00:00:00","first_app:topface AND platform:vk","_exists_:(user_mau.1612.topfacemobappandroid OR user_mau.1612.topfacemobappios OR user_mau.1612.topface OR user_mau.1612.standalonetf)",15
"2016-05-01 00:00:00","first_app:topface AND platform:vk","_exists_:(user_mau.1701.topfacemobappandroid OR user_mau.1701.topfacemobappios OR user_mau.1701.topface OR user_mau.1701.standalonetf)",10
"2016-05-01 00:00:00","first_app:topface AND platform:vk","_exists_:(user_mau.1702.topfacemobappandroid OR user_mau.1702.topfacemobappios OR user_mau.1702.topface OR user_mau.1702.standalonetf)",11
"2016-05-01 00:00:00","first_app:topface AND platform:vk","_exists_:(user_mau.1703.topfacemobappandroid OR user_mau.1703.topfacemobappios OR user_mau.1703.topface OR user_mau.1703.standalonetf)",14
"2016-05-01 00:00:00","first_app:topface AND platform:vk","_exists_:(user_mau.1704.topfacemobappandroid OR user_mau.1704.topfacemobappios OR user_mau.1704.topface OR user_mau.1704.standalonetf)",11
"2016-05-01 00:00:00","first_app:topface AND platform:vk","_exists_:(user_mau.1705.topfacemobappandroid OR user_mau.1705.topfacemobappios OR user_mau.1705.topface OR user_mau.1705.standalonetf)",7
"2016-05-01 00:00:00","first_app:topface AND platform:vk","_exists_:(user_mau.1706.topfacemobappandroid OR user_mau.1706.topfacemobappios OR user_mau.1706.topface OR user_mau.1706.standalonetf)",5
"2016-05-01 00:00:00","first_app:topface AND platform:vk","_exists_:(user_mau.1707.topfacemobappandroid OR user_mau.1707.topfacemobappios OR user_mau.1707.topface OR user_mau.1707.standalonetf)",7
"2016-05-01 00:00:00","first_app:topface AND platform:vk","_exists_:(user_mau.1708.topfacemobappandroid OR user_mau.1708.topfacemobappios OR user_mau.1708.topface OR user_mau.1708.standalonetf)",4
"2016-05-01 00:00:00","first_app:topface AND platform:vk","_exists_:(user_mau.1709.topfacemobappandroid OR user_mau.1709.topfacemobappios OR user_mau.1709.topface OR user_mau.1709.standalonetf)",3
"2016-05-01 00:00:00","first_app:topface AND platform:vk","_exists_:(user_mau.1710.topfacemobappandroid OR user_mau.1710.topfacemobappios OR user_mau.1710.topface OR user_mau.1710.standalonetf)",5
"2016-05-01 00:00:00","first_app:topface AND platform:vk","_exists_:(user_mau.1711.topfacemobappandroid OR user_mau.1711.topfacemobappios OR user_mau.1711.topface OR user_mau.1711.standalonetf)",6
"2016-05-01 00:00:00","first_app:topface AND platform:vk","_exists_:(user_mau.1712.topfacemobappandroid OR user_mau.1712.topfacemobappios OR user_mau.1712.topface OR user_mau.1712.standalonetf)",7
"2016-05-01 00:00:00","first_app:topface AND platform:vk","_exists_:(user_mau.1801.topfacemobappandroid OR user_mau.1801.topfacemobappios OR user_mau.1801.topface OR user_mau.1801.standalonetf)",7
"2016-05-01 00:00:00","first_app:topface AND platform:vk","_exists_:(user_mau.1802.topfacemobappandroid OR user_mau.1802.topfacemobappios OR user_mau.1802.topface OR user_mau.1802.standalonetf)",7
"2016-05-01 00:00:00","first_app:topface AND platform:ok","*",27
"2016-05-01 00:00:00","first_app:topface AND platform:ok","_exists_:(user_mau.1501.topfacemobappandroid OR user_mau.1501.topfacemobappios OR user_mau.1501.topface OR user_mau.1501.standalonetf)",0
"2016-05-01 00:00:00","first_app:topface AND platform:ok","_exists_:(user_mau.1502.topfacemobappandroid OR user_mau.1502.topfacemobappios OR user_mau.1502.topface OR user_mau.1502.standalonetf)",0
"2016-05-01 00:00:00","first_app:topface AND platform:ok","_exists_:(user_mau.1503.topfacemobappandroid OR user_mau.1503.topfacemobappios OR user_mau.1503.topface OR user_mau.1503.standalonetf)",0
"2016-05-01 00:00:00","first_app:topface AND platform:ok","_exists_:(user_mau.1504.topfacemobappandroid OR user_mau.1504.topfacemobappios OR user_mau.1504.topface OR user_mau.1504.standalonetf)",0
"2016-05-01 00:00:00","first_app:topface AND platform:ok","_exists_:(user_mau.1505.topfacemobappandroid OR user_mau.1505.topfacemobappios OR user_mau.1505.topface OR user_mau.1505.standalonetf)",0
"2016-05-01 00:00:00","first_app:topface AND platform:ok","_exists_:(user_mau.1506.topfacemobappandroid OR user_mau.1506.topfacemobappios OR user_mau.1506.topface OR user_mau.1506.standalonetf)",0
"2016-05-01 00:00:00","first_app:topface AND platform:ok","_exists_:(user_mau.1507.topfacemobappandroid OR user_mau.1507.topfacemobappios OR user_mau.1507.topface OR user_mau.1507.standalonetf)",0
"2016-05-01 00:00:00","first_app:topface AND platform:ok","_exists_:(user_mau.1508.topfacemobappandroid OR user_mau.1508.topfacemobappios OR user_mau.1508.topface OR user_mau.1508.standalonetf)",0
"2016-05-01 00:00:00","first_app:topface AND platform:ok","_exists_:(user_mau.1509.topfacemobappandroid OR user_mau.1509.topfacemobappios OR user_mau.1509.topface OR user_mau.1509.standalonetf)",0
"2016-05-01 00:00:00","first_app:topface AND platform:ok","_exists_:(user_mau.1510.topfacemobappandroid OR user_mau.1510.topfacemobappios OR user_mau.1510.topface OR user_mau.1510.standalonetf)",0
"2016-05-01 00:00:00","first_app:topface AND platform:ok","_exists_:(user_mau.1511.topfacemobappandroid OR user_mau.1511.topfacemobappios OR user_mau.1511.topface OR user_mau.1511.standalonetf)",0
"2016-05-01 00:00:00","first_app:topface AND platform:ok","_exists_:(user_mau.1512.topfacemobappandroid OR user_mau.1512.topfacemobappios OR user_mau.1512.topface OR user_mau.1512.standalonetf)",0
"2016-05-01 00:00:00","first_app:topface AND platform:ok","_exists_:(user_mau.1601.topfacemobappandroid OR user_mau.1601.topfacemobappios OR user_mau.1601.topface OR user_mau.1601.standalonetf)",0
"2016-05-01 00:00:00","first_app:topface AND platform:ok","_exists_:(user_mau.1602.topfacemobappandroid OR user_mau.1602.topfacemobappios OR user_mau.1602.topface OR user_mau.1602.standalonetf)",0
"2016-05-01 00:00:00","first_app:topface AND platform:ok","_exists_:(user_mau.1603.topfacemobappandroid OR user_mau.1603.topfacemobappios OR user_mau.1603.topface OR user_mau.1603.standalonetf)",0
"2016-05-01 00:00:00","first_app:topface AND platform:ok","_exists_:(user_mau.1604.topfacemobappandroid OR user_mau.1604.topfacemobappios OR user_mau.1604.topface OR user_mau.1604.standalonetf)",0
"2016-05-01 00:00:00","first_app:topface AND platform:ok","_exists_:(user_mau.1605.topfacemobappandroid OR user_mau.1605.topfacemobappios OR user_mau.1605.topface OR user_mau.1605.standalonetf)",27
"2016-05-01 00:00:00","first_app:topface AND platform:ok","_exists_:(user_mau.1606.topfacemobappandroid OR user_mau.1606.topfacemobappios OR user_mau.1606.topface OR user_mau.1606.standalonetf)",4
"2016-05-01 00:00:00","first_app:topface AND platform:ok","_exists_:(user_mau.1607.topfacemobappandroid OR user_mau.1607.topfacemobappios OR user_mau.1607.topface OR user_mau.1607.standalonetf)",2
"2016-05-01 00:00:00","first_app:topface AND platform:ok","_exists_:(user_mau.1608.topfacemobappandroid OR user_mau.1608.topfacemobappios OR user_mau.1608.topface OR user_mau.1608.standalonetf)",2
"2016-05-01 00:00:00","first_app:topface AND platform:ok","_exists_:(user_mau.1609.topfacemobappandroid OR user_mau.1609.topfacemobappios OR user_mau.1609.topface OR user_mau.1609.standalonetf)",2
"2016-05-01 00:00:00","first_app:topface AND platform:ok","_exists_:(user_mau.1610.topfacemobappandroid OR user_mau.1610.topfacemobappios OR user_mau.1610.topface OR user_mau.1610.standalonetf)",1
"2016-05-01 00:00:00","first_app:topface AND platform:ok","_exists_:(user_mau.1611.topfacemobappandroid OR user_mau.1611.topfacemobappios OR user_mau.1611.topface OR user_mau.1611.standalonetf)",2
"2016-05-01 00:00:00","first_app:topface AND platform:ok","_exists_:(user_mau.1612.topfacemobappandroid OR user_mau.1612.topfacemobappios OR user_mau.1612.topface OR user_mau.1612.standalonetf)",2
"2016-05-01 00:00:00","first_app:topface AND platform:ok","_exists_:(user_mau.1701.topfacemobappandroid OR user_mau.1701.topfacemobappios OR user_mau.1701.topface OR user_mau.1701.standalonetf)",2
"2016-05-01 00:00:00","first_app:topface AND platform:ok","_exists_:(user_mau.1702.topfacemobappandroid OR user_mau.1702.topfacemobappios OR user_mau.1702.topface OR user_mau.1702.standalonetf)",2
"2016-05-01 00:00:00","first_app:topface AND platform:ok","_exists_:(user_mau.1703.topfacemobappandroid OR user_mau.1703.topfacemobappios OR user_mau.1703.topface OR user_mau.1703.standalonetf)",1
"2016-05-01 00:00:00","first_app:topface AND platform:ok","_exists_:(user_mau.1704.topfacemobappandroid OR user_mau.1704.topfacemobappios OR user_mau.1704.topface OR user_mau.1704.standalonetf)",0
"2016-05-01 00:00:00","first_app:topface AND platform:ok","_exists_:(user_mau.1705.topfacemobappandroid OR user_mau.1705.topfacemobappios OR user_mau.1705.topface OR user_mau.1705.standalonetf)",0
"2016-05-01 00:00:00","first_app:topface AND platform:ok","_exists_:(user_mau.1706.topfacemobappandroid OR user_mau.1706.topfacemobappios OR user_mau.1706.topface OR user_mau.1706.standalonetf)",0
"2016-05-01 00:00:00","first_app:topface AND platform:ok","_exists_:(user_mau.1707.topfacemobappandroid OR user_mau.1707.topfacemobappios OR user_mau.1707.topface OR user_mau.1707.standalonetf)",1
"2016-05-01 00:00:00","first_app:topface AND platform:ok","_exists_:(user_mau.1708.topfacemobappandroid OR user_mau.1708.topfacemobappios OR user_mau.1708.topface OR user_mau.1708.standalonetf)",1
"2016-05-01 00:00:00","first_app:topface AND platform:ok","_exists_:(user_mau.1709.topfacemobappandroid OR user_mau.1709.topfacemobappios OR user_mau.1709.topface OR user_mau.1709.standalonetf)",1
"2016-05-01 00:00:00","first_app:topface AND platform:ok","_exists_:(user_mau.1710.topfacemobappandroid OR user_mau.1710.topfacemobappios OR user_mau.1710.topface OR user_mau.1710.standalonetf)",2
"2016-05-01 00:00:00","first_app:topface AND platform:ok","_exists_:(user_mau.1711.topfacemobappandroid OR user_mau.1711.topfacemobappios OR user_mau.1711.topface OR user_mau.1711.standalonetf)",1
"2016-05-01 00:00:00","first_app:topface AND platform:ok","_exists_:(user_mau.1712.topfacemobappandroid OR user_mau.1712.topfacemobappios OR user_mau.1712.topface OR user_mau.1712.standalonetf)",1
"2016-05-01 00:00:00","first_app:topface AND platform:ok","_exists_:(user_mau.1801.topfacemobappandroid OR user_mau.1801.topfacemobappios OR user_mau.1801.topface OR user_mau.1801.standalonetf)",1
"2016-05-01 00:00:00","first_app:topface AND platform:ok","_exists_:(user_mau.1802.topfacemobappandroid OR user_mau.1802.topfacemobappios OR user_mau.1802.topface OR user_mau.1802.standalonetf)",1
"2016-05-01 00:00:00","first_app:topface AND platform:fb","*","9,505"
"2016-05-01 00:00:00","first_app:topface AND platform:fb","_exists_:(user_mau.1501.topfacemobappandroid OR user_mau.1501.topfacemobappios OR user_mau.1501.topface OR user_mau.1501.standalonetf)",0
"2016-05-01 00:00:00","first_app:topface AND platform:fb","_exists_:(user_mau.1502.topfacemobappandroid OR user_mau.1502.topfacemobappios OR user_mau.1502.topface OR user_mau.1502.standalonetf)",0
"2016-05-01 00:00:00","first_app:topface AND platform:fb","_exists_:(user_mau.1503.topfacemobappandroid OR user_mau.1503.topfacemobappios OR user_mau.1503.topface OR user_mau.1503.standalonetf)",0
"2016-05-01 00:00:00","first_app:topface AND platform:fb","_exists_:(user_mau.1504.topfacemobappandroid OR user_mau.1504.topfacemobappios OR user_mau.1504.topface OR user_mau.1504.standalonetf)",0
"2016-05-01 00:00:00","first_app:topface AND platform:fb","_exists_:(user_mau.1505.topfacemobappandroid OR user_mau.1505.topfacemobappios OR user_mau.1505.topface OR user_mau.1505.standalonetf)",0
"2016-05-01 00:00:00","first_app:topface AND platform:fb","_exists_:(user_mau.1506.topfacemobappandroid OR user_mau.1506.topfacemobappios OR user_mau.1506.topface OR user_mau.1506.standalonetf)",0
"2016-05-01 00:00:00","first_app:topface AND platform:fb","_exists_:(user_mau.1507.topfacemobappandroid OR user_mau.1507.topfacemobappios OR user_mau.1507.topface OR user_mau.1507.standalonetf)",0
"2016-05-01 00:00:00","first_app:topface AND platform:fb","_exists_:(user_mau.1508.topfacemobappandroid OR user_mau.1508.topfacemobappios OR user_mau.1508.topface OR user_mau.1508.standalonetf)",0
"2016-05-01 00:00:00","first_app:topface AND platform:fb","_exists_:(user_mau.1509.topfacemobappandroid OR user_mau.1509.topfacemobappios OR user_mau.1509.topface OR user_mau.1509.standalonetf)",0
"2016-05-01 00:00:00","first_app:topface AND platform:fb","_exists_:(user_mau.1510.topfacemobappandroid OR user_mau.1510.topfacemobappios OR user_mau.1510.topface OR user_mau.1510.standalonetf)",0
"2016-05-01 00:00:00","first_app:topface AND platform:fb","_exists_:(user_mau.1511.topfacemobappandroid OR user_mau.1511.topfacemobappios OR user_mau.1511.topface OR user_mau.1511.standalonetf)",0
"2016-05-01 00:00:00","first_app:topface AND platform:fb","_exists_:(user_mau.1512.topfacemobappandroid OR user_mau.1512.topfacemobappios OR user_mau.1512.topface OR user_mau.1512.standalonetf)",0
"2016-05-01 00:00:00","first_app:topface AND platform:fb","_exists_:(user_mau.1601.topfacemobappandroid OR user_mau.1601.topfacemobappios OR user_mau.1601.topface OR user_mau.1601.standalonetf)",0
"2016-05-01 00:00:00","first_app:topface AND platform:fb","_exists_:(user_mau.1602.topfacemobappandroid OR user_mau.1602.topfacemobappios OR user_mau.1602.topface OR user_mau.1602.standalonetf)",0
"2016-05-01 00:00:00","first_app:topface AND platform:fb","_exists_:(user_mau.1603.topfacemobappandroid OR user_mau.1603.topfacemobappios OR user_mau.1603.topface OR user_mau.1603.standalonetf)",0
"2016-05-01 00:00:00","first_app:topface AND platform:fb","_exists_:(user_mau.1604.topfacemobappandroid OR user_mau.1604.topfacemobappios OR user_mau.1604.topface OR user_mau.1604.standalonetf)",5
"2016-05-01 00:00:00","first_app:topface AND platform:fb","_exists_:(user_mau.1605.topfacemobappandroid OR user_mau.1605.topfacemobappios OR user_mau.1605.topface OR user_mau.1605.standalonetf)","9,433"
"2016-05-01 00:00:00","first_app:topface AND platform:fb","_exists_:(user_mau.1606.topfacemobappandroid OR user_mau.1606.topfacemobappios OR user_mau.1606.topface OR user_mau.1606.standalonetf)","1,891"
"2016-05-01 00:00:00","first_app:topface AND platform:fb","_exists_:(user_mau.1607.topfacemobappandroid OR user_mau.1607.topfacemobappios OR user_mau.1607.topface OR user_mau.1607.standalonetf)","1,187"
"2016-05-01 00:00:00","first_app:topface AND platform:fb","_exists_:(user_mau.1608.topfacemobappandroid OR user_mau.1608.topfacemobappios OR user_mau.1608.topface OR user_mau.1608.standalonetf)",828
"2016-05-01 00:00:00","first_app:topface AND platform:fb","_exists_:(user_mau.1609.topfacemobappandroid OR user_mau.1609.topfacemobappios OR user_mau.1609.topface OR user_mau.1609.standalonetf)",655
"2016-05-01 00:00:00","first_app:topface AND platform:fb","_exists_:(user_mau.1610.topfacemobappandroid OR user_mau.1610.topfacemobappios OR user_mau.1610.topface OR user_mau.1610.standalonetf)",592
"2016-05-01 00:00:00","first_app:topface AND platform:fb","_exists_:(user_mau.1611.topfacemobappandroid OR user_mau.1611.topfacemobappios OR user_mau.1611.topface OR user_mau.1611.standalonetf)",474
"2016-05-01 00:00:00","first_app:topface AND platform:fb","_exists_:(user_mau.1612.topfacemobappandroid OR user_mau.1612.topfacemobappios OR user_mau.1612.topface OR user_mau.1612.standalonetf)",349
"2016-05-01 00:00:00","first_app:topface AND platform:fb","_exists_:(user_mau.1701.topfacemobappandroid OR user_mau.1701.topfacemobappios OR user_mau.1701.topface OR user_mau.1701.standalonetf)",277
"2016-05-01 00:00:00","first_app:topface AND platform:fb","_exists_:(user_mau.1702.topfacemobappandroid OR user_mau.1702.topfacemobappios OR user_mau.1702.topface OR user_mau.1702.standalonetf)",245
"2016-05-01 00:00:00","first_app:topface AND platform:fb","_exists_:(user_mau.1703.topfacemobappandroid OR user_mau.1703.topfacemobappios OR user_mau.1703.topface OR user_mau.1703.standalonetf)",511
"2016-05-01 00:00:00","first_app:topface AND platform:fb","_exists_:(user_mau.1704.topfacemobappandroid OR user_mau.1704.topfacemobappios OR user_mau.1704.topface OR user_mau.1704.standalonetf)",223
"2016-05-01 00:00:00","first_app:topface AND platform:fb","_exists_:(user_mau.1705.topfacemobappandroid OR user_mau.1705.topfacemobappios OR user_mau.1705.topface OR user_mau.1705.standalonetf)",367
"2016-05-01 00:00:00","first_app:topface AND platform:fb","_exists_:(user_mau.1706.topfacemobappandroid OR user_mau.1706.topfacemobappios OR user_mau.1706.topface OR user_mau.1706.standalonetf)",296
"2016-05-01 00:00:00","first_app:topface AND platform:fb","_exists_:(user_mau.1707.topfacemobappandroid OR user_mau.1707.topfacemobappios OR user_mau.1707.topface OR user_mau.1707.standalonetf)",293
"2016-05-01 00:00:00","first_app:topface AND platform:fb","_exists_:(user_mau.1708.topfacemobappandroid OR user_mau.1708.topfacemobappios OR user_mau.1708.topface OR user_mau.1708.standalonetf)",287
"2016-05-01 00:00:00","first_app:topface AND platform:fb","_exists_:(user_mau.1709.topfacemobappandroid OR user_mau.1709.topfacemobappios OR user_mau.1709.topface OR user_mau.1709.standalonetf)",284
"2016-05-01 00:00:00","first_app:topface AND platform:fb","_exists_:(user_mau.1710.topfacemobappandroid OR user_mau.1710.topfacemobappios OR user_mau.1710.topface OR user_mau.1710.standalonetf)",313
"2016-05-01 00:00:00","first_app:topface AND platform:fb","_exists_:(user_mau.1711.topfacemobappandroid OR user_mau.1711.topfacemobappios OR user_mau.1711.topface OR user_mau.1711.standalonetf)",272
"2016-05-01 00:00:00","first_app:topface AND platform:fb","_exists_:(user_mau.1712.topfacemobappandroid OR user_mau.1712.topfacemobappios OR user_mau.1712.topface OR user_mau.1712.standalonetf)",236
"2016-05-01 00:00:00","first_app:topface AND platform:fb","_exists_:(user_mau.1801.topfacemobappandroid OR user_mau.1801.topfacemobappios OR user_mau.1801.topface OR user_mau.1801.standalonetf)",171
"2016-05-01 00:00:00","first_app:topface AND platform:fb","_exists_:(user_mau.1802.topfacemobappandroid OR user_mau.1802.topfacemobappios OR user_mau.1802.topface OR user_mau.1802.standalonetf)",184
"2016-06-01 00:00:00","first_app:topfacemobappandroid","*","97,768"
"2016-06-01 00:00:00","first_app:topfacemobappandroid","_exists_:(user_mau.1501.topfacemobappandroid OR user_mau.1501.topfacemobappios OR user_mau.1501.topface OR user_mau.1501.standalonetf)",0
"2016-06-01 00:00:00","first_app:topfacemobappandroid","_exists_:(user_mau.1502.topfacemobappandroid OR user_mau.1502.topfacemobappios OR user_mau.1502.topface OR user_mau.1502.standalonetf)",0
"2016-06-01 00:00:00","first_app:topfacemobappandroid","_exists_:(user_mau.1503.topfacemobappandroid OR user_mau.1503.topfacemobappios OR user_mau.1503.topface OR user_mau.1503.standalonetf)",0
"2016-06-01 00:00:00","first_app:topfacemobappandroid","_exists_:(user_mau.1504.topfacemobappandroid OR user_mau.1504.topfacemobappios OR user_mau.1504.topface OR user_mau.1504.standalonetf)",0
"2016-06-01 00:00:00","first_app:topfacemobappandroid","_exists_:(user_mau.1505.topfacemobappandroid OR user_mau.1505.topfacemobappios OR user_mau.1505.topface OR user_mau.1505.standalonetf)",0
"2016-06-01 00:00:00","first_app:topfacemobappandroid","_exists_:(user_mau.1506.topfacemobappandroid OR user_mau.1506.topfacemobappios OR user_mau.1506.topface OR user_mau.1506.standalonetf)",0
"2016-06-01 00:00:00","first_app:topfacemobappandroid","_exists_:(user_mau.1507.topfacemobappandroid OR user_mau.1507.topfacemobappios OR user_mau.1507.topface OR user_mau.1507.standalonetf)",0
"2016-06-01 00:00:00","first_app:topfacemobappandroid","_exists_:(user_mau.1508.topfacemobappandroid OR user_mau.1508.topfacemobappios OR user_mau.1508.topface OR user_mau.1508.standalonetf)",0
"2016-06-01 00:00:00","first_app:topfacemobappandroid","_exists_:(user_mau.1509.topfacemobappandroid OR user_mau.1509.topfacemobappios OR user_mau.1509.topface OR user_mau.1509.standalonetf)",0
"2016-06-01 00:00:00","first_app:topfacemobappandroid","_exists_:(user_mau.1510.topfacemobappandroid OR user_mau.1510.topfacemobappios OR user_mau.1510.topface OR user_mau.1510.standalonetf)",0
"2016-06-01 00:00:00","first_app:topfacemobappandroid","_exists_:(user_mau.1511.topfacemobappandroid OR user_mau.1511.topfacemobappios OR user_mau.1511.topface OR user_mau.1511.standalonetf)",0
"2016-06-01 00:00:00","first_app:topfacemobappandroid","_exists_:(user_mau.1512.topfacemobappandroid OR user_mau.1512.topfacemobappios OR user_mau.1512.topface OR user_mau.1512.standalonetf)",0
"2016-06-01 00:00:00","first_app:topfacemobappandroid","_exists_:(user_mau.1601.topfacemobappandroid OR user_mau.1601.topfacemobappios OR user_mau.1601.topface OR user_mau.1601.standalonetf)",0
"2016-06-01 00:00:00","first_app:topfacemobappandroid","_exists_:(user_mau.1602.topfacemobappandroid OR user_mau.1602.topfacemobappios OR user_mau.1602.topface OR user_mau.1602.standalonetf)",0
"2016-06-01 00:00:00","first_app:topfacemobappandroid","_exists_:(user_mau.1603.topfacemobappandroid OR user_mau.1603.topfacemobappios OR user_mau.1603.topface OR user_mau.1603.standalonetf)",0
"2016-06-01 00:00:00","first_app:topfacemobappandroid","_exists_:(user_mau.1604.topfacemobappandroid OR user_mau.1604.topfacemobappios OR user_mau.1604.topface OR user_mau.1604.standalonetf)",0
"2016-06-01 00:00:00","first_app:topfacemobappandroid","_exists_:(user_mau.1605.topfacemobappandroid OR user_mau.1605.topfacemobappios OR user_mau.1605.topface OR user_mau.1605.standalonetf)",0
"2016-06-01 00:00:00","first_app:topfacemobappandroid","_exists_:(user_mau.1606.topfacemobappandroid OR user_mau.1606.topfacemobappios OR user_mau.1606.topface OR user_mau.1606.standalonetf)","97,727"
"2016-06-01 00:00:00","first_app:topfacemobappandroid","_exists_:(user_mau.1607.topfacemobappandroid OR user_mau.1607.topfacemobappios OR user_mau.1607.topface OR user_mau.1607.standalonetf)","21,759"
"2016-06-01 00:00:00","first_app:topfacemobappandroid","_exists_:(user_mau.1608.topfacemobappandroid OR user_mau.1608.topfacemobappios OR user_mau.1608.topface OR user_mau.1608.standalonetf)","12,588"
"2016-06-01 00:00:00","first_app:topfacemobappandroid","_exists_:(user_mau.1609.topfacemobappandroid OR user_mau.1609.topfacemobappios OR user_mau.1609.topface OR user_mau.1609.standalonetf)","7,329"
"2016-06-01 00:00:00","first_app:topfacemobappandroid","_exists_:(user_mau.1610.topfacemobappandroid OR user_mau.1610.topfacemobappios OR user_mau.1610.topface OR user_mau.1610.standalonetf)","6,158"
"2016-06-01 00:00:00","first_app:topfacemobappandroid","_exists_:(user_mau.1611.topfacemobappandroid OR user_mau.1611.topfacemobappios OR user_mau.1611.topface OR user_mau.1611.standalonetf)","4,987"
"2016-06-01 00:00:00","first_app:topfacemobappandroid","_exists_:(user_mau.1612.topfacemobappandroid OR user_mau.1612.topfacemobappios OR user_mau.1612.topface OR user_mau.1612.standalonetf)","4,328"
"2016-06-01 00:00:00","first_app:topfacemobappandroid","_exists_:(user_mau.1701.topfacemobappandroid OR user_mau.1701.topfacemobappios OR user_mau.1701.topface OR user_mau.1701.standalonetf)","3,848"
"2016-06-01 00:00:00","first_app:topfacemobappandroid","_exists_:(user_mau.1702.topfacemobappandroid OR user_mau.1702.topfacemobappios OR user_mau.1702.topface OR user_mau.1702.standalonetf)","3,174"
"2016-06-01 00:00:00","first_app:topfacemobappandroid","_exists_:(user_mau.1703.topfacemobappandroid OR user_mau.1703.topfacemobappios OR user_mau.1703.topface OR user_mau.1703.standalonetf)","3,452"
"2016-06-01 00:00:00","first_app:topfacemobappandroid","_exists_:(user_mau.1704.topfacemobappandroid OR user_mau.1704.topfacemobappios OR user_mau.1704.topface OR user_mau.1704.standalonetf)","3,014"
"2016-06-01 00:00:00","first_app:topfacemobappandroid","_exists_:(user_mau.1705.topfacemobappandroid OR user_mau.1705.topfacemobappios OR user_mau.1705.topface OR user_mau.1705.standalonetf)","2,823"
"2016-06-01 00:00:00","first_app:topfacemobappandroid","_exists_:(user_mau.1706.topfacemobappandroid OR user_mau.1706.topfacemobappios OR user_mau.1706.topface OR user_mau.1706.standalonetf)","2,445"
"2016-06-01 00:00:00","first_app:topfacemobappandroid","_exists_:(user_mau.1707.topfacemobappandroid OR user_mau.1707.topfacemobappios OR user_mau.1707.topface OR user_mau.1707.standalonetf)","2,371"
"2016-06-01 00:00:00","first_app:topfacemobappandroid","_exists_:(user_mau.1708.topfacemobappandroid OR user_mau.1708.topfacemobappios OR user_mau.1708.topface OR user_mau.1708.standalonetf)","2,467"
"2016-06-01 00:00:00","first_app:topfacemobappandroid","_exists_:(user_mau.1709.topfacemobappandroid OR user_mau.1709.topfacemobappios OR user_mau.1709.topface OR user_mau.1709.standalonetf)","2,325"
"2016-06-01 00:00:00","first_app:topfacemobappandroid","_exists_:(user_mau.1710.topfacemobappandroid OR user_mau.1710.topfacemobappios OR user_mau.1710.topface OR user_mau.1710.standalonetf)","2,402"
"2016-06-01 00:00:00","first_app:topfacemobappandroid","_exists_:(user_mau.1711.topfacemobappandroid OR user_mau.1711.topfacemobappios OR user_mau.1711.topface OR user_mau.1711.standalonetf)","2,089"
"2016-06-01 00:00:00","first_app:topfacemobappandroid","_exists_:(user_mau.1712.topfacemobappandroid OR user_mau.1712.topfacemobappios OR user_mau.1712.topface OR user_mau.1712.standalonetf)","1,760"
"2016-06-01 00:00:00","first_app:topfacemobappandroid","_exists_:(user_mau.1801.topfacemobappandroid OR user_mau.1801.topfacemobappios OR user_mau.1801.topface OR user_mau.1801.standalonetf)","1,407"
"2016-06-01 00:00:00","first_app:topfacemobappandroid","_exists_:(user_mau.1802.topfacemobappandroid OR user_mau.1802.topfacemobappios OR user_mau.1802.topface OR user_mau.1802.standalonetf)","1,217"
"2016-06-01 00:00:00","first_app:topfacemobappios","*","16,717"
"2016-06-01 00:00:00","first_app:topfacemobappios","_exists_:(user_mau.1501.topfacemobappandroid OR user_mau.1501.topfacemobappios OR user_mau.1501.topface OR user_mau.1501.standalonetf)",0
"2016-06-01 00:00:00","first_app:topfacemobappios","_exists_:(user_mau.1502.topfacemobappandroid OR user_mau.1502.topfacemobappios OR user_mau.1502.topface OR user_mau.1502.standalonetf)",0
"2016-06-01 00:00:00","first_app:topfacemobappios","_exists_:(user_mau.1503.topfacemobappandroid OR user_mau.1503.topfacemobappios OR user_mau.1503.topface OR user_mau.1503.standalonetf)",0
"2016-06-01 00:00:00","first_app:topfacemobappios","_exists_:(user_mau.1504.topfacemobappandroid OR user_mau.1504.topfacemobappios OR user_mau.1504.topface OR user_mau.1504.standalonetf)",0
"2016-06-01 00:00:00","first_app:topfacemobappios","_exists_:(user_mau.1505.topfacemobappandroid OR user_mau.1505.topfacemobappios OR user_mau.1505.topface OR user_mau.1505.standalonetf)",0
"2016-06-01 00:00:00","first_app:topfacemobappios","_exists_:(user_mau.1506.topfacemobappandroid OR user_mau.1506.topfacemobappios OR user_mau.1506.topface OR user_mau.1506.standalonetf)",0
"2016-06-01 00:00:00","first_app:topfacemobappios","_exists_:(user_mau.1507.topfacemobappandroid OR user_mau.1507.topfacemobappios OR user_mau.1507.topface OR user_mau.1507.standalonetf)",0
"2016-06-01 00:00:00","first_app:topfacemobappios","_exists_:(user_mau.1508.topfacemobappandroid OR user_mau.1508.topfacemobappios OR user_mau.1508.topface OR user_mau.1508.standalonetf)",0
"2016-06-01 00:00:00","first_app:topfacemobappios","_exists_:(user_mau.1509.topfacemobappandroid OR user_mau.1509.topfacemobappios OR user_mau.1509.topface OR user_mau.1509.standalonetf)",0
"2016-06-01 00:00:00","first_app:topfacemobappios","_exists_:(user_mau.1510.topfacemobappandroid OR user_mau.1510.topfacemobappios OR user_mau.1510.topface OR user_mau.1510.standalonetf)",0
"2016-06-01 00:00:00","first_app:topfacemobappios","_exists_:(user_mau.1511.topfacemobappandroid OR user_mau.1511.topfacemobappios OR user_mau.1511.topface OR user_mau.1511.standalonetf)",0
"2016-06-01 00:00:00","first_app:topfacemobappios","_exists_:(user_mau.1512.topfacemobappandroid OR user_mau.1512.topfacemobappios OR user_mau.1512.topface OR user_mau.1512.standalonetf)",0
"2016-06-01 00:00:00","first_app:topfacemobappios","_exists_:(user_mau.1601.topfacemobappandroid OR user_mau.1601.topfacemobappios OR user_mau.1601.topface OR user_mau.1601.standalonetf)",0
"2016-06-01 00:00:00","first_app:topfacemobappios","_exists_:(user_mau.1602.topfacemobappandroid OR user_mau.1602.topfacemobappios OR user_mau.1602.topface OR user_mau.1602.standalonetf)",0
"2016-06-01 00:00:00","first_app:topfacemobappios","_exists_:(user_mau.1603.topfacemobappandroid OR user_mau.1603.topfacemobappios OR user_mau.1603.topface OR user_mau.1603.standalonetf)",0
"2016-06-01 00:00:00","first_app:topfacemobappios","_exists_:(user_mau.1604.topfacemobappandroid OR user_mau.1604.topfacemobappios OR user_mau.1604.topface OR user_mau.1604.standalonetf)",0
"2016-06-01 00:00:00","first_app:topfacemobappios","_exists_:(user_mau.1605.topfacemobappandroid OR user_mau.1605.topfacemobappios OR user_mau.1605.topface OR user_mau.1605.standalonetf)",0
"2016-06-01 00:00:00","first_app:topfacemobappios","_exists_:(user_mau.1606.topfacemobappandroid OR user_mau.1606.topfacemobappios OR user_mau.1606.topface OR user_mau.1606.standalonetf)","16,715"
"2016-06-01 00:00:00","first_app:topfacemobappios","_exists_:(user_mau.1607.topfacemobappandroid OR user_mau.1607.topfacemobappios OR user_mau.1607.topface OR user_mau.1607.standalonetf)","3,377"
"2016-06-01 00:00:00","first_app:topfacemobappios","_exists_:(user_mau.1608.topfacemobappandroid OR user_mau.1608.topfacemobappios OR user_mau.1608.topface OR user_mau.1608.standalonetf)","1,649"
"2016-06-01 00:00:00","first_app:topfacemobappios","_exists_:(user_mau.1609.topfacemobappandroid OR user_mau.1609.topfacemobappios OR user_mau.1609.topface OR user_mau.1609.standalonetf)","1,096"
"2016-06-01 00:00:00","first_app:topfacemobappios","_exists_:(user_mau.1610.topfacemobappandroid OR user_mau.1610.topfacemobappios OR user_mau.1610.topface OR user_mau.1610.standalonetf)",819
"2016-06-01 00:00:00","first_app:topfacemobappios","_exists_:(user_mau.1611.topfacemobappandroid OR user_mau.1611.topfacemobappios OR user_mau.1611.topface OR user_mau.1611.standalonetf)",674
"2016-06-01 00:00:00","first_app:topfacemobappios","_exists_:(user_mau.1612.topfacemobappandroid OR user_mau.1612.topfacemobappios OR user_mau.1612.topface OR user_mau.1612.standalonetf)",596
"2016-06-01 00:00:00","first_app:topfacemobappios","_exists_:(user_mau.1701.topfacemobappandroid OR user_mau.1701.topfacemobappios OR user_mau.1701.topface OR user_mau.1701.standalonetf)",518
"2016-06-01 00:00:00","first_app:topfacemobappios","_exists_:(user_mau.1702.topfacemobappandroid OR user_mau.1702.topfacemobappios OR user_mau.1702.topface OR user_mau.1702.standalonetf)",404
"2016-06-01 00:00:00","first_app:topfacemobappios","_exists_:(user_mau.1703.topfacemobappandroid OR user_mau.1703.topfacemobappios OR user_mau.1703.topface OR user_mau.1703.standalonetf)",505
"2016-06-01 00:00:00","first_app:topfacemobappios","_exists_:(user_mau.1704.topfacemobappandroid OR user_mau.1704.topfacemobappios OR user_mau.1704.topface OR user_mau.1704.standalonetf)",323
"2016-06-01 00:00:00","first_app:topfacemobappios","_exists_:(user_mau.1705.topfacemobappandroid OR user_mau.1705.topfacemobappios OR user_mau.1705.topface OR user_mau.1705.standalonetf)",336
"2016-06-01 00:00:00","first_app:topfacemobappios","_exists_:(user_mau.1706.topfacemobappandroid OR user_mau.1706.topfacemobappios OR user_mau.1706.topface OR user_mau.1706.standalonetf)",306
"2016-06-01 00:00:00","first_app:topfacemobappios","_exists_:(user_mau.1707.topfacemobappandroid OR user_mau.1707.topfacemobappios OR user_mau.1707.topface OR user_mau.1707.standalonetf)",289
"2016-06-01 00:00:00","first_app:topfacemobappios","_exists_:(user_mau.1708.topfacemobappandroid OR user_mau.1708.topfacemobappios OR user_mau.1708.topface OR user_mau.1708.standalonetf)",321
"2016-06-01 00:00:00","first_app:topfacemobappios","_exists_:(user_mau.1709.topfacemobappandroid OR user_mau.1709.topfacemobappios OR user_mau.1709.topface OR user_mau.1709.standalonetf)",288
"2016-06-01 00:00:00","first_app:topfacemobappios","_exists_:(user_mau.1710.topfacemobappandroid OR user_mau.1710.topfacemobappios OR user_mau.1710.topface OR user_mau.1710.standalonetf)",319
"2016-06-01 00:00:00","first_app:topfacemobappios","_exists_:(user_mau.1711.topfacemobappandroid OR user_mau.1711.topfacemobappios OR user_mau.1711.topface OR user_mau.1711.standalonetf)",277
"2016-06-01 00:00:00","first_app:topfacemobappios","_exists_:(user_mau.1712.topfacemobappandroid OR user_mau.1712.topfacemobappios OR user_mau.1712.topface OR user_mau.1712.standalonetf)",260
"2016-06-01 00:00:00","first_app:topfacemobappios","_exists_:(user_mau.1801.topfacemobappandroid OR user_mau.1801.topfacemobappios OR user_mau.1801.topface OR user_mau.1801.standalonetf)",230
"2016-06-01 00:00:00","first_app:topfacemobappios","_exists_:(user_mau.1802.topfacemobappandroid OR user_mau.1802.topfacemobappios OR user_mau.1802.topface OR user_mau.1802.standalonetf)",182
"2016-06-01 00:00:00","first_app:standalonetf","*","4,047"
"2016-06-01 00:00:00","first_app:standalonetf","_exists_:(user_mau.1501.topfacemobappandroid OR user_mau.1501.topfacemobappios OR user_mau.1501.topface OR user_mau.1501.standalonetf)",0
"2016-06-01 00:00:00","first_app:standalonetf","_exists_:(user_mau.1502.topfacemobappandroid OR user_mau.1502.topfacemobappios OR user_mau.1502.topface OR user_mau.1502.standalonetf)",0
"2016-06-01 00:00:00","first_app:standalonetf","_exists_:(user_mau.1503.topfacemobappandroid OR user_mau.1503.topfacemobappios OR user_mau.1503.topface OR user_mau.1503.standalonetf)",0
"2016-06-01 00:00:00","first_app:standalonetf","_exists_:(user_mau.1504.topfacemobappandroid OR user_mau.1504.topfacemobappios OR user_mau.1504.topface OR user_mau.1504.standalonetf)",0
"2016-06-01 00:00:00","first_app:standalonetf","_exists_:(user_mau.1505.topfacemobappandroid OR user_mau.1505.topfacemobappios OR user_mau.1505.topface OR user_mau.1505.standalonetf)",0
"2016-06-01 00:00:00","first_app:standalonetf","_exists_:(user_mau.1506.topfacemobappandroid OR user_mau.1506.topfacemobappios OR user_mau.1506.topface OR user_mau.1506.standalonetf)",0
"2016-06-01 00:00:00","first_app:standalonetf","_exists_:(user_mau.1507.topfacemobappandroid OR user_mau.1507.topfacemobappios OR user_mau.1507.topface OR user_mau.1507.standalonetf)",0
"2016-06-01 00:00:00","first_app:standalonetf","_exists_:(user_mau.1508.topfacemobappandroid OR user_mau.1508.topfacemobappios OR user_mau.1508.topface OR user_mau.1508.standalonetf)",0
"2016-06-01 00:00:00","first_app:standalonetf","_exists_:(user_mau.1509.topfacemobappandroid OR user_mau.1509.topfacemobappios OR user_mau.1509.topface OR user_mau.1509.standalonetf)",0
"2016-06-01 00:00:00","first_app:standalonetf","_exists_:(user_mau.1510.topfacemobappandroid OR user_mau.1510.topfacemobappios OR user_mau.1510.topface OR user_mau.1510.standalonetf)",0
"2016-06-01 00:00:00","first_app:standalonetf","_exists_:(user_mau.1511.topfacemobappandroid OR user_mau.1511.topfacemobappios OR user_mau.1511.topface OR user_mau.1511.standalonetf)",0
"2016-06-01 00:00:00","first_app:standalonetf","_exists_:(user_mau.1512.topfacemobappandroid OR user_mau.1512.topfacemobappios OR user_mau.1512.topface OR user_mau.1512.standalonetf)",0
"2016-06-01 00:00:00","first_app:standalonetf","_exists_:(user_mau.1601.topfacemobappandroid OR user_mau.1601.topfacemobappios OR user_mau.1601.topface OR user_mau.1601.standalonetf)",0
"2016-06-01 00:00:00","first_app:standalonetf","_exists_:(user_mau.1602.topfacemobappandroid OR user_mau.1602.topfacemobappios OR user_mau.1602.topface OR user_mau.1602.standalonetf)",0
"2016-06-01 00:00:00","first_app:standalonetf","_exists_:(user_mau.1603.topfacemobappandroid OR user_mau.1603.topfacemobappios OR user_mau.1603.topface OR user_mau.1603.standalonetf)",0
"2016-06-01 00:00:00","first_app:standalonetf","_exists_:(user_mau.1604.topfacemobappandroid OR user_mau.1604.topfacemobappios OR user_mau.1604.topface OR user_mau.1604.standalonetf)",0
"2016-06-01 00:00:00","first_app:standalonetf","_exists_:(user_mau.1605.topfacemobappandroid OR user_mau.1605.topfacemobappios OR user_mau.1605.topface OR user_mau.1605.standalonetf)",0
"2016-06-01 00:00:00","first_app:standalonetf","_exists_:(user_mau.1606.topfacemobappandroid OR user_mau.1606.topfacemobappios OR user_mau.1606.topface OR user_mau.1606.standalonetf)","3,624"
"2016-06-01 00:00:00","first_app:standalonetf","_exists_:(user_mau.1607.topfacemobappandroid OR user_mau.1607.topfacemobappios OR user_mau.1607.topface OR user_mau.1607.standalonetf)",862
"2016-06-01 00:00:00","first_app:standalonetf","_exists_:(user_mau.1608.topfacemobappandroid OR user_mau.1608.topfacemobappios OR user_mau.1608.topface OR user_mau.1608.standalonetf)",498
"2016-06-01 00:00:00","first_app:standalonetf","_exists_:(user_mau.1609.topfacemobappandroid OR user_mau.1609.topfacemobappios OR user_mau.1609.topface OR user_mau.1609.standalonetf)",388
"2016-06-01 00:00:00","first_app:standalonetf","_exists_:(user_mau.1610.topfacemobappandroid OR user_mau.1610.topfacemobappios OR user_mau.1610.topface OR user_mau.1610.standalonetf)",299
"2016-06-01 00:00:00","first_app:standalonetf","_exists_:(user_mau.1611.topfacemobappandroid OR user_mau.1611.topfacemobappios OR user_mau.1611.topface OR user_mau.1611.standalonetf)",268
"2016-06-01 00:00:00","first_app:standalonetf","_exists_:(user_mau.1612.topfacemobappandroid OR user_mau.1612.topfacemobappios OR user_mau.1612.topface OR user_mau.1612.standalonetf)",219
"2016-06-01 00:00:00","first_app:standalonetf","_exists_:(user_mau.1701.topfacemobappandroid OR user_mau.1701.topfacemobappios OR user_mau.1701.topface OR user_mau.1701.standalonetf)",212
"2016-06-01 00:00:00","first_app:standalonetf","_exists_:(user_mau.1702.topfacemobappandroid OR user_mau.1702.topfacemobappios OR user_mau.1702.topface OR user_mau.1702.standalonetf)",174
"2016-06-01 00:00:00","first_app:standalonetf","_exists_:(user_mau.1703.topfacemobappandroid OR user_mau.1703.topfacemobappios OR user_mau.1703.topface OR user_mau.1703.standalonetf)",201
"2016-06-01 00:00:00","first_app:standalonetf","_exists_:(user_mau.1704.topfacemobappandroid OR user_mau.1704.topfacemobappios OR user_mau.1704.topface OR user_mau.1704.standalonetf)",151
"2016-06-01 00:00:00","first_app:standalonetf","_exists_:(user_mau.1705.topfacemobappandroid OR user_mau.1705.topfacemobappios OR user_mau.1705.topface OR user_mau.1705.standalonetf)",142
"2016-06-01 00:00:00","first_app:standalonetf","_exists_:(user_mau.1706.topfacemobappandroid OR user_mau.1706.topfacemobappios OR user_mau.1706.topface OR user_mau.1706.standalonetf)",124
"2016-06-01 00:00:00","first_app:standalonetf","_exists_:(user_mau.1707.topfacemobappandroid OR user_mau.1707.topfacemobappios OR user_mau.1707.topface OR user_mau.1707.standalonetf)",122
"2016-06-01 00:00:00","first_app:standalonetf","_exists_:(user_mau.1708.topfacemobappandroid OR user_mau.1708.topfacemobappios OR user_mau.1708.topface OR user_mau.1708.standalonetf)",111
"2016-06-01 00:00:00","first_app:standalonetf","_exists_:(user_mau.1709.topfacemobappandroid OR user_mau.1709.topfacemobappios OR user_mau.1709.topface OR user_mau.1709.standalonetf)",114
"2016-06-01 00:00:00","first_app:standalonetf","_exists_:(user_mau.1710.topfacemobappandroid OR user_mau.1710.topfacemobappios OR user_mau.1710.topface OR user_mau.1710.standalonetf)",116
"2016-06-01 00:00:00","first_app:standalonetf","_exists_:(user_mau.1711.topfacemobappandroid OR user_mau.1711.topfacemobappios OR user_mau.1711.topface OR user_mau.1711.standalonetf)",100
"2016-06-01 00:00:00","first_app:standalonetf","_exists_:(user_mau.1712.topfacemobappandroid OR user_mau.1712.topfacemobappios OR user_mau.1712.topface OR user_mau.1712.standalonetf)",92
"2016-06-01 00:00:00","first_app:standalonetf","_exists_:(user_mau.1801.topfacemobappandroid OR user_mau.1801.topfacemobappios OR user_mau.1801.topface OR user_mau.1801.standalonetf)",88
"2016-06-01 00:00:00","first_app:standalonetf","_exists_:(user_mau.1802.topfacemobappandroid OR user_mau.1802.topfacemobappios OR user_mau.1802.topface OR user_mau.1802.standalonetf)",86
"2016-06-01 00:00:00","first_app:topface AND platform:vk","*",170
"2016-06-01 00:00:00","first_app:topface AND platform:vk","_exists_:(user_mau.1501.topfacemobappandroid OR user_mau.1501.topfacemobappios OR user_mau.1501.topface OR user_mau.1501.standalonetf)",0
"2016-06-01 00:00:00","first_app:topface AND platform:vk","_exists_:(user_mau.1502.topfacemobappandroid OR user_mau.1502.topfacemobappios OR user_mau.1502.topface OR user_mau.1502.standalonetf)",0
"2016-06-01 00:00:00","first_app:topface AND platform:vk","_exists_:(user_mau.1503.topfacemobappandroid OR user_mau.1503.topfacemobappios OR user_mau.1503.topface OR user_mau.1503.standalonetf)",0
"2016-06-01 00:00:00","first_app:topface AND platform:vk","_exists_:(user_mau.1504.topfacemobappandroid OR user_mau.1504.topfacemobappios OR user_mau.1504.topface OR user_mau.1504.standalonetf)",0
"2016-06-01 00:00:00","first_app:topface AND platform:vk","_exists_:(user_mau.1505.topfacemobappandroid OR user_mau.1505.topfacemobappios OR user_mau.1505.topface OR user_mau.1505.standalonetf)",0
"2016-06-01 00:00:00","first_app:topface AND platform:vk","_exists_:(user_mau.1506.topfacemobappandroid OR user_mau.1506.topfacemobappios OR user_mau.1506.topface OR user_mau.1506.standalonetf)",0
"2016-06-01 00:00:00","first_app:topface AND platform:vk","_exists_:(user_mau.1507.topfacemobappandroid OR user_mau.1507.topfacemobappios OR user_mau.1507.topface OR user_mau.1507.standalonetf)",0
"2016-06-01 00:00:00","first_app:topface AND platform:vk","_exists_:(user_mau.1508.topfacemobappandroid OR user_mau.1508.topfacemobappios OR user_mau.1508.topface OR user_mau.1508.standalonetf)",0
"2016-06-01 00:00:00","first_app:topface AND platform:vk","_exists_:(user_mau.1509.topfacemobappandroid OR user_mau.1509.topfacemobappios OR user_mau.1509.topface OR user_mau.1509.standalonetf)",0
"2016-06-01 00:00:00","first_app:topface AND platform:vk","_exists_:(user_mau.1510.topfacemobappandroid OR user_mau.1510.topfacemobappios OR user_mau.1510.topface OR user_mau.1510.standalonetf)",0
"2016-06-01 00:00:00","first_app:topface AND platform:vk","_exists_:(user_mau.1511.topfacemobappandroid OR user_mau.1511.topfacemobappios OR user_mau.1511.topface OR user_mau.1511.standalonetf)",0
"2016-06-01 00:00:00","first_app:topface AND platform:vk","_exists_:(user_mau.1512.topfacemobappandroid OR user_mau.1512.topfacemobappios OR user_mau.1512.topface OR user_mau.1512.standalonetf)",0
"2016-06-01 00:00:00","first_app:topface AND platform:vk","_exists_:(user_mau.1601.topfacemobappandroid OR user_mau.1601.topfacemobappios OR user_mau.1601.topface OR user_mau.1601.standalonetf)",0
"2016-06-01 00:00:00","first_app:topface AND platform:vk","_exists_:(user_mau.1602.topfacemobappandroid OR user_mau.1602.topfacemobappios OR user_mau.1602.topface OR user_mau.1602.standalonetf)",0
"2016-06-01 00:00:00","first_app:topface AND platform:vk","_exists_:(user_mau.1603.topfacemobappandroid OR user_mau.1603.topfacemobappios OR user_mau.1603.topface OR user_mau.1603.standalonetf)",0
"2016-06-01 00:00:00","first_app:topface AND platform:vk","_exists_:(user_mau.1604.topfacemobappandroid OR user_mau.1604.topfacemobappios OR user_mau.1604.topface OR user_mau.1604.standalonetf)",0
"2016-06-01 00:00:00","first_app:topface AND platform:vk","_exists_:(user_mau.1605.topfacemobappandroid OR user_mau.1605.topfacemobappios OR user_mau.1605.topface OR user_mau.1605.standalonetf)",0
"2016-06-01 00:00:00","first_app:topface AND platform:vk","_exists_:(user_mau.1606.topfacemobappandroid OR user_mau.1606.topfacemobappios OR user_mau.1606.topface OR user_mau.1606.standalonetf)",169
"2016-06-01 00:00:00","first_app:topface AND platform:vk","_exists_:(user_mau.1607.topfacemobappandroid OR user_mau.1607.topfacemobappios OR user_mau.1607.topface OR user_mau.1607.standalonetf)",55
"2016-06-01 00:00:00","first_app:topface AND platform:vk","_exists_:(user_mau.1608.topfacemobappandroid OR user_mau.1608.topfacemobappios OR user_mau.1608.topface OR user_mau.1608.standalonetf)",42
"2016-06-01 00:00:00","first_app:topface AND platform:vk","_exists_:(user_mau.1609.topfacemobappandroid OR user_mau.1609.topfacemobappios OR user_mau.1609.topface OR user_mau.1609.standalonetf)",34
"2016-06-01 00:00:00","first_app:topface AND platform:vk","_exists_:(user_mau.1610.topfacemobappandroid OR user_mau.1610.topfacemobappios OR user_mau.1610.topface OR user_mau.1610.standalonetf)",24
"2016-06-01 00:00:00","first_app:topface AND platform:vk","_exists_:(user_mau.1611.topfacemobappandroid OR user_mau.1611.topfacemobappios OR user_mau.1611.topface OR user_mau.1611.standalonetf)",16
"2016-06-01 00:00:00","first_app:topface AND platform:vk","_exists_:(user_mau.1612.topfacemobappandroid OR user_mau.1612.topfacemobappios OR user_mau.1612.topface OR user_mau.1612.standalonetf)",24
"2016-06-01 00:00:00","first_app:topface AND platform:vk","_exists_:(user_mau.1701.topfacemobappandroid OR user_mau.1701.topfacemobappios OR user_mau.1701.topface OR user_mau.1701.standalonetf)",18
"2016-06-01 00:00:00","first_app:topface AND platform:vk","_exists_:(user_mau.1702.topfacemobappandroid OR user_mau.1702.topfacemobappios OR user_mau.1702.topface OR user_mau.1702.standalonetf)",17
"2016-06-01 00:00:00","first_app:topface AND platform:vk","_exists_:(user_mau.1703.topfacemobappandroid OR user_mau.1703.topfacemobappios OR user_mau.1703.topface OR user_mau.1703.standalonetf)",15
"2016-06-01 00:00:00","first_app:topface AND platform:vk","_exists_:(user_mau.1704.topfacemobappandroid OR user_mau.1704.topfacemobappios OR user_mau.1704.topface OR user_mau.1704.standalonetf)",16
"2016-06-01 00:00:00","first_app:topface AND platform:vk","_exists_:(user_mau.1705.topfacemobappandroid OR user_mau.1705.topfacemobappios OR user_mau.1705.topface OR user_mau.1705.standalonetf)",19
"2016-06-01 00:00:00","first_app:topface AND platform:vk","_exists_:(user_mau.1706.topfacemobappandroid OR user_mau.1706.topfacemobappios OR user_mau.1706.topface OR user_mau.1706.standalonetf)",12
"2016-06-01 00:00:00","first_app:topface AND platform:vk","_exists_:(user_mau.1707.topfacemobappandroid OR user_mau.1707.topfacemobappios OR user_mau.1707.topface OR user_mau.1707.standalonetf)",12
"2016-06-01 00:00:00","first_app:topface AND platform:vk","_exists_:(user_mau.1708.topfacemobappandroid OR user_mau.1708.topfacemobappios OR user_mau.1708.topface OR user_mau.1708.standalonetf)",9
"2016-06-01 00:00:00","first_app:topface AND platform:vk","_exists_:(user_mau.1709.topfacemobappandroid OR user_mau.1709.topfacemobappios OR user_mau.1709.topface OR user_mau.1709.standalonetf)",10
"2016-06-01 00:00:00","first_app:topface AND platform:vk","_exists_:(user_mau.1710.topfacemobappandroid OR user_mau.1710.topfacemobappios OR user_mau.1710.topface OR user_mau.1710.standalonetf)",11
"2016-06-01 00:00:00","first_app:topface AND platform:vk","_exists_:(user_mau.1711.topfacemobappandroid OR user_mau.1711.topfacemobappios OR user_mau.1711.topface OR user_mau.1711.standalonetf)",8
"2016-06-01 00:00:00","first_app:topface AND platform:vk","_exists_:(user_mau.1712.topfacemobappandroid OR user_mau.1712.topfacemobappios OR user_mau.1712.topface OR user_mau.1712.standalonetf)",9
"2016-06-01 00:00:00","first_app:topface AND platform:vk","_exists_:(user_mau.1801.topfacemobappandroid OR user_mau.1801.topfacemobappios OR user_mau.1801.topface OR user_mau.1801.standalonetf)",9
"2016-06-01 00:00:00","first_app:topface AND platform:vk","_exists_:(user_mau.1802.topfacemobappandroid OR user_mau.1802.topfacemobappios OR user_mau.1802.topface OR user_mau.1802.standalonetf)",7
"2016-06-01 00:00:00","first_app:topface AND platform:ok","*",22
"2016-06-01 00:00:00","first_app:topface AND platform:ok","_exists_:(user_mau.1501.topfacemobappandroid OR user_mau.1501.topfacemobappios OR user_mau.1501.topface OR user_mau.1501.standalonetf)",0
"2016-06-01 00:00:00","first_app:topface AND platform:ok","_exists_:(user_mau.1502.topfacemobappandroid OR user_mau.1502.topfacemobappios OR user_mau.1502.topface OR user_mau.1502.standalonetf)",0
"2016-06-01 00:00:00","first_app:topface AND platform:ok","_exists_:(user_mau.1503.topfacemobappandroid OR user_mau.1503.topfacemobappios OR user_mau.1503.topface OR user_mau.1503.standalonetf)",0
"2016-06-01 00:00:00","first_app:topface AND platform:ok","_exists_:(user_mau.1504.topfacemobappandroid OR user_mau.1504.topfacemobappios OR user_mau.1504.topface OR user_mau.1504.standalonetf)",0
"2016-06-01 00:00:00","first_app:topface AND platform:ok","_exists_:(user_mau.1505.topfacemobappandroid OR user_mau.1505.topfacemobappios OR user_mau.1505.topface OR user_mau.1505.standalonetf)",0
"2016-06-01 00:00:00","first_app:topface AND platform:ok","_exists_:(user_mau.1506.topfacemobappandroid OR user_mau.1506.topfacemobappios OR user_mau.1506.topface OR user_mau.1506.standalonetf)",0
"2016-06-01 00:00:00","first_app:topface AND platform:ok","_exists_:(user_mau.1507.topfacemobappandroid OR user_mau.1507.topfacemobappios OR user_mau.1507.topface OR user_mau.1507.standalonetf)",0
"2016-06-01 00:00:00","first_app:topface AND platform:ok","_exists_:(user_mau.1508.topfacemobappandroid OR user_mau.1508.topfacemobappios OR user_mau.1508.topface OR user_mau.1508.standalonetf)",0
"2016-06-01 00:00:00","first_app:topface AND platform:ok","_exists_:(user_mau.1509.topfacemobappandroid OR user_mau.1509.topfacemobappios OR user_mau.1509.topface OR user_mau.1509.standalonetf)",0
"2016-06-01 00:00:00","first_app:topface AND platform:ok","_exists_:(user_mau.1510.topfacemobappandroid OR user_mau.1510.topfacemobappios OR user_mau.1510.topface OR user_mau.1510.standalonetf)",0
"2016-06-01 00:00:00","first_app:topface AND platform:ok","_exists_:(user_mau.1511.topfacemobappandroid OR user_mau.1511.topfacemobappios OR user_mau.1511.topface OR user_mau.1511.standalonetf)",0
"2016-06-01 00:00:00","first_app:topface AND platform:ok","_exists_:(user_mau.1512.topfacemobappandroid OR user_mau.1512.topfacemobappios OR user_mau.1512.topface OR user_mau.1512.standalonetf)",0
"2016-06-01 00:00:00","first_app:topface AND platform:ok","_exists_:(user_mau.1601.topfacemobappandroid OR user_mau.1601.topfacemobappios OR user_mau.1601.topface OR user_mau.1601.standalonetf)",0
"2016-06-01 00:00:00","first_app:topface AND platform:ok","_exists_:(user_mau.1602.topfacemobappandroid OR user_mau.1602.topfacemobappios OR user_mau.1602.topface OR user_mau.1602.standalonetf)",0
"2016-06-01 00:00:00","first_app:topface AND platform:ok","_exists_:(user_mau.1603.topfacemobappandroid OR user_mau.1603.topfacemobappios OR user_mau.1603.topface OR user_mau.1603.standalonetf)",0
"2016-06-01 00:00:00","first_app:topface AND platform:ok","_exists_:(user_mau.1604.topfacemobappandroid OR user_mau.1604.topfacemobappios OR user_mau.1604.topface OR user_mau.1604.standalonetf)",0
"2016-06-01 00:00:00","first_app:topface AND platform:ok","_exists_:(user_mau.1605.topfacemobappandroid OR user_mau.1605.topfacemobappios OR user_mau.1605.topface OR user_mau.1605.standalonetf)",0
"2016-06-01 00:00:00","first_app:topface AND platform:ok","_exists_:(user_mau.1606.topfacemobappandroid OR user_mau.1606.topfacemobappios OR user_mau.1606.topface OR user_mau.1606.standalonetf)",22
"2016-06-01 00:00:00","first_app:topface AND platform:ok","_exists_:(user_mau.1607.topfacemobappandroid OR user_mau.1607.topfacemobappios OR user_mau.1607.topface OR user_mau.1607.standalonetf)",10
"2016-06-01 00:00:00","first_app:topface AND platform:ok","_exists_:(user_mau.1608.topfacemobappandroid OR user_mau.1608.topfacemobappios OR user_mau.1608.topface OR user_mau.1608.standalonetf)",7
"2016-06-01 00:00:00","first_app:topface AND platform:ok","_exists_:(user_mau.1609.topfacemobappandroid OR user_mau.1609.topfacemobappios OR user_mau.1609.topface OR user_mau.1609.standalonetf)",3
"2016-06-01 00:00:00","first_app:topface AND platform:ok","_exists_:(user_mau.1610.topfacemobappandroid OR user_mau.1610.topfacemobappios OR user_mau.1610.topface OR user_mau.1610.standalonetf)",5
"2016-06-01 00:00:00","first_app:topface AND platform:ok","_exists_:(user_mau.1611.topfacemobappandroid OR user_mau.1611.topfacemobappios OR user_mau.1611.topface OR user_mau.1611.standalonetf)",4
"2016-06-01 00:00:00","first_app:topface AND platform:ok","_exists_:(user_mau.1612.topfacemobappandroid OR user_mau.1612.topfacemobappios OR user_mau.1612.topface OR user_mau.1612.standalonetf)",3
"2016-06-01 00:00:00","first_app:topface AND platform:ok","_exists_:(user_mau.1701.topfacemobappandroid OR user_mau.1701.topfacemobappios OR user_mau.1701.topface OR user_mau.1701.standalonetf)",3
"2016-06-01 00:00:00","first_app:topface AND platform:ok","_exists_:(user_mau.1702.topfacemobappandroid OR user_mau.1702.topfacemobappios OR user_mau.1702.topface OR user_mau.1702.standalonetf)",2
"2016-06-01 00:00:00","first_app:topface AND platform:ok","_exists_:(user_mau.1703.topfacemobappandroid OR user_mau.1703.topfacemobappios OR user_mau.1703.topface OR user_mau.1703.standalonetf)",2
"2016-06-01 00:00:00","first_app:topface AND platform:ok","_exists_:(user_mau.1704.topfacemobappandroid OR user_mau.1704.topfacemobappios OR user_mau.1704.topface OR user_mau.1704.standalonetf)",3
"2016-06-01 00:00:00","first_app:topface AND platform:ok","_exists_:(user_mau.1705.topfacemobappandroid OR user_mau.1705.topfacemobappios OR user_mau.1705.topface OR user_mau.1705.standalonetf)",2
"2016-06-01 00:00:00","first_app:topface AND platform:ok","_exists_:(user_mau.1706.topfacemobappandroid OR user_mau.1706.topfacemobappios OR user_mau.1706.topface OR user_mau.1706.standalonetf)",2
"2016-06-01 00:00:00","first_app:topface AND platform:ok","_exists_:(user_mau.1707.topfacemobappandroid OR user_mau.1707.topfacemobappios OR user_mau.1707.topface OR user_mau.1707.standalonetf)",3
"2016-06-01 00:00:00","first_app:topface AND platform:ok","_exists_:(user_mau.1708.topfacemobappandroid OR user_mau.1708.topfacemobappios OR user_mau.1708.topface OR user_mau.1708.standalonetf)",2
"2016-06-01 00:00:00","first_app:topface AND platform:ok","_exists_:(user_mau.1709.topfacemobappandroid OR user_mau.1709.topfacemobappios OR user_mau.1709.topface OR user_mau.1709.standalonetf)",2
"2016-06-01 00:00:00","first_app:topface AND platform:ok","_exists_:(user_mau.1710.topfacemobappandroid OR user_mau.1710.topfacemobappios OR user_mau.1710.topface OR user_mau.1710.standalonetf)",2
"2016-06-01 00:00:00","first_app:topface AND platform:ok","_exists_:(user_mau.1711.topfacemobappandroid OR user_mau.1711.topfacemobappios OR user_mau.1711.topface OR user_mau.1711.standalonetf)",2
"2016-06-01 00:00:00","first_app:topface AND platform:ok","_exists_:(user_mau.1712.topfacemobappandroid OR user_mau.1712.topfacemobappios OR user_mau.1712.topface OR user_mau.1712.standalonetf)",2
"2016-06-01 00:00:00","first_app:topface AND platform:ok","_exists_:(user_mau.1801.topfacemobappandroid OR user_mau.1801.topfacemobappios OR user_mau.1801.topface OR user_mau.1801.standalonetf)",3
"2016-06-01 00:00:00","first_app:topface AND platform:ok","_exists_:(user_mau.1802.topfacemobappandroid OR user_mau.1802.topfacemobappios OR user_mau.1802.topface OR user_mau.1802.standalonetf)",2
"2016-06-01 00:00:00","first_app:topface AND platform:fb","*","9,856"
"2016-06-01 00:00:00","first_app:topface AND platform:fb","_exists_:(user_mau.1501.topfacemobappandroid OR user_mau.1501.topfacemobappios OR user_mau.1501.topface OR user_mau.1501.standalonetf)",0
"2016-06-01 00:00:00","first_app:topface AND platform:fb","_exists_:(user_mau.1502.topfacemobappandroid OR user_mau.1502.topfacemobappios OR user_mau.1502.topface OR user_mau.1502.standalonetf)",0
"2016-06-01 00:00:00","first_app:topface AND platform:fb","_exists_:(user_mau.1503.topfacemobappandroid OR user_mau.1503.topfacemobappios OR user_mau.1503.topface OR user_mau.1503.standalonetf)",0
"2016-06-01 00:00:00","first_app:topface AND platform:fb","_exists_:(user_mau.1504.topfacemobappandroid OR user_mau.1504.topfacemobappios OR user_mau.1504.topface OR user_mau.1504.standalonetf)",0
"2016-06-01 00:00:00","first_app:topface AND platform:fb","_exists_:(user_mau.1505.topfacemobappandroid OR user_mau.1505.topfacemobappios OR user_mau.1505.topface OR user_mau.1505.standalonetf)",0
"2016-06-01 00:00:00","first_app:topface AND platform:fb","_exists_:(user_mau.1506.topfacemobappandroid OR user_mau.1506.topfacemobappios OR user_mau.1506.topface OR user_mau.1506.standalonetf)",0
"2016-06-01 00:00:00","first_app:topface AND platform:fb","_exists_:(user_mau.1507.topfacemobappandroid OR user_mau.1507.topfacemobappios OR user_mau.1507.topface OR user_mau.1507.standalonetf)",0
"2016-06-01 00:00:00","first_app:topface AND platform:fb","_exists_:(user_mau.1508.topfacemobappandroid OR user_mau.1508.topfacemobappios OR user_mau.1508.topface OR user_mau.1508.standalonetf)",0
"2016-06-01 00:00:00","first_app:topface AND platform:fb","_exists_:(user_mau.1509.topfacemobappandroid OR user_mau.1509.topfacemobappios OR user_mau.1509.topface OR user_mau.1509.standalonetf)",0
"2016-06-01 00:00:00","first_app:topface AND platform:fb","_exists_:(user_mau.1510.topfacemobappandroid OR user_mau.1510.topfacemobappios OR user_mau.1510.topface OR user_mau.1510.standalonetf)",0
"2016-06-01 00:00:00","first_app:topface AND platform:fb","_exists_:(user_mau.1511.topfacemobappandroid OR user_mau.1511.topfacemobappios OR user_mau.1511.topface OR user_mau.1511.standalonetf)",0
"2016-06-01 00:00:00","first_app:topface AND platform:fb","_exists_:(user_mau.1512.topfacemobappandroid OR user_mau.1512.topfacemobappios OR user_mau.1512.topface OR user_mau.1512.standalonetf)",0
"2016-06-01 00:00:00","first_app:topface AND platform:fb","_exists_:(user_mau.1601.topfacemobappandroid OR user_mau.1601.topfacemobappios OR user_mau.1601.topface OR user_mau.1601.standalonetf)",0
"2016-06-01 00:00:00","first_app:topface AND platform:fb","_exists_:(user_mau.1602.topfacemobappandroid OR user_mau.1602.topfacemobappios OR user_mau.1602.topface OR user_mau.1602.standalonetf)",0
"2016-06-01 00:00:00","first_app:topface AND platform:fb","_exists_:(user_mau.1603.topfacemobappandroid OR user_mau.1603.topfacemobappios OR user_mau.1603.topface OR user_mau.1603.standalonetf)",0
"2016-06-01 00:00:00","first_app:topface AND platform:fb","_exists_:(user_mau.1604.topfacemobappandroid OR user_mau.1604.topfacemobappios OR user_mau.1604.topface OR user_mau.1604.standalonetf)",0
"2016-06-01 00:00:00","first_app:topface AND platform:fb","_exists_:(user_mau.1605.topfacemobappandroid OR user_mau.1605.topfacemobappios OR user_mau.1605.topface OR user_mau.1605.standalonetf)",0
"2016-06-01 00:00:00","first_app:topface AND platform:fb","_exists_:(user_mau.1606.topfacemobappandroid OR user_mau.1606.topfacemobappios OR user_mau.1606.topface OR user_mau.1606.standalonetf)","9,811"
"2016-06-01 00:00:00","first_app:topface AND platform:fb","_exists_:(user_mau.1607.topfacemobappandroid OR user_mau.1607.topfacemobappios OR user_mau.1607.topface OR user_mau.1607.standalonetf)","2,482"
"2016-06-01 00:00:00","first_app:topface AND platform:fb","_exists_:(user_mau.1608.topfacemobappandroid OR user_mau.1608.topfacemobappios OR user_mau.1608.topface OR user_mau.1608.standalonetf)","1,833"
"2016-06-01 00:00:00","first_app:topface AND platform:fb","_exists_:(user_mau.1609.topfacemobappandroid OR user_mau.1609.topfacemobappios OR user_mau.1609.topface OR user_mau.1609.standalonetf)","1,454"
"2016-06-01 00:00:00","first_app:topface AND platform:fb","_exists_:(user_mau.1610.topfacemobappandroid OR user_mau.1610.topfacemobappios OR user_mau.1610.topface OR user_mau.1610.standalonetf)","1,225"
"2016-06-01 00:00:00","first_app:topface AND platform:fb","_exists_:(user_mau.1611.topfacemobappandroid OR user_mau.1611.topfacemobappios OR user_mau.1611.topface OR user_mau.1611.standalonetf)","1,046"
"2016-06-01 00:00:00","first_app:topface AND platform:fb","_exists_:(user_mau.1612.topfacemobappandroid OR user_mau.1612.topfacemobappios OR user_mau.1612.topface OR user_mau.1612.standalonetf)",894
"2016-06-01 00:00:00","first_app:topface AND platform:fb","_exists_:(user_mau.1701.topfacemobappandroid OR user_mau.1701.topfacemobappios OR user_mau.1701.topface OR user_mau.1701.standalonetf)",729
"2016-06-01 00:00:00","first_app:topface AND platform:fb","_exists_:(user_mau.1702.topfacemobappandroid OR user_mau.1702.topfacemobappios OR user_mau.1702.topface OR user_mau.1702.standalonetf)",642
"2016-06-01 00:00:00","first_app:topface AND platform:fb","_exists_:(user_mau.1703.topfacemobappandroid OR user_mau.1703.topfacemobappios OR user_mau.1703.topface OR user_mau.1703.standalonetf)","1,029"
"2016-06-01 00:00:00","first_app:topface AND platform:fb","_exists_:(user_mau.1704.topfacemobappandroid OR user_mau.1704.topfacemobappios OR user_mau.1704.topface OR user_mau.1704.standalonetf)",447
"2016-06-01 00:00:00","first_app:topface AND platform:fb","_exists_:(user_mau.1705.topfacemobappandroid OR user_mau.1705.topfacemobappios OR user_mau.1705.topface OR user_mau.1705.standalonetf)",729
"2016-06-01 00:00:00","first_app:topface AND platform:fb","_exists_:(user_mau.1706.topfacemobappandroid OR user_mau.1706.topfacemobappios OR user_mau.1706.topface OR user_mau.1706.standalonetf)",542
"2016-06-01 00:00:00","first_app:topface AND platform:fb","_exists_:(user_mau.1707.topfacemobappandroid OR user_mau.1707.topfacemobappios OR user_mau.1707.topface OR user_mau.1707.standalonetf)",643
"2016-06-01 00:00:00","first_app:topface AND platform:fb","_exists_:(user_mau.1708.topfacemobappandroid OR user_mau.1708.topfacemobappios OR user_mau.1708.topface OR user_mau.1708.standalonetf)",587
"2016-06-01 00:00:00","first_app:topface AND platform:fb","_exists_:(user_mau.1709.topfacemobappandroid OR user_mau.1709.topfacemobappios OR user_mau.1709.topface OR user_mau.1709.standalonetf)",622
"2016-06-01 00:00:00","first_app:topface AND platform:fb","_exists_:(user_mau.1710.topfacemobappandroid OR user_mau.1710.topfacemobappios OR user_mau.1710.topface OR user_mau.1710.standalonetf)",641
"2016-06-01 00:00:00","first_app:topface AND platform:fb","_exists_:(user_mau.1711.topfacemobappandroid OR user_mau.1711.topfacemobappios OR user_mau.1711.topface OR user_mau.1711.standalonetf)",543
"2016-06-01 00:00:00","first_app:topface AND platform:fb","_exists_:(user_mau.1712.topfacemobappandroid OR user_mau.1712.topfacemobappios OR user_mau.1712.topface OR user_mau.1712.standalonetf)",443
"2016-06-01 00:00:00","first_app:topface AND platform:fb","_exists_:(user_mau.1801.topfacemobappandroid OR user_mau.1801.topfacemobappios OR user_mau.1801.topface OR user_mau.1801.standalonetf)",378
"2016-06-01 00:00:00","first_app:topface AND platform:fb","_exists_:(user_mau.1802.topfacemobappandroid OR user_mau.1802.topfacemobappios OR user_mau.1802.topface OR user_mau.1802.standalonetf)",317
"2016-07-01 00:00:00","first_app:topfacemobappandroid","*","119,706"
"2016-07-01 00:00:00","first_app:topfacemobappandroid","_exists_:(user_mau.1501.topfacemobappandroid OR user_mau.1501.topfacemobappios OR user_mau.1501.topface OR user_mau.1501.standalonetf)",0
"2016-07-01 00:00:00","first_app:topfacemobappandroid","_exists_:(user_mau.1502.topfacemobappandroid OR user_mau.1502.topfacemobappios OR user_mau.1502.topface OR user_mau.1502.standalonetf)",0
"2016-07-01 00:00:00","first_app:topfacemobappandroid","_exists_:(user_mau.1503.topfacemobappandroid OR user_mau.1503.topfacemobappios OR user_mau.1503.topface OR user_mau.1503.standalonetf)",0
"2016-07-01 00:00:00","first_app:topfacemobappandroid","_exists_:(user_mau.1504.topfacemobappandroid OR user_mau.1504.topfacemobappios OR user_mau.1504.topface OR user_mau.1504.standalonetf)",0
"2016-07-01 00:00:00","first_app:topfacemobappandroid","_exists_:(user_mau.1505.topfacemobappandroid OR user_mau.1505.topfacemobappios OR user_mau.1505.topface OR user_mau.1505.standalonetf)",0
"2016-07-01 00:00:00","first_app:topfacemobappandroid","_exists_:(user_mau.1506.topfacemobappandroid OR user_mau.1506.topfacemobappios OR user_mau.1506.topface OR user_mau.1506.standalonetf)",0
"2016-07-01 00:00:00","first_app:topfacemobappandroid","_exists_:(user_mau.1507.topfacemobappandroid OR user_mau.1507.topfacemobappios OR user_mau.1507.topface OR user_mau.1507.standalonetf)",0
"2016-07-01 00:00:00","first_app:topfacemobappandroid","_exists_:(user_mau.1508.topfacemobappandroid OR user_mau.1508.topfacemobappios OR user_mau.1508.topface OR user_mau.1508.standalonetf)",0
"2016-07-01 00:00:00","first_app:topfacemobappandroid","_exists_:(user_mau.1509.topfacemobappandroid OR user_mau.1509.topfacemobappios OR user_mau.1509.topface OR user_mau.1509.standalonetf)",0
"2016-07-01 00:00:00","first_app:topfacemobappandroid","_exists_:(user_mau.1510.topfacemobappandroid OR user_mau.1510.topfacemobappios OR user_mau.1510.topface OR user_mau.1510.standalonetf)",0
"2016-07-01 00:00:00","first_app:topfacemobappandroid","_exists_:(user_mau.1511.topfacemobappandroid OR user_mau.1511.topfacemobappios OR user_mau.1511.topface OR user_mau.1511.standalonetf)",0
"2016-07-01 00:00:00","first_app:topfacemobappandroid","_exists_:(user_mau.1512.topfacemobappandroid OR user_mau.1512.topfacemobappios OR user_mau.1512.topface OR user_mau.1512.standalonetf)",0
"2016-07-01 00:00:00","first_app:topfacemobappandroid","_exists_:(user_mau.1601.topfacemobappandroid OR user_mau.1601.topfacemobappios OR user_mau.1601.topface OR user_mau.1601.standalonetf)",0
"2016-07-01 00:00:00","first_app:topfacemobappandroid","_exists_:(user_mau.1602.topfacemobappandroid OR user_mau.1602.topfacemobappios OR user_mau.1602.topface OR user_mau.1602.standalonetf)",0
"2016-07-01 00:00:00","first_app:topfacemobappandroid","_exists_:(user_mau.1603.topfacemobappandroid OR user_mau.1603.topfacemobappios OR user_mau.1603.topface OR user_mau.1603.standalonetf)",0
"2016-07-01 00:00:00","first_app:topfacemobappandroid","_exists_:(user_mau.1604.topfacemobappandroid OR user_mau.1604.topfacemobappios OR user_mau.1604.topface OR user_mau.1604.standalonetf)",0
"2016-07-01 00:00:00","first_app:topfacemobappandroid","_exists_:(user_mau.1605.topfacemobappandroid OR user_mau.1605.topfacemobappios OR user_mau.1605.topface OR user_mau.1605.standalonetf)",0
"2016-07-01 00:00:00","first_app:topfacemobappandroid","_exists_:(user_mau.1606.topfacemobappandroid OR user_mau.1606.topfacemobappios OR user_mau.1606.topface OR user_mau.1606.standalonetf)",0
"2016-07-01 00:00:00","first_app:topfacemobappandroid","_exists_:(user_mau.1607.topfacemobappandroid OR user_mau.1607.topfacemobappios OR user_mau.1607.topface OR user_mau.1607.standalonetf)","119,701"
"2016-07-01 00:00:00","first_app:topfacemobappandroid","_exists_:(user_mau.1608.topfacemobappandroid OR user_mau.1608.topfacemobappios OR user_mau.1608.topface OR user_mau.1608.standalonetf)","30,678"
"2016-07-01 00:00:00","first_app:topfacemobappandroid","_exists_:(user_mau.1609.topfacemobappandroid OR user_mau.1609.topfacemobappios OR user_mau.1609.topface OR user_mau.1609.standalonetf)","15,660"
"2016-07-01 00:00:00","first_app:topfacemobappandroid","_exists_:(user_mau.1610.topfacemobappandroid OR user_mau.1610.topfacemobappios OR user_mau.1610.topface OR user_mau.1610.standalonetf)","9,577"
"2016-07-01 00:00:00","first_app:topfacemobappandroid","_exists_:(user_mau.1611.topfacemobappandroid OR user_mau.1611.topfacemobappios OR user_mau.1611.topface OR user_mau.1611.standalonetf)","7,281"
"2016-07-01 00:00:00","first_app:topfacemobappandroid","_exists_:(user_mau.1612.topfacemobappandroid OR user_mau.1612.topfacemobappios OR user_mau.1612.topface OR user_mau.1612.standalonetf)","6,085"
"2016-07-01 00:00:00","first_app:topfacemobappandroid","_exists_:(user_mau.1701.topfacemobappandroid OR user_mau.1701.topfacemobappios OR user_mau.1701.topface OR user_mau.1701.standalonetf)","5,329"
"2016-07-01 00:00:00","first_app:topfacemobappandroid","_exists_:(user_mau.1702.topfacemobappandroid OR user_mau.1702.topfacemobappios OR user_mau.1702.topface OR user_mau.1702.standalonetf)","4,336"
"2016-07-01 00:00:00","first_app:topfacemobappandroid","_exists_:(user_mau.1703.topfacemobappandroid OR user_mau.1703.topfacemobappios OR user_mau.1703.topface OR user_mau.1703.standalonetf)","4,668"
"2016-07-01 00:00:00","first_app:topfacemobappandroid","_exists_:(user_mau.1704.topfacemobappandroid OR user_mau.1704.topfacemobappios OR user_mau.1704.topface OR user_mau.1704.standalonetf)","3,989"
"2016-07-01 00:00:00","first_app:topfacemobappandroid","_exists_:(user_mau.1705.topfacemobappandroid OR user_mau.1705.topfacemobappios OR user_mau.1705.topface OR user_mau.1705.standalonetf)","3,878"
"2016-07-01 00:00:00","first_app:topfacemobappandroid","_exists_:(user_mau.1706.topfacemobappandroid OR user_mau.1706.topfacemobappios OR user_mau.1706.topface OR user_mau.1706.standalonetf)","3,534"
"2016-07-01 00:00:00","first_app:topfacemobappandroid","_exists_:(user_mau.1707.topfacemobappandroid OR user_mau.1707.topfacemobappios OR user_mau.1707.topface OR user_mau.1707.standalonetf)","3,158"
"2016-07-01 00:00:00","first_app:topfacemobappandroid","_exists_:(user_mau.1708.topfacemobappandroid OR user_mau.1708.topfacemobappios OR user_mau.1708.topface OR user_mau.1708.standalonetf)","3,439"
"2016-07-01 00:00:00","first_app:topfacemobappandroid","_exists_:(user_mau.1709.topfacemobappandroid OR user_mau.1709.topfacemobappios OR user_mau.1709.topface OR user_mau.1709.standalonetf)","3,119"
"2016-07-01 00:00:00","first_app:topfacemobappandroid","_exists_:(user_mau.1710.topfacemobappandroid OR user_mau.1710.topfacemobappios OR user_mau.1710.topface OR user_mau.1710.standalonetf)","3,140"
"2016-07-01 00:00:00","first_app:topfacemobappandroid","_exists_:(user_mau.1711.topfacemobappandroid OR user_mau.1711.topfacemobappios OR user_mau.1711.topface OR user_mau.1711.standalonetf)","2,885"
"2016-07-01 00:00:00","first_app:topfacemobappandroid","_exists_:(user_mau.1712.topfacemobappandroid OR user_mau.1712.topfacemobappios OR user_mau.1712.topface OR user_mau.1712.standalonetf)","2,484"
"2016-07-01 00:00:00","first_app:topfacemobappandroid","_exists_:(user_mau.1801.topfacemobappandroid OR user_mau.1801.topfacemobappios OR user_mau.1801.topface OR user_mau.1801.standalonetf)","1,927"
"2016-07-01 00:00:00","first_app:topfacemobappandroid","_exists_:(user_mau.1802.topfacemobappandroid OR user_mau.1802.topfacemobappios OR user_mau.1802.topface OR user_mau.1802.standalonetf)","1,661"
"2016-07-01 00:00:00","first_app:topfacemobappios","*","26,822"
"2016-07-01 00:00:00","first_app:topfacemobappios","_exists_:(user_mau.1501.topfacemobappandroid OR user_mau.1501.topfacemobappios OR user_mau.1501.topface OR user_mau.1501.standalonetf)",0
"2016-07-01 00:00:00","first_app:topfacemobappios","_exists_:(user_mau.1502.topfacemobappandroid OR user_mau.1502.topfacemobappios OR user_mau.1502.topface OR user_mau.1502.standalonetf)",0
"2016-07-01 00:00:00","first_app:topfacemobappios","_exists_:(user_mau.1503.topfacemobappandroid OR user_mau.1503.topfacemobappios OR user_mau.1503.topface OR user_mau.1503.standalonetf)",0
"2016-07-01 00:00:00","first_app:topfacemobappios","_exists_:(user_mau.1504.topfacemobappandroid OR user_mau.1504.topfacemobappios OR user_mau.1504.topface OR user_mau.1504.standalonetf)",0
"2016-07-01 00:00:00","first_app:topfacemobappios","_exists_:(user_mau.1505.topfacemobappandroid OR user_mau.1505.topfacemobappios OR user_mau.1505.topface OR user_mau.1505.standalonetf)",0
"2016-07-01 00:00:00","first_app:topfacemobappios","_exists_:(user_mau.1506.topfacemobappandroid OR user_mau.1506.topfacemobappios OR user_mau.1506.topface OR user_mau.1506.standalonetf)",0
"2016-07-01 00:00:00","first_app:topfacemobappios","_exists_:(user_mau.1507.topfacemobappandroid OR user_mau.1507.topfacemobappios OR user_mau.1507.topface OR user_mau.1507.standalonetf)",0
"2016-07-01 00:00:00","first_app:topfacemobappios","_exists_:(user_mau.1508.topfacemobappandroid OR user_mau.1508.topfacemobappios OR user_mau.1508.topface OR user_mau.1508.standalonetf)",0
"2016-07-01 00:00:00","first_app:topfacemobappios","_exists_:(user_mau.1509.topfacemobappandroid OR user_mau.1509.topfacemobappios OR user_mau.1509.topface OR user_mau.1509.standalonetf)",0
"2016-07-01 00:00:00","first_app:topfacemobappios","_exists_:(user_mau.1510.topfacemobappandroid OR user_mau.1510.topfacemobappios OR user_mau.1510.topface OR user_mau.1510.standalonetf)",0
"2016-07-01 00:00:00","first_app:topfacemobappios","_exists_:(user_mau.1511.topfacemobappandroid OR user_mau.1511.topfacemobappios OR user_mau.1511.topface OR user_mau.1511.standalonetf)",0
"2016-07-01 00:00:00","first_app:topfacemobappios","_exists_:(user_mau.1512.topfacemobappandroid OR user_mau.1512.topfacemobappios OR user_mau.1512.topface OR user_mau.1512.standalonetf)",0
"2016-07-01 00:00:00","first_app:topfacemobappios","_exists_:(user_mau.1601.topfacemobappandroid OR user_mau.1601.topfacemobappios OR user_mau.1601.topface OR user_mau.1601.standalonetf)",0
"2016-07-01 00:00:00","first_app:topfacemobappios","_exists_:(user_mau.1602.topfacemobappandroid OR user_mau.1602.topfacemobappios OR user_mau.1602.topface OR user_mau.1602.standalonetf)",0
"2016-07-01 00:00:00","first_app:topfacemobappios","_exists_:(user_mau.1603.topfacemobappandroid OR user_mau.1603.topfacemobappios OR user_mau.1603.topface OR user_mau.1603.standalonetf)",0
"2016-07-01 00:00:00","first_app:topfacemobappios","_exists_:(user_mau.1604.topfacemobappandroid OR user_mau.1604.topfacemobappios OR user_mau.1604.topface OR user_mau.1604.standalonetf)",0
"2016-07-01 00:00:00","first_app:topfacemobappios","_exists_:(user_mau.1605.topfacemobappandroid OR user_mau.1605.topfacemobappios OR user_mau.1605.topface OR user_mau.1605.standalonetf)",0
"2016-07-01 00:00:00","first_app:topfacemobappios","_exists_:(user_mau.1606.topfacemobappandroid OR user_mau.1606.topfacemobappios OR user_mau.1606.topface OR user_mau.1606.standalonetf)",0
"2016-07-01 00:00:00","first_app:topfacemobappios","_exists_:(user_mau.1607.topfacemobappandroid OR user_mau.1607.topfacemobappios OR user_mau.1607.topface OR user_mau.1607.standalonetf)","26,819"
"2016-07-01 00:00:00","first_app:topfacemobappios","_exists_:(user_mau.1608.topfacemobappandroid OR user_mau.1608.topfacemobappios OR user_mau.1608.topface OR user_mau.1608.standalonetf)","5,659"
"2016-07-01 00:00:00","first_app:topfacemobappios","_exists_:(user_mau.1609.topfacemobappandroid OR user_mau.1609.topfacemobappios OR user_mau.1609.topface OR user_mau.1609.standalonetf)","2,407"
"2016-07-01 00:00:00","first_app:topfacemobappios","_exists_:(user_mau.1610.topfacemobappandroid OR user_mau.1610.topfacemobappios OR user_mau.1610.topface OR user_mau.1610.standalonetf)","1,574"
"2016-07-01 00:00:00","first_app:topfacemobappios","_exists_:(user_mau.1611.topfacemobappandroid OR user_mau.1611.topfacemobappios OR user_mau.1611.topface OR user_mau.1611.standalonetf)","1,183"
"2016-07-01 00:00:00","first_app:topfacemobappios","_exists_:(user_mau.1612.topfacemobappandroid OR user_mau.1612.topfacemobappios OR user_mau.1612.topface OR user_mau.1612.standalonetf)",929
"2016-07-01 00:00:00","first_app:topfacemobappios","_exists_:(user_mau.1701.topfacemobappandroid OR user_mau.1701.topfacemobappios OR user_mau.1701.topface OR user_mau.1701.standalonetf)",852
"2016-07-01 00:00:00","first_app:topfacemobappios","_exists_:(user_mau.1702.topfacemobappandroid OR user_mau.1702.topfacemobappios OR user_mau.1702.topface OR user_mau.1702.standalonetf)",672
"2016-07-01 00:00:00","first_app:topfacemobappios","_exists_:(user_mau.1703.topfacemobappandroid OR user_mau.1703.topfacemobappios OR user_mau.1703.topface OR user_mau.1703.standalonetf)",830
"2016-07-01 00:00:00","first_app:topfacemobappios","_exists_:(user_mau.1704.topfacemobappandroid OR user_mau.1704.topfacemobappios OR user_mau.1704.topface OR user_mau.1704.standalonetf)",500
"2016-07-01 00:00:00","first_app:topfacemobappios","_exists_:(user_mau.1705.topfacemobappandroid OR user_mau.1705.topfacemobappios OR user_mau.1705.topface OR user_mau.1705.standalonetf)",599
"2016-07-01 00:00:00","first_app:topfacemobappios","_exists_:(user_mau.1706.topfacemobappandroid OR user_mau.1706.topfacemobappios OR user_mau.1706.topface OR user_mau.1706.standalonetf)",546
"2016-07-01 00:00:00","first_app:topfacemobappios","_exists_:(user_mau.1707.topfacemobappandroid OR user_mau.1707.topfacemobappios OR user_mau.1707.topface OR user_mau.1707.standalonetf)",496
"2016-07-01 00:00:00","first_app:topfacemobappios","_exists_:(user_mau.1708.topfacemobappandroid OR user_mau.1708.topfacemobappios OR user_mau.1708.topface OR user_mau.1708.standalonetf)",501
"2016-07-01 00:00:00","first_app:topfacemobappios","_exists_:(user_mau.1709.topfacemobappandroid OR user_mau.1709.topfacemobappios OR user_mau.1709.topface OR user_mau.1709.standalonetf)",432
"2016-07-01 00:00:00","first_app:topfacemobappios","_exists_:(user_mau.1710.topfacemobappandroid OR user_mau.1710.topfacemobappios OR user_mau.1710.topface OR user_mau.1710.standalonetf)",499
"2016-07-01 00:00:00","first_app:topfacemobappios","_exists_:(user_mau.1711.topfacemobappandroid OR user_mau.1711.topfacemobappios OR user_mau.1711.topface OR user_mau.1711.standalonetf)",425
"2016-07-01 00:00:00","first_app:topfacemobappios","_exists_:(user_mau.1712.topfacemobappandroid OR user_mau.1712.topfacemobappios OR user_mau.1712.topface OR user_mau.1712.standalonetf)",393
"2016-07-01 00:00:00","first_app:topfacemobappios","_exists_:(user_mau.1801.topfacemobappandroid OR user_mau.1801.topfacemobappios OR user_mau.1801.topface OR user_mau.1801.standalonetf)",329
"2016-07-01 00:00:00","first_app:topfacemobappios","_exists_:(user_mau.1802.topfacemobappandroid OR user_mau.1802.topfacemobappios OR user_mau.1802.topface OR user_mau.1802.standalonetf)",295
"2016-07-01 00:00:00","first_app:standalonetf","*","5,356"
"2016-07-01 00:00:00","first_app:standalonetf","_exists_:(user_mau.1501.topfacemobappandroid OR user_mau.1501.topfacemobappios OR user_mau.1501.topface OR user_mau.1501.standalonetf)",0
"2016-07-01 00:00:00","first_app:standalonetf","_exists_:(user_mau.1502.topfacemobappandroid OR user_mau.1502.topfacemobappios OR user_mau.1502.topface OR user_mau.1502.standalonetf)",0
"2016-07-01 00:00:00","first_app:standalonetf","_exists_:(user_mau.1503.topfacemobappandroid OR user_mau.1503.topfacemobappios OR user_mau.1503.topface OR user_mau.1503.standalonetf)",0
"2016-07-01 00:00:00","first_app:standalonetf","_exists_:(user_mau.1504.topfacemobappandroid OR user_mau.1504.topfacemobappios OR user_mau.1504.topface OR user_mau.1504.standalonetf)",0
"2016-07-01 00:00:00","first_app:standalonetf","_exists_:(user_mau.1505.topfacemobappandroid OR user_mau.1505.topfacemobappios OR user_mau.1505.topface OR user_mau.1505.standalonetf)",0
"2016-07-01 00:00:00","first_app:standalonetf","_exists_:(user_mau.1506.topfacemobappandroid OR user_mau.1506.topfacemobappios OR user_mau.1506.topface OR user_mau.1506.standalonetf)",0
"2016-07-01 00:00:00","first_app:standalonetf","_exists_:(user_mau.1507.topfacemobappandroid OR user_mau.1507.topfacemobappios OR user_mau.1507.topface OR user_mau.1507.standalonetf)",0
"2016-07-01 00:00:00","first_app:standalonetf","_exists_:(user_mau.1508.topfacemobappandroid OR user_mau.1508.topfacemobappios OR user_mau.1508.topface OR user_mau.1508.standalonetf)",0
"2016-07-01 00:00:00","first_app:standalonetf","_exists_:(user_mau.1509.topfacemobappandroid OR user_mau.1509.topfacemobappios OR user_mau.1509.topface OR user_mau.1509.standalonetf)",0
"2016-07-01 00:00:00","first_app:standalonetf","_exists_:(user_mau.1510.topfacemobappandroid OR user_mau.1510.topfacemobappios OR user_mau.1510.topface OR user_mau.1510.standalonetf)",0
"2016-07-01 00:00:00","first_app:standalonetf","_exists_:(user_mau.1511.topfacemobappandroid OR user_mau.1511.topfacemobappios OR user_mau.1511.topface OR user_mau.1511.standalonetf)",0
"2016-07-01 00:00:00","first_app:standalonetf","_exists_:(user_mau.1512.topfacemobappandroid OR user_mau.1512.topfacemobappios OR user_mau.1512.topface OR user_mau.1512.standalonetf)",0
"2016-07-01 00:00:00","first_app:standalonetf","_exists_:(user_mau.1601.topfacemobappandroid OR user_mau.1601.topfacemobappios OR user_mau.1601.topface OR user_mau.1601.standalonetf)",0
"2016-07-01 00:00:00","first_app:standalonetf","_exists_:(user_mau.1602.topfacemobappandroid OR user_mau.1602.topfacemobappios OR user_mau.1602.topface OR user_mau.1602.standalonetf)",0
"2016-07-01 00:00:00","first_app:standalonetf","_exists_:(user_mau.1603.topfacemobappandroid OR user_mau.1603.topfacemobappios OR user_mau.1603.topface OR user_mau.1603.standalonetf)",0
"2016-07-01 00:00:00","first_app:standalonetf","_exists_:(user_mau.1604.topfacemobappandroid OR user_mau.1604.topfacemobappios OR user_mau.1604.topface OR user_mau.1604.standalonetf)",0
"2016-07-01 00:00:00","first_app:standalonetf","_exists_:(user_mau.1605.topfacemobappandroid OR user_mau.1605.topfacemobappios OR user_mau.1605.topface OR user_mau.1605.standalonetf)",0
"2016-07-01 00:00:00","first_app:standalonetf","_exists_:(user_mau.1606.topfacemobappandroid OR user_mau.1606.topfacemobappios OR user_mau.1606.topface OR user_mau.1606.standalonetf)",0
"2016-07-01 00:00:00","first_app:standalonetf","_exists_:(user_mau.1607.topfacemobappandroid OR user_mau.1607.topfacemobappios OR user_mau.1607.topface OR user_mau.1607.standalonetf)","4,839"
"2016-07-01 00:00:00","first_app:standalonetf","_exists_:(user_mau.1608.topfacemobappandroid OR user_mau.1608.topfacemobappios OR user_mau.1608.topface OR user_mau.1608.standalonetf)","1,049"
"2016-07-01 00:00:00","first_app:standalonetf","_exists_:(user_mau.1609.topfacemobappandroid OR user_mau.1609.topfacemobappios OR user_mau.1609.topface OR user_mau.1609.standalonetf)",605
"2016-07-01 00:00:00","first_app:standalonetf","_exists_:(user_mau.1610.topfacemobappandroid OR user_mau.1610.topfacemobappios OR user_mau.1610.topface OR user_mau.1610.standalonetf)",466
"2016-07-01 00:00:00","first_app:standalonetf","_exists_:(user_mau.1611.topfacemobappandroid OR user_mau.1611.topfacemobappios OR user_mau.1611.topface OR user_mau.1611.standalonetf)",374
"2016-07-01 00:00:00","first_app:standalonetf","_exists_:(user_mau.1612.topfacemobappandroid OR user_mau.1612.topfacemobappios OR user_mau.1612.topface OR user_mau.1612.standalonetf)",321
"2016-07-01 00:00:00","first_app:standalonetf","_exists_:(user_mau.1701.topfacemobappandroid OR user_mau.1701.topfacemobappios OR user_mau.1701.topface OR user_mau.1701.standalonetf)",303
"2016-07-01 00:00:00","first_app:standalonetf","_exists_:(user_mau.1702.topfacemobappandroid OR user_mau.1702.topfacemobappios OR user_mau.1702.topface OR user_mau.1702.standalonetf)",267
"2016-07-01 00:00:00","first_app:standalonetf","_exists_:(user_mau.1703.topfacemobappandroid OR user_mau.1703.topfacemobappios OR user_mau.1703.topface OR user_mau.1703.standalonetf)",324
"2016-07-01 00:00:00","first_app:standalonetf","_exists_:(user_mau.1704.topfacemobappandroid OR user_mau.1704.topfacemobappios OR user_mau.1704.topface OR user_mau.1704.standalonetf)",212
"2016-07-01 00:00:00","first_app:standalonetf","_exists_:(user_mau.1705.topfacemobappandroid OR user_mau.1705.topfacemobappios OR user_mau.1705.topface OR user_mau.1705.standalonetf)",226
"2016-07-01 00:00:00","first_app:standalonetf","_exists_:(user_mau.1706.topfacemobappandroid OR user_mau.1706.topfacemobappios OR user_mau.1706.topface OR user_mau.1706.standalonetf)",200
"2016-07-01 00:00:00","first_app:standalonetf","_exists_:(user_mau.1707.topfacemobappandroid OR user_mau.1707.topfacemobappios OR user_mau.1707.topface OR user_mau.1707.standalonetf)",192
"2016-07-01 00:00:00","first_app:standalonetf","_exists_:(user_mau.1708.topfacemobappandroid OR user_mau.1708.topfacemobappios OR user_mau.1708.topface OR user_mau.1708.standalonetf)",181
"2016-07-01 00:00:00","first_app:standalonetf","_exists_:(user_mau.1709.topfacemobappandroid OR user_mau.1709.topfacemobappios OR user_mau.1709.topface OR user_mau.1709.standalonetf)",177
"2016-07-01 00:00:00","first_app:standalonetf","_exists_:(user_mau.1710.topfacemobappandroid OR user_mau.1710.topfacemobappios OR user_mau.1710.topface OR user_mau.1710.standalonetf)",158
"2016-07-01 00:00:00","first_app:standalonetf","_exists_:(user_mau.1711.topfacemobappandroid OR user_mau.1711.topfacemobappios OR user_mau.1711.topface OR user_mau.1711.standalonetf)",161
"2016-07-01 00:00:00","first_app:standalonetf","_exists_:(user_mau.1712.topfacemobappandroid OR user_mau.1712.topfacemobappios OR user_mau.1712.topface OR user_mau.1712.standalonetf)",142
"2016-07-01 00:00:00","first_app:standalonetf","_exists_:(user_mau.1801.topfacemobappandroid OR user_mau.1801.topfacemobappios OR user_mau.1801.topface OR user_mau.1801.standalonetf)",123
"2016-07-01 00:00:00","first_app:standalonetf","_exists_:(user_mau.1802.topfacemobappandroid OR user_mau.1802.topfacemobappios OR user_mau.1802.topface OR user_mau.1802.standalonetf)",98
"2016-07-01 00:00:00","first_app:topface AND platform:vk","*",151
"2016-07-01 00:00:00","first_app:topface AND platform:vk","_exists_:(user_mau.1501.topfacemobappandroid OR user_mau.1501.topfacemobappios OR user_mau.1501.topface OR user_mau.1501.standalonetf)",0
"2016-07-01 00:00:00","first_app:topface AND platform:vk","_exists_:(user_mau.1502.topfacemobappandroid OR user_mau.1502.topfacemobappios OR user_mau.1502.topface OR user_mau.1502.standalonetf)",0
"2016-07-01 00:00:00","first_app:topface AND platform:vk","_exists_:(user_mau.1503.topfacemobappandroid OR user_mau.1503.topfacemobappios OR user_mau.1503.topface OR user_mau.1503.standalonetf)",0
"2016-07-01 00:00:00","first_app:topface AND platform:vk","_exists_:(user_mau.1504.topfacemobappandroid OR user_mau.1504.topfacemobappios OR user_mau.1504.topface OR user_mau.1504.standalonetf)",0
"2016-07-01 00:00:00","first_app:topface AND platform:vk","_exists_:(user_mau.1505.topfacemobappandroid OR user_mau.1505.topfacemobappios OR user_mau.1505.topface OR user_mau.1505.standalonetf)",0
"2016-07-01 00:00:00","first_app:topface AND platform:vk","_exists_:(user_mau.1506.topfacemobappandroid OR user_mau.1506.topfacemobappios OR user_mau.1506.topface OR user_mau.1506.standalonetf)",0
"2016-07-01 00:00:00","first_app:topface AND platform:vk","_exists_:(user_mau.1507.topfacemobappandroid OR user_mau.1507.topfacemobappios OR user_mau.1507.topface OR user_mau.1507.standalonetf)",0
"2016-07-01 00:00:00","first_app:topface AND platform:vk","_exists_:(user_mau.1508.topfacemobappandroid OR user_mau.1508.topfacemobappios OR user_mau.1508.topface OR user_mau.1508.standalonetf)",0
"2016-07-01 00:00:00","first_app:topface AND platform:vk","_exists_:(user_mau.1509.topfacemobappandroid OR user_mau.1509.topfacemobappios OR user_mau.1509.topface OR user_mau.1509.standalonetf)",0
"2016-07-01 00:00:00","first_app:topface AND platform:vk","_exists_:(user_mau.1510.topfacemobappandroid OR user_mau.1510.topfacemobappios OR user_mau.1510.topface OR user_mau.1510.standalonetf)",0
"2016-07-01 00:00:00","first_app:topface AND platform:vk","_exists_:(user_mau.1511.topfacemobappandroid OR user_mau.1511.topfacemobappios OR user_mau.1511.topface OR user_mau.1511.standalonetf)",0
"2016-07-01 00:00:00","first_app:topface AND platform:vk","_exists_:(user_mau.1512.topfacemobappandroid OR user_mau.1512.topfacemobappios OR user_mau.1512.topface OR user_mau.1512.standalonetf)",0
"2016-07-01 00:00:00","first_app:topface AND platform:vk","_exists_:(user_mau.1601.topfacemobappandroid OR user_mau.1601.topfacemobappios OR user_mau.1601.topface OR user_mau.1601.standalonetf)",0
"2016-07-01 00:00:00","first_app:topface AND platform:vk","_exists_:(user_mau.1602.topfacemobappandroid OR user_mau.1602.topfacemobappios OR user_mau.1602.topface OR user_mau.1602.standalonetf)",0
"2016-07-01 00:00:00","first_app:topface AND platform:vk","_exists_:(user_mau.1603.topfacemobappandroid OR user_mau.1603.topfacemobappios OR user_mau.1603.topface OR user_mau.1603.standalonetf)",0
"2016-07-01 00:00:00","first_app:topface AND platform:vk","_exists_:(user_mau.1604.topfacemobappandroid OR user_mau.1604.topfacemobappios OR user_mau.1604.topface OR user_mau.1604.standalonetf)",0
"2016-07-01 00:00:00","first_app:topface AND platform:vk","_exists_:(user_mau.1605.topfacemobappandroid OR user_mau.1605.topfacemobappios OR user_mau.1605.topface OR user_mau.1605.standalonetf)",0
"2016-07-01 00:00:00","first_app:topface AND platform:vk","_exists_:(user_mau.1606.topfacemobappandroid OR user_mau.1606.topfacemobappios OR user_mau.1606.topface OR user_mau.1606.standalonetf)",0
"2016-07-01 00:00:00","first_app:topface AND platform:vk","_exists_:(user_mau.1607.topfacemobappandroid OR user_mau.1607.topfacemobappios OR user_mau.1607.topface OR user_mau.1607.standalonetf)",151
"2016-07-01 00:00:00","first_app:topface AND platform:vk","_exists_:(user_mau.1608.topfacemobappandroid OR user_mau.1608.topfacemobappios OR user_mau.1608.topface OR user_mau.1608.standalonetf)",61
"2016-07-01 00:00:00","first_app:topface AND platform:vk","_exists_:(user_mau.1609.topfacemobappandroid OR user_mau.1609.topfacemobappios OR user_mau.1609.topface OR user_mau.1609.standalonetf)",39
"2016-07-01 00:00:00","first_app:topface AND platform:vk","_exists_:(user_mau.1610.topfacemobappandroid OR user_mau.1610.topfacemobappios OR user_mau.1610.topface OR user_mau.1610.standalonetf)",35
"2016-07-01 00:00:00","first_app:topface AND platform:vk","_exists_:(user_mau.1611.topfacemobappandroid OR user_mau.1611.topfacemobappios OR user_mau.1611.topface OR user_mau.1611.standalonetf)",26
"2016-07-01 00:00:00","first_app:topface AND platform:vk","_exists_:(user_mau.1612.topfacemobappandroid OR user_mau.1612.topfacemobappios OR user_mau.1612.topface OR user_mau.1612.standalonetf)",20
"2016-07-01 00:00:00","first_app:topface AND platform:vk","_exists_:(user_mau.1701.topfacemobappandroid OR user_mau.1701.topfacemobappios OR user_mau.1701.topface OR user_mau.1701.standalonetf)",24
"2016-07-01 00:00:00","first_app:topface AND platform:vk","_exists_:(user_mau.1702.topfacemobappandroid OR user_mau.1702.topfacemobappios OR user_mau.1702.topface OR user_mau.1702.standalonetf)",15
"2016-07-01 00:00:00","first_app:topface AND platform:vk","_exists_:(user_mau.1703.topfacemobappandroid OR user_mau.1703.topfacemobappios OR user_mau.1703.topface OR user_mau.1703.standalonetf)",19
"2016-07-01 00:00:00","first_app:topface AND platform:vk","_exists_:(user_mau.1704.topfacemobappandroid OR user_mau.1704.topfacemobappios OR user_mau.1704.topface OR user_mau.1704.standalonetf)",18
"2016-07-01 00:00:00","first_app:topface AND platform:vk","_exists_:(user_mau.1705.topfacemobappandroid OR user_mau.1705.topfacemobappios OR user_mau.1705.topface OR user_mau.1705.standalonetf)",16
"2016-07-01 00:00:00","first_app:topface AND platform:vk","_exists_:(user_mau.1706.topfacemobappandroid OR user_mau.1706.topfacemobappios OR user_mau.1706.topface OR user_mau.1706.standalonetf)",16
"2016-07-01 00:00:00","first_app:topface AND platform:vk","_exists_:(user_mau.1707.topfacemobappandroid OR user_mau.1707.topfacemobappios OR user_mau.1707.topface OR user_mau.1707.standalonetf)",13
"2016-07-01 00:00:00","first_app:topface AND platform:vk","_exists_:(user_mau.1708.topfacemobappandroid OR user_mau.1708.topfacemobappios OR user_mau.1708.topface OR user_mau.1708.standalonetf)",16
"2016-07-01 00:00:00","first_app:topface AND platform:vk","_exists_:(user_mau.1709.topfacemobappandroid OR user_mau.1709.topfacemobappios OR user_mau.1709.topface OR user_mau.1709.standalonetf)",11
"2016-07-01 00:00:00","first_app:topface AND platform:vk","_exists_:(user_mau.1710.topfacemobappandroid OR user_mau.1710.topfacemobappios OR user_mau.1710.topface OR user_mau.1710.standalonetf)",12
"2016-07-01 00:00:00","first_app:topface AND platform:vk","_exists_:(user_mau.1711.topfacemobappandroid OR user_mau.1711.topfacemobappios OR user_mau.1711.topface OR user_mau.1711.standalonetf)",12
"2016-07-01 00:00:00","first_app:topface AND platform:vk","_exists_:(user_mau.1712.topfacemobappandroid OR user_mau.1712.topfacemobappios OR user_mau.1712.topface OR user_mau.1712.standalonetf)",9
"2016-07-01 00:00:00","first_app:topface AND platform:vk","_exists_:(user_mau.1801.topfacemobappandroid OR user_mau.1801.topfacemobappios OR user_mau.1801.topface OR user_mau.1801.standalonetf)",10
"2016-07-01 00:00:00","first_app:topface AND platform:vk","_exists_:(user_mau.1802.topfacemobappandroid OR user_mau.1802.topfacemobappios OR user_mau.1802.topface OR user_mau.1802.standalonetf)",10
"2016-07-01 00:00:00","first_app:topface AND platform:ok","*",20
"2016-07-01 00:00:00","first_app:topface AND platform:ok","_exists_:(user_mau.1501.topfacemobappandroid OR user_mau.1501.topfacemobappios OR user_mau.1501.topface OR user_mau.1501.standalonetf)",0
"2016-07-01 00:00:00","first_app:topface AND platform:ok","_exists_:(user_mau.1502.topfacemobappandroid OR user_mau.1502.topfacemobappios OR user_mau.1502.topface OR user_mau.1502.standalonetf)",0
"2016-07-01 00:00:00","first_app:topface AND platform:ok","_exists_:(user_mau.1503.topfacemobappandroid OR user_mau.1503.topfacemobappios OR user_mau.1503.topface OR user_mau.1503.standalonetf)",0
"2016-07-01 00:00:00","first_app:topface AND platform:ok","_exists_:(user_mau.1504.topfacemobappandroid OR user_mau.1504.topfacemobappios OR user_mau.1504.topface OR user_mau.1504.standalonetf)",0
"2016-07-01 00:00:00","first_app:topface AND platform:ok","_exists_:(user_mau.1505.topfacemobappandroid OR user_mau.1505.topfacemobappios OR user_mau.1505.topface OR user_mau.1505.standalonetf)",0
"2016-07-01 00:00:00","first_app:topface AND platform:ok","_exists_:(user_mau.1506.topfacemobappandroid OR user_mau.1506.topfacemobappios OR user_mau.1506.topface OR user_mau.1506.standalonetf)",0
"2016-07-01 00:00:00","first_app:topface AND platform:ok","_exists_:(user_mau.1507.topfacemobappandroid OR user_mau.1507.topfacemobappios OR user_mau.1507.topface OR user_mau.1507.standalonetf)",0
"2016-07-01 00:00:00","first_app:topface AND platform:ok","_exists_:(user_mau.1508.topfacemobappandroid OR user_mau.1508.topfacemobappios OR user_mau.1508.topface OR user_mau.1508.standalonetf)",0
"2016-07-01 00:00:00","first_app:topface AND platform:ok","_exists_:(user_mau.1509.topfacemobappandroid OR user_mau.1509.topfacemobappios OR user_mau.1509.topface OR user_mau.1509.standalonetf)",0
"2016-07-01 00:00:00","first_app:topface AND platform:ok","_exists_:(user_mau.1510.topfacemobappandroid OR user_mau.1510.topfacemobappios OR user_mau.1510.topface OR user_mau.1510.standalonetf)",0
"2016-07-01 00:00:00","first_app:topface AND platform:ok","_exists_:(user_mau.1511.topfacemobappandroid OR user_mau.1511.topfacemobappios OR user_mau.1511.topface OR user_mau.1511.standalonetf)",0
"2016-07-01 00:00:00","first_app:topface AND platform:ok","_exists_:(user_mau.1512.topfacemobappandroid OR user_mau.1512.topfacemobappios OR user_mau.1512.topface OR user_mau.1512.standalonetf)",0
"2016-07-01 00:00:00","first_app:topface AND platform:ok","_exists_:(user_mau.1601.topfacemobappandroid OR user_mau.1601.topfacemobappios OR user_mau.1601.topface OR user_mau.1601.standalonetf)",0
"2016-07-01 00:00:00","first_app:topface AND platform:ok","_exists_:(user_mau.1602.topfacemobappandroid OR user_mau.1602.topfacemobappios OR user_mau.1602.topface OR user_mau.1602.standalonetf)",0
"2016-07-01 00:00:00","first_app:topface AND platform:ok","_exists_:(user_mau.1603.topfacemobappandroid OR user_mau.1603.topfacemobappios OR user_mau.1603.topface OR user_mau.1603.standalonetf)",0
"2016-07-01 00:00:00","first_app:topface AND platform:ok","_exists_:(user_mau.1604.topfacemobappandroid OR user_mau.1604.topfacemobappios OR user_mau.1604.topface OR user_mau.1604.standalonetf)",0
"2016-07-01 00:00:00","first_app:topface AND platform:ok","_exists_:(user_mau.1605.topfacemobappandroid OR user_mau.1605.topfacemobappios OR user_mau.1605.topface OR user_mau.1605.standalonetf)",0
"2016-07-01 00:00:00","first_app:topface AND platform:ok","_exists_:(user_mau.1606.topfacemobappandroid OR user_mau.1606.topfacemobappios OR user_mau.1606.topface OR user_mau.1606.standalonetf)",0
"2016-07-01 00:00:00","first_app:topface AND platform:ok","_exists_:(user_mau.1607.topfacemobappandroid OR user_mau.1607.topfacemobappios OR user_mau.1607.topface OR user_mau.1607.standalonetf)",20
"2016-07-01 00:00:00","first_app:topface AND platform:ok","_exists_:(user_mau.1608.topfacemobappandroid OR user_mau.1608.topfacemobappios OR user_mau.1608.topface OR user_mau.1608.standalonetf)",8
"2016-07-01 00:00:00","first_app:topface AND platform:ok","_exists_:(user_mau.1609.topfacemobappandroid OR user_mau.1609.topfacemobappios OR user_mau.1609.topface OR user_mau.1609.standalonetf)",5
"2016-07-01 00:00:00","first_app:topface AND platform:ok","_exists_:(user_mau.1610.topfacemobappandroid OR user_mau.1610.topfacemobappios OR user_mau.1610.topface OR user_mau.1610.standalonetf)",5
"2016-07-01 00:00:00","first_app:topface AND platform:ok","_exists_:(user_mau.1611.topfacemobappandroid OR user_mau.1611.topfacemobappios OR user_mau.1611.topface OR user_mau.1611.standalonetf)",6
"2016-07-01 00:00:00","first_app:topface AND platform:ok","_exists_:(user_mau.1612.topfacemobappandroid OR user_mau.1612.topfacemobappios OR user_mau.1612.topface OR user_mau.1612.standalonetf)",5
"2016-07-01 00:00:00","first_app:topface AND platform:ok","_exists_:(user_mau.1701.topfacemobappandroid OR user_mau.1701.topfacemobappios OR user_mau.1701.topface OR user_mau.1701.standalonetf)",5
"2016-07-01 00:00:00","first_app:topface AND platform:ok","_exists_:(user_mau.1702.topfacemobappandroid OR user_mau.1702.topfacemobappios OR user_mau.1702.topface OR user_mau.1702.standalonetf)",4
"2016-07-01 00:00:00","first_app:topface AND platform:ok","_exists_:(user_mau.1703.topfacemobappandroid OR user_mau.1703.topfacemobappios OR user_mau.1703.topface OR user_mau.1703.standalonetf)",3
"2016-07-01 00:00:00","first_app:topface AND platform:ok","_exists_:(user_mau.1704.topfacemobappandroid OR user_mau.1704.topfacemobappios OR user_mau.1704.topface OR user_mau.1704.standalonetf)",3
"2016-07-01 00:00:00","first_app:topface AND platform:ok","_exists_:(user_mau.1705.topfacemobappandroid OR user_mau.1705.topfacemobappios OR user_mau.1705.topface OR user_mau.1705.standalonetf)",3
"2016-07-01 00:00:00","first_app:topface AND platform:ok","_exists_:(user_mau.1706.topfacemobappandroid OR user_mau.1706.topfacemobappios OR user_mau.1706.topface OR user_mau.1706.standalonetf)",1
"2016-07-01 00:00:00","first_app:topface AND platform:ok","_exists_:(user_mau.1707.topfacemobappandroid OR user_mau.1707.topfacemobappios OR user_mau.1707.topface OR user_mau.1707.standalonetf)",2
"2016-07-01 00:00:00","first_app:topface AND platform:ok","_exists_:(user_mau.1708.topfacemobappandroid OR user_mau.1708.topfacemobappios OR user_mau.1708.topface OR user_mau.1708.standalonetf)",1
"2016-07-01 00:00:00","first_app:topface AND platform:ok","_exists_:(user_mau.1709.topfacemobappandroid OR user_mau.1709.topfacemobappios OR user_mau.1709.topface OR user_mau.1709.standalonetf)",1
"2016-07-01 00:00:00","first_app:topface AND platform:ok","_exists_:(user_mau.1710.topfacemobappandroid OR user_mau.1710.topfacemobappios OR user_mau.1710.topface OR user_mau.1710.standalonetf)",1
"2016-07-01 00:00:00","first_app:topface AND platform:ok","_exists_:(user_mau.1711.topfacemobappandroid OR user_mau.1711.topfacemobappios OR user_mau.1711.topface OR user_mau.1711.standalonetf)",0
"2016-07-01 00:00:00","first_app:topface AND platform:ok","_exists_:(user_mau.1712.topfacemobappandroid OR user_mau.1712.topfacemobappios OR user_mau.1712.topface OR user_mau.1712.standalonetf)",0
"2016-07-01 00:00:00","first_app:topface AND platform:ok","_exists_:(user_mau.1801.topfacemobappandroid OR user_mau.1801.topfacemobappios OR user_mau.1801.topface OR user_mau.1801.standalonetf)",0
"2016-07-01 00:00:00","first_app:topface AND platform:ok","_exists_:(user_mau.1802.topfacemobappandroid OR user_mau.1802.topfacemobappios OR user_mau.1802.topface OR user_mau.1802.standalonetf)",1
"2016-07-01 00:00:00","first_app:topface AND platform:fb","*",75
"2016-07-01 00:00:00","first_app:topface AND platform:fb","_exists_:(user_mau.1501.topfacemobappandroid OR user_mau.1501.topfacemobappios OR user_mau.1501.topface OR user_mau.1501.standalonetf)",0
"2016-07-01 00:00:00","first_app:topface AND platform:fb","_exists_:(user_mau.1502.topfacemobappandroid OR user_mau.1502.topfacemobappios OR user_mau.1502.topface OR user_mau.1502.standalonetf)",0
"2016-07-01 00:00:00","first_app:topface AND platform:fb","_exists_:(user_mau.1503.topfacemobappandroid OR user_mau.1503.topfacemobappios OR user_mau.1503.topface OR user_mau.1503.standalonetf)",0
"2016-07-01 00:00:00","first_app:topface AND platform:fb","_exists_:(user_mau.1504.topfacemobappandroid OR user_mau.1504.topfacemobappios OR user_mau.1504.topface OR user_mau.1504.standalonetf)",0
"2016-07-01 00:00:00","first_app:topface AND platform:fb","_exists_:(user_mau.1505.topfacemobappandroid OR user_mau.1505.topfacemobappios OR user_mau.1505.topface OR user_mau.1505.standalonetf)",0
"2016-07-01 00:00:00","first_app:topface AND platform:fb","_exists_:(user_mau.1506.topfacemobappandroid OR user_mau.1506.topfacemobappios OR user_mau.1506.topface OR user_mau.1506.standalonetf)",0
"2016-07-01 00:00:00","first_app:topface AND platform:fb","_exists_:(user_mau.1507.topfacemobappandroid OR user_mau.1507.topfacemobappios OR user_mau.1507.topface OR user_mau.1507.standalonetf)",0
"2016-07-01 00:00:00","first_app:topface AND platform:fb","_exists_:(user_mau.1508.topfacemobappandroid OR user_mau.1508.topfacemobappios OR user_mau.1508.topface OR user_mau.1508.standalonetf)",0
"2016-07-01 00:00:00","first_app:topface AND platform:fb","_exists_:(user_mau.1509.topfacemobappandroid OR user_mau.1509.topfacemobappios OR user_mau.1509.topface OR user_mau.1509.standalonetf)",0
"2016-07-01 00:00:00","first_app:topface AND platform:fb","_exists_:(user_mau.1510.topfacemobappandroid OR user_mau.1510.topfacemobappios OR user_mau.1510.topface OR user_mau.1510.standalonetf)",0
"2016-07-01 00:00:00","first_app:topface AND platform:fb","_exists_:(user_mau.1511.topfacemobappandroid OR user_mau.1511.topfacemobappios OR user_mau.1511.topface OR user_mau.1511.standalonetf)",0
"2016-07-01 00:00:00","first_app:topface AND platform:fb","_exists_:(user_mau.1512.topfacemobappandroid OR user_mau.1512.topfacemobappios OR user_mau.1512.topface OR user_mau.1512.standalonetf)",0
"2016-07-01 00:00:00","first_app:topface AND platform:fb","_exists_:(user_mau.1601.topfacemobappandroid OR user_mau.1601.topfacemobappios OR user_mau.1601.topface OR user_mau.1601.standalonetf)",0
"2016-07-01 00:00:00","first_app:topface AND platform:fb","_exists_:(user_mau.1602.topfacemobappandroid OR user_mau.1602.topfacemobappios OR user_mau.1602.topface OR user_mau.1602.standalonetf)",0
"2016-07-01 00:00:00","first_app:topface AND platform:fb","_exists_:(user_mau.1603.topfacemobappandroid OR user_mau.1603.topfacemobappios OR user_mau.1603.topface OR user_mau.1603.standalonetf)",0
"2016-07-01 00:00:00","first_app:topface AND platform:fb","_exists_:(user_mau.1604.topfacemobappandroid OR user_mau.1604.topfacemobappios OR user_mau.1604.topface OR user_mau.1604.standalonetf)",0
"2016-07-01 00:00:00","first_app:topface AND platform:fb","_exists_:(user_mau.1605.topfacemobappandroid OR user_mau.1605.topfacemobappios OR user_mau.1605.topface OR user_mau.1605.standalonetf)",0
"2016-07-01 00:00:00","first_app:topface AND platform:fb","_exists_:(user_mau.1606.topfacemobappandroid OR user_mau.1606.topfacemobappios OR user_mau.1606.topface OR user_mau.1606.standalonetf)",0
"2016-07-01 00:00:00","first_app:topface AND platform:fb","_exists_:(user_mau.1607.topfacemobappandroid OR user_mau.1607.topfacemobappios OR user_mau.1607.topface OR user_mau.1607.standalonetf)",75
"2016-07-01 00:00:00","first_app:topface AND platform:fb","_exists_:(user_mau.1608.topfacemobappandroid OR user_mau.1608.topfacemobappios OR user_mau.1608.topface OR user_mau.1608.standalonetf)",13
"2016-07-01 00:00:00","first_app:topface AND platform:fb","_exists_:(user_mau.1609.topfacemobappandroid OR user_mau.1609.topfacemobappios OR user_mau.1609.topface OR user_mau.1609.standalonetf)",8
"2016-07-01 00:00:00","first_app:topface AND platform:fb","_exists_:(user_mau.1610.topfacemobappandroid OR user_mau.1610.topfacemobappios OR user_mau.1610.topface OR user_mau.1610.standalonetf)",4
"2016-07-01 00:00:00","first_app:topface AND platform:fb","_exists_:(user_mau.1611.topfacemobappandroid OR user_mau.1611.topfacemobappios OR user_mau.1611.topface OR user_mau.1611.standalonetf)",5
"2016-07-01 00:00:00","first_app:topface AND platform:fb","_exists_:(user_mau.1612.topfacemobappandroid OR user_mau.1612.topfacemobappios OR user_mau.1612.topface OR user_mau.1612.standalonetf)",0
"2016-07-01 00:00:00","first_app:topface AND platform:fb","_exists_:(user_mau.1701.topfacemobappandroid OR user_mau.1701.topfacemobappios OR user_mau.1701.topface OR user_mau.1701.standalonetf)",3
"2016-07-01 00:00:00","first_app:topface AND platform:fb","_exists_:(user_mau.1702.topfacemobappandroid OR user_mau.1702.topfacemobappios OR user_mau.1702.topface OR user_mau.1702.standalonetf)",2
"2016-07-01 00:00:00","first_app:topface AND platform:fb","_exists_:(user_mau.1703.topfacemobappandroid OR user_mau.1703.topfacemobappios OR user_mau.1703.topface OR user_mau.1703.standalonetf)",3
"2016-07-01 00:00:00","first_app:topface AND platform:fb","_exists_:(user_mau.1704.topfacemobappandroid OR user_mau.1704.topfacemobappios OR user_mau.1704.topface OR user_mau.1704.standalonetf)",2
"2016-07-01 00:00:00","first_app:topface AND platform:fb","_exists_:(user_mau.1705.topfacemobappandroid OR user_mau.1705.topfacemobappios OR user_mau.1705.topface OR user_mau.1705.standalonetf)",3
"2016-07-01 00:00:00","first_app:topface AND platform:fb","_exists_:(user_mau.1706.topfacemobappandroid OR user_mau.1706.topfacemobappios OR user_mau.1706.topface OR user_mau.1706.standalonetf)",3
"2016-07-01 00:00:00","first_app:topface AND platform:fb","_exists_:(user_mau.1707.topfacemobappandroid OR user_mau.1707.topfacemobappios OR user_mau.1707.topface OR user_mau.1707.standalonetf)",2
"2016-07-01 00:00:00","first_app:topface AND platform:fb","_exists_:(user_mau.1708.topfacemobappandroid OR user_mau.1708.topfacemobappios OR user_mau.1708.topface OR user_mau.1708.standalonetf)",4
"2016-07-01 00:00:00","first_app:topface AND platform:fb","_exists_:(user_mau.1709.topfacemobappandroid OR user_mau.1709.topfacemobappios OR user_mau.1709.topface OR user_mau.1709.standalonetf)",3
"2016-07-01 00:00:00","first_app:topface AND platform:fb","_exists_:(user_mau.1710.topfacemobappandroid OR user_mau.1710.topfacemobappios OR user_mau.1710.topface OR user_mau.1710.standalonetf)",4
"2016-07-01 00:00:00","first_app:topface AND platform:fb","_exists_:(user_mau.1711.topfacemobappandroid OR user_mau.1711.topfacemobappios OR user_mau.1711.topface OR user_mau.1711.standalonetf)",5
"2016-07-01 00:00:00","first_app:topface AND platform:fb","_exists_:(user_mau.1712.topfacemobappandroid OR user_mau.1712.topfacemobappios OR user_mau.1712.topface OR user_mau.1712.standalonetf)",2
"2016-07-01 00:00:00","first_app:topface AND platform:fb","_exists_:(user_mau.1801.topfacemobappandroid OR user_mau.1801.topfacemobappios OR user_mau.1801.topface OR user_mau.1801.standalonetf)",1
"2016-07-01 00:00:00","first_app:topface AND platform:fb","_exists_:(user_mau.1802.topfacemobappandroid OR user_mau.1802.topfacemobappios OR user_mau.1802.topface OR user_mau.1802.standalonetf)",0
"2016-08-01 00:00:00","first_app:topfacemobappandroid","*","67,549"
"2016-08-01 00:00:00","first_app:topfacemobappandroid","_exists_:(user_mau.1501.topfacemobappandroid OR user_mau.1501.topfacemobappios OR user_mau.1501.topface OR user_mau.1501.standalonetf)",0
"2016-08-01 00:00:00","first_app:topfacemobappandroid","_exists_:(user_mau.1502.topfacemobappandroid OR user_mau.1502.topfacemobappios OR user_mau.1502.topface OR user_mau.1502.standalonetf)",0
"2016-08-01 00:00:00","first_app:topfacemobappandroid","_exists_:(user_mau.1503.topfacemobappandroid OR user_mau.1503.topfacemobappios OR user_mau.1503.topface OR user_mau.1503.standalonetf)",0
"2016-08-01 00:00:00","first_app:topfacemobappandroid","_exists_:(user_mau.1504.topfacemobappandroid OR user_mau.1504.topfacemobappios OR user_mau.1504.topface OR user_mau.1504.standalonetf)",0
"2016-08-01 00:00:00","first_app:topfacemobappandroid","_exists_:(user_mau.1505.topfacemobappandroid OR user_mau.1505.topfacemobappios OR user_mau.1505.topface OR user_mau.1505.standalonetf)",0
"2016-08-01 00:00:00","first_app:topfacemobappandroid","_exists_:(user_mau.1506.topfacemobappandroid OR user_mau.1506.topfacemobappios OR user_mau.1506.topface OR user_mau.1506.standalonetf)",0
"2016-08-01 00:00:00","first_app:topfacemobappandroid","_exists_:(user_mau.1507.topfacemobappandroid OR user_mau.1507.topfacemobappios OR user_mau.1507.topface OR user_mau.1507.standalonetf)",0
"2016-08-01 00:00:00","first_app:topfacemobappandroid","_exists_:(user_mau.1508.topfacemobappandroid OR user_mau.1508.topfacemobappios OR user_mau.1508.topface OR user_mau.1508.standalonetf)",0
"2016-08-01 00:00:00","first_app:topfacemobappandroid","_exists_:(user_mau.1509.topfacemobappandroid OR user_mau.1509.topfacemobappios OR user_mau.1509.topface OR user_mau.1509.standalonetf)",0
"2016-08-01 00:00:00","first_app:topfacemobappandroid","_exists_:(user_mau.1510.topfacemobappandroid OR user_mau.1510.topfacemobappios OR user_mau.1510.topface OR user_mau.1510.standalonetf)",0
"2016-08-01 00:00:00","first_app:topfacemobappandroid","_exists_:(user_mau.1511.topfacemobappandroid OR user_mau.1511.topfacemobappios OR user_mau.1511.topface OR user_mau.1511.standalonetf)",0
"2016-08-01 00:00:00","first_app:topfacemobappandroid","_exists_:(user_mau.1512.topfacemobappandroid OR user_mau.1512.topfacemobappios OR user_mau.1512.topface OR user_mau.1512.standalonetf)",0
"2016-08-01 00:00:00","first_app:topfacemobappandroid","_exists_:(user_mau.1601.topfacemobappandroid OR user_mau.1601.topfacemobappios OR user_mau.1601.topface OR user_mau.1601.standalonetf)",0
"2016-08-01 00:00:00","first_app:topfacemobappandroid","_exists_:(user_mau.1602.topfacemobappandroid OR user_mau.1602.topfacemobappios OR user_mau.1602.topface OR user_mau.1602.standalonetf)",0
"2016-08-01 00:00:00","first_app:topfacemobappandroid","_exists_:(user_mau.1603.topfacemobappandroid OR user_mau.1603.topfacemobappios OR user_mau.1603.topface OR user_mau.1603.standalonetf)",0
"2016-08-01 00:00:00","first_app:topfacemobappandroid","_exists_:(user_mau.1604.topfacemobappandroid OR user_mau.1604.topfacemobappios OR user_mau.1604.topface OR user_mau.1604.standalonetf)",0
"2016-08-01 00:00:00","first_app:topfacemobappandroid","_exists_:(user_mau.1605.topfacemobappandroid OR user_mau.1605.topfacemobappios OR user_mau.1605.topface OR user_mau.1605.standalonetf)",0
"2016-08-01 00:00:00","first_app:topfacemobappandroid","_exists_:(user_mau.1606.topfacemobappandroid OR user_mau.1606.topfacemobappios OR user_mau.1606.topface OR user_mau.1606.standalonetf)",0
"2016-08-01 00:00:00","first_app:topfacemobappandroid","_exists_:(user_mau.1607.topfacemobappandroid OR user_mau.1607.topfacemobappios OR user_mau.1607.topface OR user_mau.1607.standalonetf)",0
"2016-08-01 00:00:00","first_app:topfacemobappandroid","_exists_:(user_mau.1608.topfacemobappandroid OR user_mau.1608.topfacemobappios OR user_mau.1608.topface OR user_mau.1608.standalonetf)","67,549"
"2016-08-01 00:00:00","first_app:topfacemobappandroid","_exists_:(user_mau.1609.topfacemobappandroid OR user_mau.1609.topfacemobappios OR user_mau.1609.topface OR user_mau.1609.standalonetf)","18,645"
"2016-08-01 00:00:00","first_app:topfacemobappandroid","_exists_:(user_mau.1610.topfacemobappandroid OR user_mau.1610.topfacemobappios OR user_mau.1610.topface OR user_mau.1610.standalonetf)","10,597"
"2016-08-01 00:00:00","first_app:topfacemobappandroid","_exists_:(user_mau.1611.topfacemobappandroid OR user_mau.1611.topfacemobappios OR user_mau.1611.topface OR user_mau.1611.standalonetf)","6,390"
"2016-08-01 00:00:00","first_app:topfacemobappandroid","_exists_:(user_mau.1612.topfacemobappandroid OR user_mau.1612.topfacemobappios OR user_mau.1612.topface OR user_mau.1612.standalonetf)","5,124"
"2016-08-01 00:00:00","first_app:topfacemobappandroid","_exists_:(user_mau.1701.topfacemobappandroid OR user_mau.1701.topfacemobappios OR user_mau.1701.topface OR user_mau.1701.standalonetf)","4,415"
"2016-08-01 00:00:00","first_app:topfacemobappandroid","_exists_:(user_mau.1702.topfacemobappandroid OR user_mau.1702.topfacemobappios OR user_mau.1702.topface OR user_mau.1702.standalonetf)","3,762"
"2016-08-01 00:00:00","first_app:topfacemobappandroid","_exists_:(user_mau.1703.topfacemobappandroid OR user_mau.1703.topfacemobappios OR user_mau.1703.topface OR user_mau.1703.standalonetf)","3,658"
"2016-08-01 00:00:00","first_app:topfacemobappandroid","_exists_:(user_mau.1704.topfacemobappandroid OR user_mau.1704.topfacemobappios OR user_mau.1704.topface OR user_mau.1704.standalonetf)","3,223"
"2016-08-01 00:00:00","first_app:topfacemobappandroid","_exists_:(user_mau.1705.topfacemobappandroid OR user_mau.1705.topfacemobappios OR user_mau.1705.topface OR user_mau.1705.standalonetf)","2,998"
"2016-08-01 00:00:00","first_app:topfacemobappandroid","_exists_:(user_mau.1706.topfacemobappandroid OR user_mau.1706.topfacemobappios OR user_mau.1706.topface OR user_mau.1706.standalonetf)","2,784"
"2016-08-01 00:00:00","first_app:topfacemobappandroid","_exists_:(user_mau.1707.topfacemobappandroid OR user_mau.1707.topfacemobappios OR user_mau.1707.topface OR user_mau.1707.standalonetf)","2,431"
"2016-08-01 00:00:00","first_app:topfacemobappandroid","_exists_:(user_mau.1708.topfacemobappandroid OR user_mau.1708.topfacemobappios OR user_mau.1708.topface OR user_mau.1708.standalonetf)","2,645"
"2016-08-01 00:00:00","first_app:topfacemobappandroid","_exists_:(user_mau.1709.topfacemobappandroid OR user_mau.1709.topfacemobappios OR user_mau.1709.topface OR user_mau.1709.standalonetf)","2,353"
"2016-08-01 00:00:00","first_app:topfacemobappandroid","_exists_:(user_mau.1710.topfacemobappandroid OR user_mau.1710.topfacemobappios OR user_mau.1710.topface OR user_mau.1710.standalonetf)","2,296"
"2016-08-01 00:00:00","first_app:topfacemobappandroid","_exists_:(user_mau.1711.topfacemobappandroid OR user_mau.1711.topfacemobappios OR user_mau.1711.topface OR user_mau.1711.standalonetf)","2,047"
"2016-08-01 00:00:00","first_app:topfacemobappandroid","_exists_:(user_mau.1712.topfacemobappandroid OR user_mau.1712.topfacemobappios OR user_mau.1712.topface OR user_mau.1712.standalonetf)","1,764"
"2016-08-01 00:00:00","first_app:topfacemobappandroid","_exists_:(user_mau.1801.topfacemobappandroid OR user_mau.1801.topfacemobappios OR user_mau.1801.topface OR user_mau.1801.standalonetf)","1,503"
"2016-08-01 00:00:00","first_app:topfacemobappandroid","_exists_:(user_mau.1802.topfacemobappandroid OR user_mau.1802.topfacemobappios OR user_mau.1802.topface OR user_mau.1802.standalonetf)","1,290"
"2016-08-01 00:00:00","first_app:topfacemobappios","*","10,093"
"2016-08-01 00:00:00","first_app:topfacemobappios","_exists_:(user_mau.1501.topfacemobappandroid OR user_mau.1501.topfacemobappios OR user_mau.1501.topface OR user_mau.1501.standalonetf)",0
"2016-08-01 00:00:00","first_app:topfacemobappios","_exists_:(user_mau.1502.topfacemobappandroid OR user_mau.1502.topfacemobappios OR user_mau.1502.topface OR user_mau.1502.standalonetf)",0
"2016-08-01 00:00:00","first_app:topfacemobappios","_exists_:(user_mau.1503.topfacemobappandroid OR user_mau.1503.topfacemobappios OR user_mau.1503.topface OR user_mau.1503.standalonetf)",0
"2016-08-01 00:00:00","first_app:topfacemobappios","_exists_:(user_mau.1504.topfacemobappandroid OR user_mau.1504.topfacemobappios OR user_mau.1504.topface OR user_mau.1504.standalonetf)",0
"2016-08-01 00:00:00","first_app:topfacemobappios","_exists_:(user_mau.1505.topfacemobappandroid OR user_mau.1505.topfacemobappios OR user_mau.1505.topface OR user_mau.1505.standalonetf)",0
"2016-08-01 00:00:00","first_app:topfacemobappios","_exists_:(user_mau.1506.topfacemobappandroid OR user_mau.1506.topfacemobappios OR user_mau.1506.topface OR user_mau.1506.standalonetf)",0
"2016-08-01 00:00:00","first_app:topfacemobappios","_exists_:(user_mau.1507.topfacemobappandroid OR user_mau.1507.topfacemobappios OR user_mau.1507.topface OR user_mau.1507.standalonetf)",0
"2016-08-01 00:00:00","first_app:topfacemobappios","_exists_:(user_mau.1508.topfacemobappandroid OR user_mau.1508.topfacemobappios OR user_mau.1508.topface OR user_mau.1508.standalonetf)",0
"2016-08-01 00:00:00","first_app:topfacemobappios","_exists_:(user_mau.1509.topfacemobappandroid OR user_mau.1509.topfacemobappios OR user_mau.1509.topface OR user_mau.1509.standalonetf)",0
"2016-08-01 00:00:00","first_app:topfacemobappios","_exists_:(user_mau.1510.topfacemobappandroid OR user_mau.1510.topfacemobappios OR user_mau.1510.topface OR user_mau.1510.standalonetf)",0
"2016-08-01 00:00:00","first_app:topfacemobappios","_exists_:(user_mau.1511.topfacemobappandroid OR user_mau.1511.topfacemobappios OR user_mau.1511.topface OR user_mau.1511.standalonetf)",0
"2016-08-01 00:00:00","first_app:topfacemobappios","_exists_:(user_mau.1512.topfacemobappandroid OR user_mau.1512.topfacemobappios OR user_mau.1512.topface OR user_mau.1512.standalonetf)",0
"2016-08-01 00:00:00","first_app:topfacemobappios","_exists_:(user_mau.1601.topfacemobappandroid OR user_mau.1601.topfacemobappios OR user_mau.1601.topface OR user_mau.1601.standalonetf)",0
"2016-08-01 00:00:00","first_app:topfacemobappios","_exists_:(user_mau.1602.topfacemobappandroid OR user_mau.1602.topfacemobappios OR user_mau.1602.topface OR user_mau.1602.standalonetf)",0
"2016-08-01 00:00:00","first_app:topfacemobappios","_exists_:(user_mau.1603.topfacemobappandroid OR user_mau.1603.topfacemobappios OR user_mau.1603.topface OR user_mau.1603.standalonetf)",0
"2016-08-01 00:00:00","first_app:topfacemobappios","_exists_:(user_mau.1604.topfacemobappandroid OR user_mau.1604.topfacemobappios OR user_mau.1604.topface OR user_mau.1604.standalonetf)",0
"2016-08-01 00:00:00","first_app:topfacemobappios","_exists_:(user_mau.1605.topfacemobappandroid OR user_mau.1605.topfacemobappios OR user_mau.1605.topface OR user_mau.1605.standalonetf)",0
"2016-08-01 00:00:00","first_app:topfacemobappios","_exists_:(user_mau.1606.topfacemobappandroid OR user_mau.1606.topfacemobappios OR user_mau.1606.topface OR user_mau.1606.standalonetf)",0
"2016-08-01 00:00:00","first_app:topfacemobappios","_exists_:(user_mau.1607.topfacemobappandroid OR user_mau.1607.topfacemobappios OR user_mau.1607.topface OR user_mau.1607.standalonetf)",0
"2016-08-01 00:00:00","first_app:topfacemobappios","_exists_:(user_mau.1608.topfacemobappandroid OR user_mau.1608.topfacemobappios OR user_mau.1608.topface OR user_mau.1608.standalonetf)","10,093"
"2016-08-01 00:00:00","first_app:topfacemobappios","_exists_:(user_mau.1609.topfacemobappandroid OR user_mau.1609.topfacemobappios OR user_mau.1609.topface OR user_mau.1609.standalonetf)","2,096"
"2016-08-01 00:00:00","first_app:topfacemobappios","_exists_:(user_mau.1610.topfacemobappandroid OR user_mau.1610.topfacemobappios OR user_mau.1610.topface OR user_mau.1610.standalonetf)",987
"2016-08-01 00:00:00","first_app:topfacemobappios","_exists_:(user_mau.1611.topfacemobappandroid OR user_mau.1611.topfacemobappios OR user_mau.1611.topface OR user_mau.1611.standalonetf)",611
"2016-08-01 00:00:00","first_app:topfacemobappios","_exists_:(user_mau.1612.topfacemobappandroid OR user_mau.1612.topfacemobappios OR user_mau.1612.topface OR user_mau.1612.standalonetf)",468
"2016-08-01 00:00:00","first_app:topfacemobappios","_exists_:(user_mau.1701.topfacemobappandroid OR user_mau.1701.topfacemobappios OR user_mau.1701.topface OR user_mau.1701.standalonetf)",410
"2016-08-01 00:00:00","first_app:topfacemobappios","_exists_:(user_mau.1702.topfacemobappandroid OR user_mau.1702.topfacemobappios OR user_mau.1702.topface OR user_mau.1702.standalonetf)",345
"2016-08-01 00:00:00","first_app:topfacemobappios","_exists_:(user_mau.1703.topfacemobappandroid OR user_mau.1703.topfacemobappios OR user_mau.1703.topface OR user_mau.1703.standalonetf)",392
"2016-08-01 00:00:00","first_app:topfacemobappios","_exists_:(user_mau.1704.topfacemobappandroid OR user_mau.1704.topfacemobappios OR user_mau.1704.topface OR user_mau.1704.standalonetf)",264
"2016-08-01 00:00:00","first_app:topfacemobappios","_exists_:(user_mau.1705.topfacemobappandroid OR user_mau.1705.topfacemobappios OR user_mau.1705.topface OR user_mau.1705.standalonetf)",260
"2016-08-01 00:00:00","first_app:topfacemobappios","_exists_:(user_mau.1706.topfacemobappandroid OR user_mau.1706.topfacemobappios OR user_mau.1706.topface OR user_mau.1706.standalonetf)",249
"2016-08-01 00:00:00","first_app:topfacemobappios","_exists_:(user_mau.1707.topfacemobappandroid OR user_mau.1707.topfacemobappios OR user_mau.1707.topface OR user_mau.1707.standalonetf)",199
"2016-08-01 00:00:00","first_app:topfacemobappios","_exists_:(user_mau.1708.topfacemobappandroid OR user_mau.1708.topfacemobappios OR user_mau.1708.topface OR user_mau.1708.standalonetf)",255
"2016-08-01 00:00:00","first_app:topfacemobappios","_exists_:(user_mau.1709.topfacemobappandroid OR user_mau.1709.topfacemobappios OR user_mau.1709.topface OR user_mau.1709.standalonetf)",202
"2016-08-01 00:00:00","first_app:topfacemobappios","_exists_:(user_mau.1710.topfacemobappandroid OR user_mau.1710.topfacemobappios OR user_mau.1710.topface OR user_mau.1710.standalonetf)",219
"2016-08-01 00:00:00","first_app:topfacemobappios","_exists_:(user_mau.1711.topfacemobappandroid OR user_mau.1711.topfacemobappios OR user_mau.1711.topface OR user_mau.1711.standalonetf)",203
"2016-08-01 00:00:00","first_app:topfacemobappios","_exists_:(user_mau.1712.topfacemobappandroid OR user_mau.1712.topfacemobappios OR user_mau.1712.topface OR user_mau.1712.standalonetf)",189
"2016-08-01 00:00:00","first_app:topfacemobappios","_exists_:(user_mau.1801.topfacemobappandroid OR user_mau.1801.topfacemobappios OR user_mau.1801.topface OR user_mau.1801.standalonetf)",159
"2016-08-01 00:00:00","first_app:topfacemobappios","_exists_:(user_mau.1802.topfacemobappandroid OR user_mau.1802.topfacemobappios OR user_mau.1802.topface OR user_mau.1802.standalonetf)",129
"2016-08-01 00:00:00","first_app:standalonetf","*","3,943"
"2016-08-01 00:00:00","first_app:standalonetf","_exists_:(user_mau.1501.topfacemobappandroid OR user_mau.1501.topfacemobappios OR user_mau.1501.topface OR user_mau.1501.standalonetf)",0
"2016-08-01 00:00:00","first_app:standalonetf","_exists_:(user_mau.1502.topfacemobappandroid OR user_mau.1502.topfacemobappios OR user_mau.1502.topface OR user_mau.1502.standalonetf)",0
"2016-08-01 00:00:00","first_app:standalonetf","_exists_:(user_mau.1503.topfacemobappandroid OR user_mau.1503.topfacemobappios OR user_mau.1503.topface OR user_mau.1503.standalonetf)",0
"2016-08-01 00:00:00","first_app:standalonetf","_exists_:(user_mau.1504.topfacemobappandroid OR user_mau.1504.topfacemobappios OR user_mau.1504.topface OR user_mau.1504.standalonetf)",0
"2016-08-01 00:00:00","first_app:standalonetf","_exists_:(user_mau.1505.topfacemobappandroid OR user_mau.1505.topfacemobappios OR user_mau.1505.topface OR user_mau.1505.standalonetf)",0
"2016-08-01 00:00:00","first_app:standalonetf","_exists_:(user_mau.1506.topfacemobappandroid OR user_mau.1506.topfacemobappios OR user_mau.1506.topface OR user_mau.1506.standalonetf)",0
"2016-08-01 00:00:00","first_app:standalonetf","_exists_:(user_mau.1507.topfacemobappandroid OR user_mau.1507.topfacemobappios OR user_mau.1507.topface OR user_mau.1507.standalonetf)",0
"2016-08-01 00:00:00","first_app:standalonetf","_exists_:(user_mau.1508.topfacemobappandroid OR user_mau.1508.topfacemobappios OR user_mau.1508.topface OR user_mau.1508.standalonetf)",0
"2016-08-01 00:00:00","first_app:standalonetf","_exists_:(user_mau.1509.topfacemobappandroid OR user_mau.1509.topfacemobappios OR user_mau.1509.topface OR user_mau.1509.standalonetf)",0
"2016-08-01 00:00:00","first_app:standalonetf","_exists_:(user_mau.1510.topfacemobappandroid OR user_mau.1510.topfacemobappios OR user_mau.1510.topface OR user_mau.1510.standalonetf)",0
"2016-08-01 00:00:00","first_app:standalonetf","_exists_:(user_mau.1511.topfacemobappandroid OR user_mau.1511.topfacemobappios OR user_mau.1511.topface OR user_mau.1511.standalonetf)",0
"2016-08-01 00:00:00","first_app:standalonetf","_exists_:(user_mau.1512.topfacemobappandroid OR user_mau.1512.topfacemobappios OR user_mau.1512.topface OR user_mau.1512.standalonetf)",0
"2016-08-01 00:00:00","first_app:standalonetf","_exists_:(user_mau.1601.topfacemobappandroid OR user_mau.1601.topfacemobappios OR user_mau.1601.topface OR user_mau.1601.standalonetf)",0
"2016-08-01 00:00:00","first_app:standalonetf","_exists_:(user_mau.1602.topfacemobappandroid OR user_mau.1602.topfacemobappios OR user_mau.1602.topface OR user_mau.1602.standalonetf)",0
"2016-08-01 00:00:00","first_app:standalonetf","_exists_:(user_mau.1603.topfacemobappandroid OR user_mau.1603.topfacemobappios OR user_mau.1603.topface OR user_mau.1603.standalonetf)",0
"2016-08-01 00:00:00","first_app:standalonetf","_exists_:(user_mau.1604.topfacemobappandroid OR user_mau.1604.topfacemobappios OR user_mau.1604.topface OR user_mau.1604.standalonetf)",0
"2016-08-01 00:00:00","first_app:standalonetf","_exists_:(user_mau.1605.topfacemobappandroid OR user_mau.1605.topfacemobappios OR user_mau.1605.topface OR user_mau.1605.standalonetf)",0
"2016-08-01 00:00:00","first_app:standalonetf","_exists_:(user_mau.1606.topfacemobappandroid OR user_mau.1606.topfacemobappios OR user_mau.1606.topface OR user_mau.1606.standalonetf)",0
"2016-08-01 00:00:00","first_app:standalonetf","_exists_:(user_mau.1607.topfacemobappandroid OR user_mau.1607.topfacemobappios OR user_mau.1607.topface OR user_mau.1607.standalonetf)",0
"2016-08-01 00:00:00","first_app:standalonetf","_exists_:(user_mau.1608.topfacemobappandroid OR user_mau.1608.topfacemobappios OR user_mau.1608.topface OR user_mau.1608.standalonetf)","3,677"
"2016-08-01 00:00:00","first_app:standalonetf","_exists_:(user_mau.1609.topfacemobappandroid OR user_mau.1609.topfacemobappios OR user_mau.1609.topface OR user_mau.1609.standalonetf)",803
"2016-08-01 00:00:00","first_app:standalonetf","_exists_:(user_mau.1610.topfacemobappandroid OR user_mau.1610.topfacemobappios OR user_mau.1610.topface OR user_mau.1610.standalonetf)",494
"2016-08-01 00:00:00","first_app:standalonetf","_exists_:(user_mau.1611.topfacemobappandroid OR user_mau.1611.topfacemobappios OR user_mau.1611.topface OR user_mau.1611.standalonetf)",386
"2016-08-01 00:00:00","first_app:standalonetf","_exists_:(user_mau.1612.topfacemobappandroid OR user_mau.1612.topfacemobappios OR user_mau.1612.topface OR user_mau.1612.standalonetf)",323
"2016-08-01 00:00:00","first_app:standalonetf","_exists_:(user_mau.1701.topfacemobappandroid OR user_mau.1701.topfacemobappios OR user_mau.1701.topface OR user_mau.1701.standalonetf)",314
"2016-08-01 00:00:00","first_app:standalonetf","_exists_:(user_mau.1702.topfacemobappandroid OR user_mau.1702.topfacemobappios OR user_mau.1702.topface OR user_mau.1702.standalonetf)",250
"2016-08-01 00:00:00","first_app:standalonetf","_exists_:(user_mau.1703.topfacemobappandroid OR user_mau.1703.topfacemobappios OR user_mau.1703.topface OR user_mau.1703.standalonetf)",271
"2016-08-01 00:00:00","first_app:standalonetf","_exists_:(user_mau.1704.topfacemobappandroid OR user_mau.1704.topfacemobappios OR user_mau.1704.topface OR user_mau.1704.standalonetf)",219
"2016-08-01 00:00:00","first_app:standalonetf","_exists_:(user_mau.1705.topfacemobappandroid OR user_mau.1705.topfacemobappios OR user_mau.1705.topface OR user_mau.1705.standalonetf)",232
"2016-08-01 00:00:00","first_app:standalonetf","_exists_:(user_mau.1706.topfacemobappandroid OR user_mau.1706.topfacemobappios OR user_mau.1706.topface OR user_mau.1706.standalonetf)",176
"2016-08-01 00:00:00","first_app:standalonetf","_exists_:(user_mau.1707.topfacemobappandroid OR user_mau.1707.topfacemobappios OR user_mau.1707.topface OR user_mau.1707.standalonetf)",171
"2016-08-01 00:00:00","first_app:standalonetf","_exists_:(user_mau.1708.topfacemobappandroid OR user_mau.1708.topfacemobappios OR user_mau.1708.topface OR user_mau.1708.standalonetf)",188
"2016-08-01 00:00:00","first_app:standalonetf","_exists_:(user_mau.1709.topfacemobappandroid OR user_mau.1709.topfacemobappios OR user_mau.1709.topface OR user_mau.1709.standalonetf)",159
"2016-08-01 00:00:00","first_app:standalonetf","_exists_:(user_mau.1710.topfacemobappandroid OR user_mau.1710.topfacemobappios OR user_mau.1710.topface OR user_mau.1710.standalonetf)",167
"2016-08-01 00:00:00","first_app:standalonetf","_exists_:(user_mau.1711.topfacemobappandroid OR user_mau.1711.topfacemobappios OR user_mau.1711.topface OR user_mau.1711.standalonetf)",145
"2016-08-01 00:00:00","first_app:standalonetf","_exists_:(user_mau.1712.topfacemobappandroid OR user_mau.1712.topfacemobappios OR user_mau.1712.topface OR user_mau.1712.standalonetf)",144
"2016-08-01 00:00:00","first_app:standalonetf","_exists_:(user_mau.1801.topfacemobappandroid OR user_mau.1801.topfacemobappios OR user_mau.1801.topface OR user_mau.1801.standalonetf)",137
"2016-08-01 00:00:00","first_app:standalonetf","_exists_:(user_mau.1802.topfacemobappandroid OR user_mau.1802.topfacemobappios OR user_mau.1802.topface OR user_mau.1802.standalonetf)",114
"2016-08-01 00:00:00","first_app:topface AND platform:vk","*",114
"2016-08-01 00:00:00","first_app:topface AND platform:vk","_exists_:(user_mau.1501.topfacemobappandroid OR user_mau.1501.topfacemobappios OR user_mau.1501.topface OR user_mau.1501.standalonetf)",0
"2016-08-01 00:00:00","first_app:topface AND platform:vk","_exists_:(user_mau.1502.topfacemobappandroid OR user_mau.1502.topfacemobappios OR user_mau.1502.topface OR user_mau.1502.standalonetf)",0
"2016-08-01 00:00:00","first_app:topface AND platform:vk","_exists_:(user_mau.1503.topfacemobappandroid OR user_mau.1503.topfacemobappios OR user_mau.1503.topface OR user_mau.1503.standalonetf)",0
"2016-08-01 00:00:00","first_app:topface AND platform:vk","_exists_:(user_mau.1504.topfacemobappandroid OR user_mau.1504.topfacemobappios OR user_mau.1504.topface OR user_mau.1504.standalonetf)",0
"2016-08-01 00:00:00","first_app:topface AND platform:vk","_exists_:(user_mau.1505.topfacemobappandroid OR user_mau.1505.topfacemobappios OR user_mau.1505.topface OR user_mau.1505.standalonetf)",0
"2016-08-01 00:00:00","first_app:topface AND platform:vk","_exists_:(user_mau.1506.topfacemobappandroid OR user_mau.1506.topfacemobappios OR user_mau.1506.topface OR user_mau.1506.standalonetf)",0
"2016-08-01 00:00:00","first_app:topface AND platform:vk","_exists_:(user_mau.1507.topfacemobappandroid OR user_mau.1507.topfacemobappios OR user_mau.1507.topface OR user_mau.1507.standalonetf)",0
"2016-08-01 00:00:00","first_app:topface AND platform:vk","_exists_:(user_mau.1508.topfacemobappandroid OR user_mau.1508.topfacemobappios OR user_mau.1508.topface OR user_mau.1508.standalonetf)",0
"2016-08-01 00:00:00","first_app:topface AND platform:vk","_exists_:(user_mau.1509.topfacemobappandroid OR user_mau.1509.topfacemobappios OR user_mau.1509.topface OR user_mau.1509.standalonetf)",0
"2016-08-01 00:00:00","first_app:topface AND platform:vk","_exists_:(user_mau.1510.topfacemobappandroid OR user_mau.1510.topfacemobappios OR user_mau.1510.topface OR user_mau.1510.standalonetf)",0
"2016-08-01 00:00:00","first_app:topface AND platform:vk","_exists_:(user_mau.1511.topfacemobappandroid OR user_mau.1511.topfacemobappios OR user_mau.1511.topface OR user_mau.1511.standalonetf)",0
"2016-08-01 00:00:00","first_app:topface AND platform:vk","_exists_:(user_mau.1512.topfacemobappandroid OR user_mau.1512.topfacemobappios OR user_mau.1512.topface OR user_mau.1512.standalonetf)",0
"2016-08-01 00:00:00","first_app:topface AND platform:vk","_exists_:(user_mau.1601.topfacemobappandroid OR user_mau.1601.topfacemobappios OR user_mau.1601.topface OR user_mau.1601.standalonetf)",0
"2016-08-01 00:00:00","first_app:topface AND platform:vk","_exists_:(user_mau.1602.topfacemobappandroid OR user_mau.1602.topfacemobappios OR user_mau.1602.topface OR user_mau.1602.standalonetf)",0
"2016-08-01 00:00:00","first_app:topface AND platform:vk","_exists_:(user_mau.1603.topfacemobappandroid OR user_mau.1603.topfacemobappios OR user_mau.1603.topface OR user_mau.1603.standalonetf)",0
"2016-08-01 00:00:00","first_app:topface AND platform:vk","_exists_:(user_mau.1604.topfacemobappandroid OR user_mau.1604.topfacemobappios OR user_mau.1604.topface OR user_mau.1604.standalonetf)",0
"2016-08-01 00:00:00","first_app:topface AND platform:vk","_exists_:(user_mau.1605.topfacemobappandroid OR user_mau.1605.topfacemobappios OR user_mau.1605.topface OR user_mau.1605.standalonetf)",0
"2016-08-01 00:00:00","first_app:topface AND platform:vk","_exists_:(user_mau.1606.topfacemobappandroid OR user_mau.1606.topfacemobappios OR user_mau.1606.topface OR user_mau.1606.standalonetf)",0
"2016-08-01 00:00:00","first_app:topface AND platform:vk","_exists_:(user_mau.1607.topfacemobappandroid OR user_mau.1607.topfacemobappios OR user_mau.1607.topface OR user_mau.1607.standalonetf)",0
"2016-08-01 00:00:00","first_app:topface AND platform:vk","_exists_:(user_mau.1608.topfacemobappandroid OR user_mau.1608.topfacemobappios OR user_mau.1608.topface OR user_mau.1608.standalonetf)",114
"2016-08-01 00:00:00","first_app:topface AND platform:vk","_exists_:(user_mau.1609.topfacemobappandroid OR user_mau.1609.topfacemobappios OR user_mau.1609.topface OR user_mau.1609.standalonetf)",45
"2016-08-01 00:00:00","first_app:topface AND platform:vk","_exists_:(user_mau.1610.topfacemobappandroid OR user_mau.1610.topfacemobappios OR user_mau.1610.topface OR user_mau.1610.standalonetf)",27
"2016-08-01 00:00:00","first_app:topface AND platform:vk","_exists_:(user_mau.1611.topfacemobappandroid OR user_mau.1611.topfacemobappios OR user_mau.1611.topface OR user_mau.1611.standalonetf)",22
"2016-08-01 00:00:00","first_app:topface AND platform:vk","_exists_:(user_mau.1612.topfacemobappandroid OR user_mau.1612.topfacemobappios OR user_mau.1612.topface OR user_mau.1612.standalonetf)",22
"2016-08-01 00:00:00","first_app:topface AND platform:vk","_exists_:(user_mau.1701.topfacemobappandroid OR user_mau.1701.topfacemobappios OR user_mau.1701.topface OR user_mau.1701.standalonetf)",21
"2016-08-01 00:00:00","first_app:topface AND platform:vk","_exists_:(user_mau.1702.topfacemobappandroid OR user_mau.1702.topfacemobappios OR user_mau.1702.topface OR user_mau.1702.standalonetf)",13
"2016-08-01 00:00:00","first_app:topface AND platform:vk","_exists_:(user_mau.1703.topfacemobappandroid OR user_mau.1703.topfacemobappios OR user_mau.1703.topface OR user_mau.1703.standalonetf)",14
"2016-08-01 00:00:00","first_app:topface AND platform:vk","_exists_:(user_mau.1704.topfacemobappandroid OR user_mau.1704.topfacemobappios OR user_mau.1704.topface OR user_mau.1704.standalonetf)",11
"2016-08-01 00:00:00","first_app:topface AND platform:vk","_exists_:(user_mau.1705.topfacemobappandroid OR user_mau.1705.topfacemobappios OR user_mau.1705.topface OR user_mau.1705.standalonetf)",9
"2016-08-01 00:00:00","first_app:topface AND platform:vk","_exists_:(user_mau.1706.topfacemobappandroid OR user_mau.1706.topfacemobappios OR user_mau.1706.topface OR user_mau.1706.standalonetf)",8
"2016-08-01 00:00:00","first_app:topface AND platform:vk","_exists_:(user_mau.1707.topfacemobappandroid OR user_mau.1707.topfacemobappios OR user_mau.1707.topface OR user_mau.1707.standalonetf)",7
"2016-08-01 00:00:00","first_app:topface AND platform:vk","_exists_:(user_mau.1708.topfacemobappandroid OR user_mau.1708.topfacemobappios OR user_mau.1708.topface OR user_mau.1708.standalonetf)",9
"2016-08-01 00:00:00","first_app:topface AND platform:vk","_exists_:(user_mau.1709.topfacemobappandroid OR user_mau.1709.topfacemobappios OR user_mau.1709.topface OR user_mau.1709.standalonetf)",7
"2016-08-01 00:00:00","first_app:topface AND platform:vk","_exists_:(user_mau.1710.topfacemobappandroid OR user_mau.1710.topfacemobappios OR user_mau.1710.topface OR user_mau.1710.standalonetf)",7
"2016-08-01 00:00:00","first_app:topface AND platform:vk","_exists_:(user_mau.1711.topfacemobappandroid OR user_mau.1711.topfacemobappios OR user_mau.1711.topface OR user_mau.1711.standalonetf)",6
"2016-08-01 00:00:00","first_app:topface AND platform:vk","_exists_:(user_mau.1712.topfacemobappandroid OR user_mau.1712.topfacemobappios OR user_mau.1712.topface OR user_mau.1712.standalonetf)",5
"2016-08-01 00:00:00","first_app:topface AND platform:vk","_exists_:(user_mau.1801.topfacemobappandroid OR user_mau.1801.topfacemobappios OR user_mau.1801.topface OR user_mau.1801.standalonetf)",4
"2016-08-01 00:00:00","first_app:topface AND platform:vk","_exists_:(user_mau.1802.topfacemobappandroid OR user_mau.1802.topfacemobappios OR user_mau.1802.topface OR user_mau.1802.standalonetf)",3
"2016-08-01 00:00:00","first_app:topface AND platform:ok","*",7
"2016-08-01 00:00:00","first_app:topface AND platform:ok","_exists_:(user_mau.1501.topfacemobappandroid OR user_mau.1501.topfacemobappios OR user_mau.1501.topface OR user_mau.1501.standalonetf)",0
"2016-08-01 00:00:00","first_app:topface AND platform:ok","_exists_:(user_mau.1502.topfacemobappandroid OR user_mau.1502.topfacemobappios OR user_mau.1502.topface OR user_mau.1502.standalonetf)",0
"2016-08-01 00:00:00","first_app:topface AND platform:ok","_exists_:(user_mau.1503.topfacemobappandroid OR user_mau.1503.topfacemobappios OR user_mau.1503.topface OR user_mau.1503.standalonetf)",0
"2016-08-01 00:00:00","first_app:topface AND platform:ok","_exists_:(user_mau.1504.topfacemobappandroid OR user_mau.1504.topfacemobappios OR user_mau.1504.topface OR user_mau.1504.standalonetf)",0
"2016-08-01 00:00:00","first_app:topface AND platform:ok","_exists_:(user_mau.1505.topfacemobappandroid OR user_mau.1505.topfacemobappios OR user_mau.1505.topface OR user_mau.1505.standalonetf)",0
"2016-08-01 00:00:00","first_app:topface AND platform:ok","_exists_:(user_mau.1506.topfacemobappandroid OR user_mau.1506.topfacemobappios OR user_mau.1506.topface OR user_mau.1506.standalonetf)",0
"2016-08-01 00:00:00","first_app:topface AND platform:ok","_exists_:(user_mau.1507.topfacemobappandroid OR user_mau.1507.topfacemobappios OR user_mau.1507.topface OR user_mau.1507.standalonetf)",0
"2016-08-01 00:00:00","first_app:topface AND platform:ok","_exists_:(user_mau.1508.topfacemobappandroid OR user_mau.1508.topfacemobappios OR user_mau.1508.topface OR user_mau.1508.standalonetf)",0
"2016-08-01 00:00:00","first_app:topface AND platform:ok","_exists_:(user_mau.1509.topfacemobappandroid OR user_mau.1509.topfacemobappios OR user_mau.1509.topface OR user_mau.1509.standalonetf)",0
"2016-08-01 00:00:00","first_app:topface AND platform:ok","_exists_:(user_mau.1510.topfacemobappandroid OR user_mau.1510.topfacemobappios OR user_mau.1510.topface OR user_mau.1510.standalonetf)",0
"2016-08-01 00:00:00","first_app:topface AND platform:ok","_exists_:(user_mau.1511.topfacemobappandroid OR user_mau.1511.topfacemobappios OR user_mau.1511.topface OR user_mau.1511.standalonetf)",0
"2016-08-01 00:00:00","first_app:topface AND platform:ok","_exists_:(user_mau.1512.topfacemobappandroid OR user_mau.1512.topfacemobappios OR user_mau.1512.topface OR user_mau.1512.standalonetf)",0
"2016-08-01 00:00:00","first_app:topface AND platform:ok","_exists_:(user_mau.1601.topfacemobappandroid OR user_mau.1601.topfacemobappios OR user_mau.1601.topface OR user_mau.1601.standalonetf)",0
"2016-08-01 00:00:00","first_app:topface AND platform:ok","_exists_:(user_mau.1602.topfacemobappandroid OR user_mau.1602.topfacemobappios OR user_mau.1602.topface OR user_mau.1602.standalonetf)",0
"2016-08-01 00:00:00","first_app:topface AND platform:ok","_exists_:(user_mau.1603.topfacemobappandroid OR user_mau.1603.topfacemobappios OR user_mau.1603.topface OR user_mau.1603.standalonetf)",0
"2016-08-01 00:00:00","first_app:topface AND platform:ok","_exists_:(user_mau.1604.topfacemobappandroid OR user_mau.1604.topfacemobappios OR user_mau.1604.topface OR user_mau.1604.standalonetf)",0
"2016-08-01 00:00:00","first_app:topface AND platform:ok","_exists_:(user_mau.1605.topfacemobappandroid OR user_mau.1605.topfacemobappios OR user_mau.1605.topface OR user_mau.1605.standalonetf)",0
"2016-08-01 00:00:00","first_app:topface AND platform:ok","_exists_:(user_mau.1606.topfacemobappandroid OR user_mau.1606.topfacemobappios OR user_mau.1606.topface OR user_mau.1606.standalonetf)",0
"2016-08-01 00:00:00","first_app:topface AND platform:ok","_exists_:(user_mau.1607.topfacemobappandroid OR user_mau.1607.topfacemobappios OR user_mau.1607.topface OR user_mau.1607.standalonetf)",0
"2016-08-01 00:00:00","first_app:topface AND platform:ok","_exists_:(user_mau.1608.topfacemobappandroid OR user_mau.1608.topfacemobappios OR user_mau.1608.topface OR user_mau.1608.standalonetf)",7
"2016-08-01 00:00:00","first_app:topface AND platform:ok","_exists_:(user_mau.1609.topfacemobappandroid OR user_mau.1609.topfacemobappios OR user_mau.1609.topface OR user_mau.1609.standalonetf)",1
"2016-08-01 00:00:00","first_app:topface AND platform:ok","_exists_:(user_mau.1610.topfacemobappandroid OR user_mau.1610.topfacemobappios OR user_mau.1610.topface OR user_mau.1610.standalonetf)",1
"2016-08-01 00:00:00","first_app:topface AND platform:ok","_exists_:(user_mau.1611.topfacemobappandroid OR user_mau.1611.topfacemobappios OR user_mau.1611.topface OR user_mau.1611.standalonetf)",0
"2016-08-01 00:00:00","first_app:topface AND platform:ok","_exists_:(user_mau.1612.topfacemobappandroid OR user_mau.1612.topfacemobappios OR user_mau.1612.topface OR user_mau.1612.standalonetf)",0
"2016-08-01 00:00:00","first_app:topface AND platform:ok","_exists_:(user_mau.1701.topfacemobappandroid OR user_mau.1701.topfacemobappios OR user_mau.1701.topface OR user_mau.1701.standalonetf)",0
"2016-08-01 00:00:00","first_app:topface AND platform:ok","_exists_:(user_mau.1702.topfacemobappandroid OR user_mau.1702.topfacemobappios OR user_mau.1702.topface OR user_mau.1702.standalonetf)",0
"2016-08-01 00:00:00","first_app:topface AND platform:ok","_exists_:(user_mau.1703.topfacemobappandroid OR user_mau.1703.topfacemobappios OR user_mau.1703.topface OR user_mau.1703.standalonetf)",0
"2016-08-01 00:00:00","first_app:topface AND platform:ok","_exists_:(user_mau.1704.topfacemobappandroid OR user_mau.1704.topfacemobappios OR user_mau.1704.topface OR user_mau.1704.standalonetf)",0
"2016-08-01 00:00:00","first_app:topface AND platform:ok","_exists_:(user_mau.1705.topfacemobappandroid OR user_mau.1705.topfacemobappios OR user_mau.1705.topface OR user_mau.1705.standalonetf)",0
"2016-08-01 00:00:00","first_app:topface AND platform:ok","_exists_:(user_mau.1706.topfacemobappandroid OR user_mau.1706.topfacemobappios OR user_mau.1706.topface OR user_mau.1706.standalonetf)",0
"2016-08-01 00:00:00","first_app:topface AND platform:ok","_exists_:(user_mau.1707.topfacemobappandroid OR user_mau.1707.topfacemobappios OR user_mau.1707.topface OR user_mau.1707.standalonetf)",0
"2016-08-01 00:00:00","first_app:topface AND platform:ok","_exists_:(user_mau.1708.topfacemobappandroid OR user_mau.1708.topfacemobappios OR user_mau.1708.topface OR user_mau.1708.standalonetf)",0
"2016-08-01 00:00:00","first_app:topface AND platform:ok","_exists_:(user_mau.1709.topfacemobappandroid OR user_mau.1709.topfacemobappios OR user_mau.1709.topface OR user_mau.1709.standalonetf)",0
"2016-08-01 00:00:00","first_app:topface AND platform:ok","_exists_:(user_mau.1710.topfacemobappandroid OR user_mau.1710.topfacemobappios OR user_mau.1710.topface OR user_mau.1710.standalonetf)",0
"2016-08-01 00:00:00","first_app:topface AND platform:ok","_exists_:(user_mau.1711.topfacemobappandroid OR user_mau.1711.topfacemobappios OR user_mau.1711.topface OR user_mau.1711.standalonetf)",0
"2016-08-01 00:00:00","first_app:topface AND platform:ok","_exists_:(user_mau.1712.topfacemobappandroid OR user_mau.1712.topfacemobappios OR user_mau.1712.topface OR user_mau.1712.standalonetf)",0
"2016-08-01 00:00:00","first_app:topface AND platform:ok","_exists_:(user_mau.1801.topfacemobappandroid OR user_mau.1801.topfacemobappios OR user_mau.1801.topface OR user_mau.1801.standalonetf)",0
"2016-08-01 00:00:00","first_app:topface AND platform:ok","_exists_:(user_mau.1802.topfacemobappandroid OR user_mau.1802.topfacemobappios OR user_mau.1802.topface OR user_mau.1802.standalonetf)",0
"2016-08-01 00:00:00","first_app:topface AND platform:fb","*",34
"2016-08-01 00:00:00","first_app:topface AND platform:fb","_exists_:(user_mau.1501.topfacemobappandroid OR user_mau.1501.topfacemobappios OR user_mau.1501.topface OR user_mau.1501.standalonetf)",0
"2016-08-01 00:00:00","first_app:topface AND platform:fb","_exists_:(user_mau.1502.topfacemobappandroid OR user_mau.1502.topfacemobappios OR user_mau.1502.topface OR user_mau.1502.standalonetf)",0
"2016-08-01 00:00:00","first_app:topface AND platform:fb","_exists_:(user_mau.1503.topfacemobappandroid OR user_mau.1503.topfacemobappios OR user_mau.1503.topface OR user_mau.1503.standalonetf)",0
"2016-08-01 00:00:00","first_app:topface AND platform:fb","_exists_:(user_mau.1504.topfacemobappandroid OR user_mau.1504.topfacemobappios OR user_mau.1504.topface OR user_mau.1504.standalonetf)",0
"2016-08-01 00:00:00","first_app:topface AND platform:fb","_exists_:(user_mau.1505.topfacemobappandroid OR user_mau.1505.topfacemobappios OR user_mau.1505.topface OR user_mau.1505.standalonetf)",0
"2016-08-01 00:00:00","first_app:topface AND platform:fb","_exists_:(user_mau.1506.topfacemobappandroid OR user_mau.1506.topfacemobappios OR user_mau.1506.topface OR user_mau.1506.standalonetf)",0
"2016-08-01 00:00:00","first_app:topface AND platform:fb","_exists_:(user_mau.1507.topfacemobappandroid OR user_mau.1507.topfacemobappios OR user_mau.1507.topface OR user_mau.1507.standalonetf)",0
"2016-08-01 00:00:00","first_app:topface AND platform:fb","_exists_:(user_mau.1508.topfacemobappandroid OR user_mau.1508.topfacemobappios OR user_mau.1508.topface OR user_mau.1508.standalonetf)",0
"2016-08-01 00:00:00","first_app:topface AND platform:fb","_exists_:(user_mau.1509.topfacemobappandroid OR user_mau.1509.topfacemobappios OR user_mau.1509.topface OR user_mau.1509.standalonetf)",0
"2016-08-01 00:00:00","first_app:topface AND platform:fb","_exists_:(user_mau.1510.topfacemobappandroid OR user_mau.1510.topfacemobappios OR user_mau.1510.topface OR user_mau.1510.standalonetf)",0
"2016-08-01 00:00:00","first_app:topface AND platform:fb","_exists_:(user_mau.1511.topfacemobappandroid OR user_mau.1511.topfacemobappios OR user_mau.1511.topface OR user_mau.1511.standalonetf)",0
"2016-08-01 00:00:00","first_app:topface AND platform:fb","_exists_:(user_mau.1512.topfacemobappandroid OR user_mau.1512.topfacemobappios OR user_mau.1512.topface OR user_mau.1512.standalonetf)",0
"2016-08-01 00:00:00","first_app:topface AND platform:fb","_exists_:(user_mau.1601.topfacemobappandroid OR user_mau.1601.topfacemobappios OR user_mau.1601.topface OR user_mau.1601.standalonetf)",0
"2016-08-01 00:00:00","first_app:topface AND platform:fb","_exists_:(user_mau.1602.topfacemobappandroid OR user_mau.1602.topfacemobappios OR user_mau.1602.topface OR user_mau.1602.standalonetf)",0
"2016-08-01 00:00:00","first_app:topface AND platform:fb","_exists_:(user_mau.1603.topfacemobappandroid OR user_mau.1603.topfacemobappios OR user_mau.1603.topface OR user_mau.1603.standalonetf)",0
"2016-08-01 00:00:00","first_app:topface AND platform:fb","_exists_:(user_mau.1604.topfacemobappandroid OR user_mau.1604.topfacemobappios OR user_mau.1604.topface OR user_mau.1604.standalonetf)",0
"2016-08-01 00:00:00","first_app:topface AND platform:fb","_exists_:(user_mau.1605.topfacemobappandroid OR user_mau.1605.topfacemobappios OR user_mau.1605.topface OR user_mau.1605.standalonetf)",0
"2016-08-01 00:00:00","first_app:topface AND platform:fb","_exists_:(user_mau.1606.topfacemobappandroid OR user_mau.1606.topfacemobappios OR user_mau.1606.topface OR user_mau.1606.standalonetf)",0
"2016-08-01 00:00:00","first_app:topface AND platform:fb","_exists_:(user_mau.1607.topfacemobappandroid OR user_mau.1607.topfacemobappios OR user_mau.1607.topface OR user_mau.1607.standalonetf)",0
"2016-08-01 00:00:00","first_app:topface AND platform:fb","_exists_:(user_mau.1608.topfacemobappandroid OR user_mau.1608.topfacemobappios OR user_mau.1608.topface OR user_mau.1608.standalonetf)",34
"2016-08-01 00:00:00","first_app:topface AND platform:fb","_exists_:(user_mau.1609.topfacemobappandroid OR user_mau.1609.topfacemobappios OR user_mau.1609.topface OR user_mau.1609.standalonetf)",10
"2016-08-01 00:00:00","first_app:topface AND platform:fb","_exists_:(user_mau.1610.topfacemobappandroid OR user_mau.1610.topfacemobappios OR user_mau.1610.topface OR user_mau.1610.standalonetf)",9
"2016-08-01 00:00:00","first_app:topface AND platform:fb","_exists_:(user_mau.1611.topfacemobappandroid OR user_mau.1611.topfacemobappios OR user_mau.1611.topface OR user_mau.1611.standalonetf)",5
"2016-08-01 00:00:00","first_app:topface AND platform:fb","_exists_:(user_mau.1612.topfacemobappandroid OR user_mau.1612.topfacemobappios OR user_mau.1612.topface OR user_mau.1612.standalonetf)",1
"2016-08-01 00:00:00","first_app:topface AND platform:fb","_exists_:(user_mau.1701.topfacemobappandroid OR user_mau.1701.topfacemobappios OR user_mau.1701.topface OR user_mau.1701.standalonetf)",2
"2016-08-01 00:00:00","first_app:topface AND platform:fb","_exists_:(user_mau.1702.topfacemobappandroid OR user_mau.1702.topfacemobappios OR user_mau.1702.topface OR user_mau.1702.standalonetf)",3
"2016-08-01 00:00:00","first_app:topface AND platform:fb","_exists_:(user_mau.1703.topfacemobappandroid OR user_mau.1703.topfacemobappios OR user_mau.1703.topface OR user_mau.1703.standalonetf)",2
"2016-08-01 00:00:00","first_app:topface AND platform:fb","_exists_:(user_mau.1704.topfacemobappandroid OR user_mau.1704.topfacemobappios OR user_mau.1704.topface OR user_mau.1704.standalonetf)",3
"2016-08-01 00:00:00","first_app:topface AND platform:fb","_exists_:(user_mau.1705.topfacemobappandroid OR user_mau.1705.topfacemobappios OR user_mau.1705.topface OR user_mau.1705.standalonetf)",2
"2016-08-01 00:00:00","first_app:topface AND platform:fb","_exists_:(user_mau.1706.topfacemobappandroid OR user_mau.1706.topfacemobappios OR user_mau.1706.topface OR user_mau.1706.standalonetf)",2
"2016-08-01 00:00:00","first_app:topface AND platform:fb","_exists_:(user_mau.1707.topfacemobappandroid OR user_mau.1707.topfacemobappios OR user_mau.1707.topface OR user_mau.1707.standalonetf)",1
"2016-08-01 00:00:00","first_app:topface AND platform:fb","_exists_:(user_mau.1708.topfacemobappandroid OR user_mau.1708.topfacemobappios OR user_mau.1708.topface OR user_mau.1708.standalonetf)",2
"2016-08-01 00:00:00","first_app:topface AND platform:fb","_exists_:(user_mau.1709.topfacemobappandroid OR user_mau.1709.topfacemobappios OR user_mau.1709.topface OR user_mau.1709.standalonetf)",2
"2016-08-01 00:00:00","first_app:topface AND platform:fb","_exists_:(user_mau.1710.topfacemobappandroid OR user_mau.1710.topfacemobappios OR user_mau.1710.topface OR user_mau.1710.standalonetf)",2
"2016-08-01 00:00:00","first_app:topface AND platform:fb","_exists_:(user_mau.1711.topfacemobappandroid OR user_mau.1711.topfacemobappios OR user_mau.1711.topface OR user_mau.1711.standalonetf)",1
"2016-08-01 00:00:00","first_app:topface AND platform:fb","_exists_:(user_mau.1712.topfacemobappandroid OR user_mau.1712.topfacemobappios OR user_mau.1712.topface OR user_mau.1712.standalonetf)",0
"2016-08-01 00:00:00","first_app:topface AND platform:fb","_exists_:(user_mau.1801.topfacemobappandroid OR user_mau.1801.topfacemobappios OR user_mau.1801.topface OR user_mau.1801.standalonetf)",1
"2016-08-01 00:00:00","first_app:topface AND platform:fb","_exists_:(user_mau.1802.topfacemobappandroid OR user_mau.1802.topfacemobappios OR user_mau.1802.topface OR user_mau.1802.standalonetf)",1
"2016-09-01 00:00:00","first_app:topfacemobappandroid","*","69,102"
"2016-09-01 00:00:00","first_app:topfacemobappandroid","_exists_:(user_mau.1501.topfacemobappandroid OR user_mau.1501.topfacemobappios OR user_mau.1501.topface OR user_mau.1501.standalonetf)",0
"2016-09-01 00:00:00","first_app:topfacemobappandroid","_exists_:(user_mau.1502.topfacemobappandroid OR user_mau.1502.topfacemobappios OR user_mau.1502.topface OR user_mau.1502.standalonetf)",0
"2016-09-01 00:00:00","first_app:topfacemobappandroid","_exists_:(user_mau.1503.topfacemobappandroid OR user_mau.1503.topfacemobappios OR user_mau.1503.topface OR user_mau.1503.standalonetf)",0
"2016-09-01 00:00:00","first_app:topfacemobappandroid","_exists_:(user_mau.1504.topfacemobappandroid OR user_mau.1504.topfacemobappios OR user_mau.1504.topface OR user_mau.1504.standalonetf)",0
"2016-09-01 00:00:00","first_app:topfacemobappandroid","_exists_:(user_mau.1505.topfacemobappandroid OR user_mau.1505.topfacemobappios OR user_mau.1505.topface OR user_mau.1505.standalonetf)",0
"2016-09-01 00:00:00","first_app:topfacemobappandroid","_exists_:(user_mau.1506.topfacemobappandroid OR user_mau.1506.topfacemobappios OR user_mau.1506.topface OR user_mau.1506.standalonetf)",0
"2016-09-01 00:00:00","first_app:topfacemobappandroid","_exists_:(user_mau.1507.topfacemobappandroid OR user_mau.1507.topfacemobappios OR user_mau.1507.topface OR user_mau.1507.standalonetf)",0
"2016-09-01 00:00:00","first_app:topfacemobappandroid","_exists_:(user_mau.1508.topfacemobappandroid OR user_mau.1508.topfacemobappios OR user_mau.1508.topface OR user_mau.1508.standalonetf)",0
"2016-09-01 00:00:00","first_app:topfacemobappandroid","_exists_:(user_mau.1509.topfacemobappandroid OR user_mau.1509.topfacemobappios OR user_mau.1509.topface OR user_mau.1509.standalonetf)",0
"2016-09-01 00:00:00","first_app:topfacemobappandroid","_exists_:(user_mau.1510.topfacemobappandroid OR user_mau.1510.topfacemobappios OR user_mau.1510.topface OR user_mau.1510.standalonetf)",0
"2016-09-01 00:00:00","first_app:topfacemobappandroid","_exists_:(user_mau.1511.topfacemobappandroid OR user_mau.1511.topfacemobappios OR user_mau.1511.topface OR user_mau.1511.standalonetf)",0
"2016-09-01 00:00:00","first_app:topfacemobappandroid","_exists_:(user_mau.1512.topfacemobappandroid OR user_mau.1512.topfacemobappios OR user_mau.1512.topface OR user_mau.1512.standalonetf)",0
"2016-09-01 00:00:00","first_app:topfacemobappandroid","_exists_:(user_mau.1601.topfacemobappandroid OR user_mau.1601.topfacemobappios OR user_mau.1601.topface OR user_mau.1601.standalonetf)",0
"2016-09-01 00:00:00","first_app:topfacemobappandroid","_exists_:(user_mau.1602.topfacemobappandroid OR user_mau.1602.topfacemobappios OR user_mau.1602.topface OR user_mau.1602.standalonetf)",0
"2016-09-01 00:00:00","first_app:topfacemobappandroid","_exists_:(user_mau.1603.topfacemobappandroid OR user_mau.1603.topfacemobappios OR user_mau.1603.topface OR user_mau.1603.standalonetf)",0
"2016-09-01 00:00:00","first_app:topfacemobappandroid","_exists_:(user_mau.1604.topfacemobappandroid OR user_mau.1604.topfacemobappios OR user_mau.1604.topface OR user_mau.1604.standalonetf)",0
"2016-09-01 00:00:00","first_app:topfacemobappandroid","_exists_:(user_mau.1605.topfacemobappandroid OR user_mau.1605.topfacemobappios OR user_mau.1605.topface OR user_mau.1605.standalonetf)",0
"2016-09-01 00:00:00","first_app:topfacemobappandroid","_exists_:(user_mau.1606.topfacemobappandroid OR user_mau.1606.topfacemobappios OR user_mau.1606.topface OR user_mau.1606.standalonetf)",0
"2016-09-01 00:00:00","first_app:topfacemobappandroid","_exists_:(user_mau.1607.topfacemobappandroid OR user_mau.1607.topfacemobappios OR user_mau.1607.topface OR user_mau.1607.standalonetf)",0
"2016-09-01 00:00:00","first_app:topfacemobappandroid","_exists_:(user_mau.1608.topfacemobappandroid OR user_mau.1608.topfacemobappios OR user_mau.1608.topface OR user_mau.1608.standalonetf)",0
"2016-09-01 00:00:00","first_app:topfacemobappandroid","_exists_:(user_mau.1609.topfacemobappandroid OR user_mau.1609.topfacemobappios OR user_mau.1609.topface OR user_mau.1609.standalonetf)","69,101"
"2016-09-01 00:00:00","first_app:topfacemobappandroid","_exists_:(user_mau.1610.topfacemobappandroid OR user_mau.1610.topfacemobappios OR user_mau.1610.topface OR user_mau.1610.standalonetf)","16,365"
"2016-09-01 00:00:00","first_app:topfacemobappandroid","_exists_:(user_mau.1611.topfacemobappandroid OR user_mau.1611.topfacemobappios OR user_mau.1611.topface OR user_mau.1611.standalonetf)","8,633"
"2016-09-01 00:00:00","first_app:topfacemobappandroid","_exists_:(user_mau.1612.topfacemobappandroid OR user_mau.1612.topfacemobappios OR user_mau.1612.topface OR user_mau.1612.standalonetf)","5,513"
"2016-09-01 00:00:00","first_app:topfacemobappandroid","_exists_:(user_mau.1701.topfacemobappandroid OR user_mau.1701.topfacemobappios OR user_mau.1701.topface OR user_mau.1701.standalonetf)","4,567"
"2016-09-01 00:00:00","first_app:topfacemobappandroid","_exists_:(user_mau.1702.topfacemobappandroid OR user_mau.1702.topfacemobappios OR user_mau.1702.topface OR user_mau.1702.standalonetf)","3,631"
"2016-09-01 00:00:00","first_app:topfacemobappandroid","_exists_:(user_mau.1703.topfacemobappandroid OR user_mau.1703.topfacemobappios OR user_mau.1703.topface OR user_mau.1703.standalonetf)","3,579"
"2016-09-01 00:00:00","first_app:topfacemobappandroid","_exists_:(user_mau.1704.topfacemobappandroid OR user_mau.1704.topfacemobappios OR user_mau.1704.topface OR user_mau.1704.standalonetf)","2,994"
"2016-09-01 00:00:00","first_app:topfacemobappandroid","_exists_:(user_mau.1705.topfacemobappandroid OR user_mau.1705.topfacemobappios OR user_mau.1705.topface OR user_mau.1705.standalonetf)","2,766"
"2016-09-01 00:00:00","first_app:topfacemobappandroid","_exists_:(user_mau.1706.topfacemobappandroid OR user_mau.1706.topfacemobappios OR user_mau.1706.topface OR user_mau.1706.standalonetf)","2,576"
"2016-09-01 00:00:00","first_app:topfacemobappandroid","_exists_:(user_mau.1707.topfacemobappandroid OR user_mau.1707.topfacemobappios OR user_mau.1707.topface OR user_mau.1707.standalonetf)","2,162"
"2016-09-01 00:00:00","first_app:topfacemobappandroid","_exists_:(user_mau.1708.topfacemobappandroid OR user_mau.1708.topfacemobappios OR user_mau.1708.topface OR user_mau.1708.standalonetf)","2,405"
"2016-09-01 00:00:00","first_app:topfacemobappandroid","_exists_:(user_mau.1709.topfacemobappandroid OR user_mau.1709.topfacemobappios OR user_mau.1709.topface OR user_mau.1709.standalonetf)","2,136"
"2016-09-01 00:00:00","first_app:topfacemobappandroid","_exists_:(user_mau.1710.topfacemobappandroid OR user_mau.1710.topfacemobappios OR user_mau.1710.topface OR user_mau.1710.standalonetf)","2,122"
"2016-09-01 00:00:00","first_app:topfacemobappandroid","_exists_:(user_mau.1711.topfacemobappandroid OR user_mau.1711.topfacemobappios OR user_mau.1711.topface OR user_mau.1711.standalonetf)","1,869"
"2016-09-01 00:00:00","first_app:topfacemobappandroid","_exists_:(user_mau.1712.topfacemobappandroid OR user_mau.1712.topfacemobappios OR user_mau.1712.topface OR user_mau.1712.standalonetf)","1,656"
"2016-09-01 00:00:00","first_app:topfacemobappandroid","_exists_:(user_mau.1801.topfacemobappandroid OR user_mau.1801.topfacemobappios OR user_mau.1801.topface OR user_mau.1801.standalonetf)","1,324"
"2016-09-01 00:00:00","first_app:topfacemobappandroid","_exists_:(user_mau.1802.topfacemobappandroid OR user_mau.1802.topfacemobappios OR user_mau.1802.topface OR user_mau.1802.standalonetf)","1,133"
"2016-09-01 00:00:00","first_app:topfacemobappios","*","27,293"
"2016-09-01 00:00:00","first_app:topfacemobappios","_exists_:(user_mau.1501.topfacemobappandroid OR user_mau.1501.topfacemobappios OR user_mau.1501.topface OR user_mau.1501.standalonetf)",0
"2016-09-01 00:00:00","first_app:topfacemobappios","_exists_:(user_mau.1502.topfacemobappandroid OR user_mau.1502.topfacemobappios OR user_mau.1502.topface OR user_mau.1502.standalonetf)",0
"2016-09-01 00:00:00","first_app:topfacemobappios","_exists_:(user_mau.1503.topfacemobappandroid OR user_mau.1503.topfacemobappios OR user_mau.1503.topface OR user_mau.1503.standalonetf)",0
"2016-09-01 00:00:00","first_app:topfacemobappios","_exists_:(user_mau.1504.topfacemobappandroid OR user_mau.1504.topfacemobappios OR user_mau.1504.topface OR user_mau.1504.standalonetf)",0
"2016-09-01 00:00:00","first_app:topfacemobappios","_exists_:(user_mau.1505.topfacemobappandroid OR user_mau.1505.topfacemobappios OR user_mau.1505.topface OR user_mau.1505.standalonetf)",0
"2016-09-01 00:00:00","first_app:topfacemobappios","_exists_:(user_mau.1506.topfacemobappandroid OR user_mau.1506.topfacemobappios OR user_mau.1506.topface OR user_mau.1506.standalonetf)",0
"2016-09-01 00:00:00","first_app:topfacemobappios","_exists_:(user_mau.1507.topfacemobappandroid OR user_mau.1507.topfacemobappios OR user_mau.1507.topface OR user_mau.1507.standalonetf)",0
"2016-09-01 00:00:00","first_app:topfacemobappios","_exists_:(user_mau.1508.topfacemobappandroid OR user_mau.1508.topfacemobappios OR user_mau.1508.topface OR user_mau.1508.standalonetf)",0
"2016-09-01 00:00:00","first_app:topfacemobappios","_exists_:(user_mau.1509.topfacemobappandroid OR user_mau.1509.topfacemobappios OR user_mau.1509.topface OR user_mau.1509.standalonetf)",0
"2016-09-01 00:00:00","first_app:topfacemobappios","_exists_:(user_mau.1510.topfacemobappandroid OR user_mau.1510.topfacemobappios OR user_mau.1510.topface OR user_mau.1510.standalonetf)",0
"2016-09-01 00:00:00","first_app:topfacemobappios","_exists_:(user_mau.1511.topfacemobappandroid OR user_mau.1511.topfacemobappios OR user_mau.1511.topface OR user_mau.1511.standalonetf)",0
"2016-09-01 00:00:00","first_app:topfacemobappios","_exists_:(user_mau.1512.topfacemobappandroid OR user_mau.1512.topfacemobappios OR user_mau.1512.topface OR user_mau.1512.standalonetf)",0
"2016-09-01 00:00:00","first_app:topfacemobappios","_exists_:(user_mau.1601.topfacemobappandroid OR user_mau.1601.topfacemobappios OR user_mau.1601.topface OR user_mau.1601.standalonetf)",0
"2016-09-01 00:00:00","first_app:topfacemobappios","_exists_:(user_mau.1602.topfacemobappandroid OR user_mau.1602.topfacemobappios OR user_mau.1602.topface OR user_mau.1602.standalonetf)",0
"2016-09-01 00:00:00","first_app:topfacemobappios","_exists_:(user_mau.1603.topfacemobappandroid OR user_mau.1603.topfacemobappios OR user_mau.1603.topface OR user_mau.1603.standalonetf)",0
"2016-09-01 00:00:00","first_app:topfacemobappios","_exists_:(user_mau.1604.topfacemobappandroid OR user_mau.1604.topfacemobappios OR user_mau.1604.topface OR user_mau.1604.standalonetf)",0
"2016-09-01 00:00:00","first_app:topfacemobappios","_exists_:(user_mau.1605.topfacemobappandroid OR user_mau.1605.topfacemobappios OR user_mau.1605.topface OR user_mau.1605.standalonetf)",0
"2016-09-01 00:00:00","first_app:topfacemobappios","_exists_:(user_mau.1606.topfacemobappandroid OR user_mau.1606.topfacemobappios OR user_mau.1606.topface OR user_mau.1606.standalonetf)",0
"2016-09-01 00:00:00","first_app:topfacemobappios","_exists_:(user_mau.1607.topfacemobappandroid OR user_mau.1607.topfacemobappios OR user_mau.1607.topface OR user_mau.1607.standalonetf)",0
"2016-09-01 00:00:00","first_app:topfacemobappios","_exists_:(user_mau.1608.topfacemobappandroid OR user_mau.1608.topfacemobappios OR user_mau.1608.topface OR user_mau.1608.standalonetf)",0
"2016-09-01 00:00:00","first_app:topfacemobappios","_exists_:(user_mau.1609.topfacemobappandroid OR user_mau.1609.topfacemobappios OR user_mau.1609.topface OR user_mau.1609.standalonetf)","27,293"
"2016-09-01 00:00:00","first_app:topfacemobappios","_exists_:(user_mau.1610.topfacemobappandroid OR user_mau.1610.topfacemobappios OR user_mau.1610.topface OR user_mau.1610.standalonetf)","5,400"
"2016-09-01 00:00:00","first_app:topfacemobappios","_exists_:(user_mau.1611.topfacemobappandroid OR user_mau.1611.topfacemobappios OR user_mau.1611.topface OR user_mau.1611.standalonetf)","2,450"
"2016-09-01 00:00:00","first_app:topfacemobappios","_exists_:(user_mau.1612.topfacemobappandroid OR user_mau.1612.topfacemobappios OR user_mau.1612.topface OR user_mau.1612.standalonetf)","1,593"
"2016-09-01 00:00:00","first_app:topfacemobappios","_exists_:(user_mau.1701.topfacemobappandroid OR user_mau.1701.topfacemobappios OR user_mau.1701.topface OR user_mau.1701.standalonetf)","1,224"
"2016-09-01 00:00:00","first_app:topfacemobappios","_exists_:(user_mau.1702.topfacemobappandroid OR user_mau.1702.topfacemobappios OR user_mau.1702.topface OR user_mau.1702.standalonetf)",925
"2016-09-01 00:00:00","first_app:topfacemobappios","_exists_:(user_mau.1703.topfacemobappandroid OR user_mau.1703.topfacemobappios OR user_mau.1703.topface OR user_mau.1703.standalonetf)","1,043"
"2016-09-01 00:00:00","first_app:topfacemobappios","_exists_:(user_mau.1704.topfacemobappandroid OR user_mau.1704.topfacemobappios OR user_mau.1704.topface OR user_mau.1704.standalonetf)",691
"2016-09-01 00:00:00","first_app:topfacemobappios","_exists_:(user_mau.1705.topfacemobappandroid OR user_mau.1705.topfacemobappios OR user_mau.1705.topface OR user_mau.1705.standalonetf)",667
"2016-09-01 00:00:00","first_app:topfacemobappios","_exists_:(user_mau.1706.topfacemobappandroid OR user_mau.1706.topfacemobappios OR user_mau.1706.topface OR user_mau.1706.standalonetf)",682
"2016-09-01 00:00:00","first_app:topfacemobappios","_exists_:(user_mau.1707.topfacemobappandroid OR user_mau.1707.topfacemobappios OR user_mau.1707.topface OR user_mau.1707.standalonetf)",579
"2016-09-01 00:00:00","first_app:topfacemobappios","_exists_:(user_mau.1708.topfacemobappandroid OR user_mau.1708.topfacemobappios OR user_mau.1708.topface OR user_mau.1708.standalonetf)",659
"2016-09-01 00:00:00","first_app:topfacemobappios","_exists_:(user_mau.1709.topfacemobappandroid OR user_mau.1709.topfacemobappios OR user_mau.1709.topface OR user_mau.1709.standalonetf)",583
"2016-09-01 00:00:00","first_app:topfacemobappios","_exists_:(user_mau.1710.topfacemobappandroid OR user_mau.1710.topfacemobappios OR user_mau.1710.topface OR user_mau.1710.standalonetf)",591
"2016-09-01 00:00:00","first_app:topfacemobappios","_exists_:(user_mau.1711.topfacemobappandroid OR user_mau.1711.topfacemobappios OR user_mau.1711.topface OR user_mau.1711.standalonetf)",457
"2016-09-01 00:00:00","first_app:topfacemobappios","_exists_:(user_mau.1712.topfacemobappandroid OR user_mau.1712.topfacemobappios OR user_mau.1712.topface OR user_mau.1712.standalonetf)",468
"2016-09-01 00:00:00","first_app:topfacemobappios","_exists_:(user_mau.1801.topfacemobappandroid OR user_mau.1801.topfacemobappios OR user_mau.1801.topface OR user_mau.1801.standalonetf)",410
"2016-09-01 00:00:00","first_app:topfacemobappios","_exists_:(user_mau.1802.topfacemobappandroid OR user_mau.1802.topfacemobappios OR user_mau.1802.topface OR user_mau.1802.standalonetf)",344
"2016-09-01 00:00:00","first_app:standalonetf","*","2,886"
"2016-09-01 00:00:00","first_app:standalonetf","_exists_:(user_mau.1501.topfacemobappandroid OR user_mau.1501.topfacemobappios OR user_mau.1501.topface OR user_mau.1501.standalonetf)",0
"2016-09-01 00:00:00","first_app:standalonetf","_exists_:(user_mau.1502.topfacemobappandroid OR user_mau.1502.topfacemobappios OR user_mau.1502.topface OR user_mau.1502.standalonetf)",0
"2016-09-01 00:00:00","first_app:standalonetf","_exists_:(user_mau.1503.topfacemobappandroid OR user_mau.1503.topfacemobappios OR user_mau.1503.topface OR user_mau.1503.standalonetf)",0
"2016-09-01 00:00:00","first_app:standalonetf","_exists_:(user_mau.1504.topfacemobappandroid OR user_mau.1504.topfacemobappios OR user_mau.1504.topface OR user_mau.1504.standalonetf)",0
"2016-09-01 00:00:00","first_app:standalonetf","_exists_:(user_mau.1505.topfacemobappandroid OR user_mau.1505.topfacemobappios OR user_mau.1505.topface OR user_mau.1505.standalonetf)",0
"2016-09-01 00:00:00","first_app:standalonetf","_exists_:(user_mau.1506.topfacemobappandroid OR user_mau.1506.topfacemobappios OR user_mau.1506.topface OR user_mau.1506.standalonetf)",0
"2016-09-01 00:00:00","first_app:standalonetf","_exists_:(user_mau.1507.topfacemobappandroid OR user_mau.1507.topfacemobappios OR user_mau.1507.topface OR user_mau.1507.standalonetf)",0
"2016-09-01 00:00:00","first_app:standalonetf","_exists_:(user_mau.1508.topfacemobappandroid OR user_mau.1508.topfacemobappios OR user_mau.1508.topface OR user_mau.1508.standalonetf)",0
"2016-09-01 00:00:00","first_app:standalonetf","_exists_:(user_mau.1509.topfacemobappandroid OR user_mau.1509.topfacemobappios OR user_mau.1509.topface OR user_mau.1509.standalonetf)",0
"2016-09-01 00:00:00","first_app:standalonetf","_exists_:(user_mau.1510.topfacemobappandroid OR user_mau.1510.topfacemobappios OR user_mau.1510.topface OR user_mau.1510.standalonetf)",0
"2016-09-01 00:00:00","first_app:standalonetf","_exists_:(user_mau.1511.topfacemobappandroid OR user_mau.1511.topfacemobappios OR user_mau.1511.topface OR user_mau.1511.standalonetf)",0
"2016-09-01 00:00:00","first_app:standalonetf","_exists_:(user_mau.1512.topfacemobappandroid OR user_mau.1512.topfacemobappios OR user_mau.1512.topface OR user_mau.1512.standalonetf)",0
"2016-09-01 00:00:00","first_app:standalonetf","_exists_:(user_mau.1601.topfacemobappandroid OR user_mau.1601.topfacemobappios OR user_mau.1601.topface OR user_mau.1601.standalonetf)",0
"2016-09-01 00:00:00","first_app:standalonetf","_exists_:(user_mau.1602.topfacemobappandroid OR user_mau.1602.topfacemobappios OR user_mau.1602.topface OR user_mau.1602.standalonetf)",0
"2016-09-01 00:00:00","first_app:standalonetf","_exists_:(user_mau.1603.topfacemobappandroid OR user_mau.1603.topfacemobappios OR user_mau.1603.topface OR user_mau.1603.standalonetf)",0
"2016-09-01 00:00:00","first_app:standalonetf","_exists_:(user_mau.1604.topfacemobappandroid OR user_mau.1604.topfacemobappios OR user_mau.1604.topface OR user_mau.1604.standalonetf)",0
"2016-09-01 00:00:00","first_app:standalonetf","_exists_:(user_mau.1605.topfacemobappandroid OR user_mau.1605.topfacemobappios OR user_mau.1605.topface OR user_mau.1605.standalonetf)",0
"2016-09-01 00:00:00","first_app:standalonetf","_exists_:(user_mau.1606.topfacemobappandroid OR user_mau.1606.topfacemobappios OR user_mau.1606.topface OR user_mau.1606.standalonetf)",0
"2016-09-01 00:00:00","first_app:standalonetf","_exists_:(user_mau.1607.topfacemobappandroid OR user_mau.1607.topfacemobappios OR user_mau.1607.topface OR user_mau.1607.standalonetf)",0
"2016-09-01 00:00:00","first_app:standalonetf","_exists_:(user_mau.1608.topfacemobappandroid OR user_mau.1608.topfacemobappios OR user_mau.1608.topface OR user_mau.1608.standalonetf)",0
"2016-09-01 00:00:00","first_app:standalonetf","_exists_:(user_mau.1609.topfacemobappandroid OR user_mau.1609.topfacemobappios OR user_mau.1609.topface OR user_mau.1609.standalonetf)","2,710"
"2016-09-01 00:00:00","first_app:standalonetf","_exists_:(user_mau.1610.topfacemobappandroid OR user_mau.1610.topfacemobappios OR user_mau.1610.topface OR user_mau.1610.standalonetf)",575
"2016-09-01 00:00:00","first_app:standalonetf","_exists_:(user_mau.1611.topfacemobappandroid OR user_mau.1611.topfacemobappios OR user_mau.1611.topface OR user_mau.1611.standalonetf)",354
"2016-09-01 00:00:00","first_app:standalonetf","_exists_:(user_mau.1612.topfacemobappandroid OR user_mau.1612.topfacemobappios OR user_mau.1612.topface OR user_mau.1612.standalonetf)",268
"2016-09-01 00:00:00","first_app:standalonetf","_exists_:(user_mau.1701.topfacemobappandroid OR user_mau.1701.topfacemobappios OR user_mau.1701.topface OR user_mau.1701.standalonetf)",245
"2016-09-01 00:00:00","first_app:standalonetf","_exists_:(user_mau.1702.topfacemobappandroid OR user_mau.1702.topfacemobappios OR user_mau.1702.topface OR user_mau.1702.standalonetf)",186
"2016-09-01 00:00:00","first_app:standalonetf","_exists_:(user_mau.1703.topfacemobappandroid OR user_mau.1703.topfacemobappios OR user_mau.1703.topface OR user_mau.1703.standalonetf)",229
"2016-09-01 00:00:00","first_app:standalonetf","_exists_:(user_mau.1704.topfacemobappandroid OR user_mau.1704.topfacemobappios OR user_mau.1704.topface OR user_mau.1704.standalonetf)",164
"2016-09-01 00:00:00","first_app:standalonetf","_exists_:(user_mau.1705.topfacemobappandroid OR user_mau.1705.topfacemobappios OR user_mau.1705.topface OR user_mau.1705.standalonetf)",166
"2016-09-01 00:00:00","first_app:standalonetf","_exists_:(user_mau.1706.topfacemobappandroid OR user_mau.1706.topfacemobappios OR user_mau.1706.topface OR user_mau.1706.standalonetf)",133
"2016-09-01 00:00:00","first_app:standalonetf","_exists_:(user_mau.1707.topfacemobappandroid OR user_mau.1707.topfacemobappios OR user_mau.1707.topface OR user_mau.1707.standalonetf)",115
"2016-09-01 00:00:00","first_app:standalonetf","_exists_:(user_mau.1708.topfacemobappandroid OR user_mau.1708.topfacemobappios OR user_mau.1708.topface OR user_mau.1708.standalonetf)",125
"2016-09-01 00:00:00","first_app:standalonetf","_exists_:(user_mau.1709.topfacemobappandroid OR user_mau.1709.topfacemobappios OR user_mau.1709.topface OR user_mau.1709.standalonetf)",120
"2016-09-01 00:00:00","first_app:standalonetf","_exists_:(user_mau.1710.topfacemobappandroid OR user_mau.1710.topfacemobappios OR user_mau.1710.topface OR user_mau.1710.standalonetf)",113
"2016-09-01 00:00:00","first_app:standalonetf","_exists_:(user_mau.1711.topfacemobappandroid OR user_mau.1711.topfacemobappios OR user_mau.1711.topface OR user_mau.1711.standalonetf)",115
"2016-09-01 00:00:00","first_app:standalonetf","_exists_:(user_mau.1712.topfacemobappandroid OR user_mau.1712.topfacemobappios OR user_mau.1712.topface OR user_mau.1712.standalonetf)",100
"2016-09-01 00:00:00","first_app:standalonetf","_exists_:(user_mau.1801.topfacemobappandroid OR user_mau.1801.topfacemobappios OR user_mau.1801.topface OR user_mau.1801.standalonetf)",90
"2016-09-01 00:00:00","first_app:standalonetf","_exists_:(user_mau.1802.topfacemobappandroid OR user_mau.1802.topfacemobappios OR user_mau.1802.topface OR user_mau.1802.standalonetf)",82
"2016-09-01 00:00:00","first_app:topface AND platform:vk","*",90
"2016-09-01 00:00:00","first_app:topface AND platform:vk","_exists_:(user_mau.1501.topfacemobappandroid OR user_mau.1501.topfacemobappios OR user_mau.1501.topface OR user_mau.1501.standalonetf)",0
"2016-09-01 00:00:00","first_app:topface AND platform:vk","_exists_:(user_mau.1502.topfacemobappandroid OR user_mau.1502.topfacemobappios OR user_mau.1502.topface OR user_mau.1502.standalonetf)",0
"2016-09-01 00:00:00","first_app:topface AND platform:vk","_exists_:(user_mau.1503.topfacemobappandroid OR user_mau.1503.topfacemobappios OR user_mau.1503.topface OR user_mau.1503.standalonetf)",0
"2016-09-01 00:00:00","first_app:topface AND platform:vk","_exists_:(user_mau.1504.topfacemobappandroid OR user_mau.1504.topfacemobappios OR user_mau.1504.topface OR user_mau.1504.standalonetf)",0
"2016-09-01 00:00:00","first_app:topface AND platform:vk","_exists_:(user_mau.1505.topfacemobappandroid OR user_mau.1505.topfacemobappios OR user_mau.1505.topface OR user_mau.1505.standalonetf)",0
"2016-09-01 00:00:00","first_app:topface AND platform:vk","_exists_:(user_mau.1506.topfacemobappandroid OR user_mau.1506.topfacemobappios OR user_mau.1506.topface OR user_mau.1506.standalonetf)",0
"2016-09-01 00:00:00","first_app:topface AND platform:vk","_exists_:(user_mau.1507.topfacemobappandroid OR user_mau.1507.topfacemobappios OR user_mau.1507.topface OR user_mau.1507.standalonetf)",0
"2016-09-01 00:00:00","first_app:topface AND platform:vk","_exists_:(user_mau.1508.topfacemobappandroid OR user_mau.1508.topfacemobappios OR user_mau.1508.topface OR user_mau.1508.standalonetf)",0
"2016-09-01 00:00:00","first_app:topface AND platform:vk","_exists_:(user_mau.1509.topfacemobappandroid OR user_mau.1509.topfacemobappios OR user_mau.1509.topface OR user_mau.1509.standalonetf)",0
"2016-09-01 00:00:00","first_app:topface AND platform:vk","_exists_:(user_mau.1510.topfacemobappandroid OR user_mau.1510.topfacemobappios OR user_mau.1510.topface OR user_mau.1510.standalonetf)",0
"2016-09-01 00:00:00","first_app:topface AND platform:vk","_exists_:(user_mau.1511.topfacemobappandroid OR user_mau.1511.topfacemobappios OR user_mau.1511.topface OR user_mau.1511.standalonetf)",0
"2016-09-01 00:00:00","first_app:topface AND platform:vk","_exists_:(user_mau.1512.topfacemobappandroid OR user_mau.1512.topfacemobappios OR user_mau.1512.topface OR user_mau.1512.standalonetf)",0
"2016-09-01 00:00:00","first_app:topface AND platform:vk","_exists_:(user_mau.1601.topfacemobappandroid OR user_mau.1601.topfacemobappios OR user_mau.1601.topface OR user_mau.1601.standalonetf)",0
"2016-09-01 00:00:00","first_app:topface AND platform:vk","_exists_:(user_mau.1602.topfacemobappandroid OR user_mau.1602.topfacemobappios OR user_mau.1602.topface OR user_mau.1602.standalonetf)",0
"2016-09-01 00:00:00","first_app:topface AND platform:vk","_exists_:(user_mau.1603.topfacemobappandroid OR user_mau.1603.topfacemobappios OR user_mau.1603.topface OR user_mau.1603.standalonetf)",0
"2016-09-01 00:00:00","first_app:topface AND platform:vk","_exists_:(user_mau.1604.topfacemobappandroid OR user_mau.1604.topfacemobappios OR user_mau.1604.topface OR user_mau.1604.standalonetf)",0
"2016-09-01 00:00:00","first_app:topface AND platform:vk","_exists_:(user_mau.1605.topfacemobappandroid OR user_mau.1605.topfacemobappios OR user_mau.1605.topface OR user_mau.1605.standalonetf)",0
"2016-09-01 00:00:00","first_app:topface AND platform:vk","_exists_:(user_mau.1606.topfacemobappandroid OR user_mau.1606.topfacemobappios OR user_mau.1606.topface OR user_mau.1606.standalonetf)",0
"2016-09-01 00:00:00","first_app:topface AND platform:vk","_exists_:(user_mau.1607.topfacemobappandroid OR user_mau.1607.topfacemobappios OR user_mau.1607.topface OR user_mau.1607.standalonetf)",0
"2016-09-01 00:00:00","first_app:topface AND platform:vk","_exists_:(user_mau.1608.topfacemobappandroid OR user_mau.1608.topfacemobappios OR user_mau.1608.topface OR user_mau.1608.standalonetf)",0
"2016-09-01 00:00:00","first_app:topface AND platform:vk","_exists_:(user_mau.1609.topfacemobappandroid OR user_mau.1609.topfacemobappios OR user_mau.1609.topface OR user_mau.1609.standalonetf)",90
"2016-09-01 00:00:00","first_app:topface AND platform:vk","_exists_:(user_mau.1610.topfacemobappandroid OR user_mau.1610.topfacemobappios OR user_mau.1610.topface OR user_mau.1610.standalonetf)",35
"2016-09-01 00:00:00","first_app:topface AND platform:vk","_exists_:(user_mau.1611.topfacemobappandroid OR user_mau.1611.topfacemobappios OR user_mau.1611.topface OR user_mau.1611.standalonetf)",26
"2016-09-01 00:00:00","first_app:topface AND platform:vk","_exists_:(user_mau.1612.topfacemobappandroid OR user_mau.1612.topfacemobappios OR user_mau.1612.topface OR user_mau.1612.standalonetf)",22
"2016-09-01 00:00:00","first_app:topface AND platform:vk","_exists_:(user_mau.1701.topfacemobappandroid OR user_mau.1701.topfacemobappios OR user_mau.1701.topface OR user_mau.1701.standalonetf)",13
"2016-09-01 00:00:00","first_app:topface AND platform:vk","_exists_:(user_mau.1702.topfacemobappandroid OR user_mau.1702.topfacemobappios OR user_mau.1702.topface OR user_mau.1702.standalonetf)",11
"2016-09-01 00:00:00","first_app:topface AND platform:vk","_exists_:(user_mau.1703.topfacemobappandroid OR user_mau.1703.topfacemobappios OR user_mau.1703.topface OR user_mau.1703.standalonetf)",9
"2016-09-01 00:00:00","first_app:topface AND platform:vk","_exists_:(user_mau.1704.topfacemobappandroid OR user_mau.1704.topfacemobappios OR user_mau.1704.topface OR user_mau.1704.standalonetf)",10
"2016-09-01 00:00:00","first_app:topface AND platform:vk","_exists_:(user_mau.1705.topfacemobappandroid OR user_mau.1705.topfacemobappios OR user_mau.1705.topface OR user_mau.1705.standalonetf)",8
"2016-09-01 00:00:00","first_app:topface AND platform:vk","_exists_:(user_mau.1706.topfacemobappandroid OR user_mau.1706.topfacemobappios OR user_mau.1706.topface OR user_mau.1706.standalonetf)",6
"2016-09-01 00:00:00","first_app:topface AND platform:vk","_exists_:(user_mau.1707.topfacemobappandroid OR user_mau.1707.topfacemobappios OR user_mau.1707.topface OR user_mau.1707.standalonetf)",10
"2016-09-01 00:00:00","first_app:topface AND platform:vk","_exists_:(user_mau.1708.topfacemobappandroid OR user_mau.1708.topfacemobappios OR user_mau.1708.topface OR user_mau.1708.standalonetf)",7
"2016-09-01 00:00:00","first_app:topface AND platform:vk","_exists_:(user_mau.1709.topfacemobappandroid OR user_mau.1709.topfacemobappios OR user_mau.1709.topface OR user_mau.1709.standalonetf)",7
"2016-09-01 00:00:00","first_app:topface AND platform:vk","_exists_:(user_mau.1710.topfacemobappandroid OR user_mau.1710.topfacemobappios OR user_mau.1710.topface OR user_mau.1710.standalonetf)",6
"2016-09-01 00:00:00","first_app:topface AND platform:vk","_exists_:(user_mau.1711.topfacemobappandroid OR user_mau.1711.topfacemobappios OR user_mau.1711.topface OR user_mau.1711.standalonetf)",6
"2016-09-01 00:00:00","first_app:topface AND platform:vk","_exists_:(user_mau.1712.topfacemobappandroid OR user_mau.1712.topfacemobappios OR user_mau.1712.topface OR user_mau.1712.standalonetf)",6
"2016-09-01 00:00:00","first_app:topface AND platform:vk","_exists_:(user_mau.1801.topfacemobappandroid OR user_mau.1801.topfacemobappios OR user_mau.1801.topface OR user_mau.1801.standalonetf)",7
"2016-09-01 00:00:00","first_app:topface AND platform:vk","_exists_:(user_mau.1802.topfacemobappandroid OR user_mau.1802.topfacemobappios OR user_mau.1802.topface OR user_mau.1802.standalonetf)",5
"2016-09-01 00:00:00","first_app:topface AND platform:ok","*",17
"2016-09-01 00:00:00","first_app:topface AND platform:ok","_exists_:(user_mau.1501.topfacemobappandroid OR user_mau.1501.topfacemobappios OR user_mau.1501.topface OR user_mau.1501.standalonetf)",0
"2016-09-01 00:00:00","first_app:topface AND platform:ok","_exists_:(user_mau.1502.topfacemobappandroid OR user_mau.1502.topfacemobappios OR user_mau.1502.topface OR user_mau.1502.standalonetf)",0
"2016-09-01 00:00:00","first_app:topface AND platform:ok","_exists_:(user_mau.1503.topfacemobappandroid OR user_mau.1503.topfacemobappios OR user_mau.1503.topface OR user_mau.1503.standalonetf)",0
"2016-09-01 00:00:00","first_app:topface AND platform:ok","_exists_:(user_mau.1504.topfacemobappandroid OR user_mau.1504.topfacemobappios OR user_mau.1504.topface OR user_mau.1504.standalonetf)",0
"2016-09-01 00:00:00","first_app:topface AND platform:ok","_exists_:(user_mau.1505.topfacemobappandroid OR user_mau.1505.topfacemobappios OR user_mau.1505.topface OR user_mau.1505.standalonetf)",0
"2016-09-01 00:00:00","first_app:topface AND platform:ok","_exists_:(user_mau.1506.topfacemobappandroid OR user_mau.1506.topfacemobappios OR user_mau.1506.topface OR user_mau.1506.standalonetf)",0
"2016-09-01 00:00:00","first_app:topface AND platform:ok","_exists_:(user_mau.1507.topfacemobappandroid OR user_mau.1507.topfacemobappios OR user_mau.1507.topface OR user_mau.1507.standalonetf)",0
"2016-09-01 00:00:00","first_app:topface AND platform:ok","_exists_:(user_mau.1508.topfacemobappandroid OR user_mau.1508.topfacemobappios OR user_mau.1508.topface OR user_mau.1508.standalonetf)",0
"2016-09-01 00:00:00","first_app:topface AND platform:ok","_exists_:(user_mau.1509.topfacemobappandroid OR user_mau.1509.topfacemobappios OR user_mau.1509.topface OR user_mau.1509.standalonetf)",0
"2016-09-01 00:00:00","first_app:topface AND platform:ok","_exists_:(user_mau.1510.topfacemobappandroid OR user_mau.1510.topfacemobappios OR user_mau.1510.topface OR user_mau.1510.standalonetf)",0
"2016-09-01 00:00:00","first_app:topface AND platform:ok","_exists_:(user_mau.1511.topfacemobappandroid OR user_mau.1511.topfacemobappios OR user_mau.1511.topface OR user_mau.1511.standalonetf)",0
"2016-09-01 00:00:00","first_app:topface AND platform:ok","_exists_:(user_mau.1512.topfacemobappandroid OR user_mau.1512.topfacemobappios OR user_mau.1512.topface OR user_mau.1512.standalonetf)",0
"2016-09-01 00:00:00","first_app:topface AND platform:ok","_exists_:(user_mau.1601.topfacemobappandroid OR user_mau.1601.topfacemobappios OR user_mau.1601.topface OR user_mau.1601.standalonetf)",0
"2016-09-01 00:00:00","first_app:topface AND platform:ok","_exists_:(user_mau.1602.topfacemobappandroid OR user_mau.1602.topfacemobappios OR user_mau.1602.topface OR user_mau.1602.standalonetf)",0
"2016-09-01 00:00:00","first_app:topface AND platform:ok","_exists_:(user_mau.1603.topfacemobappandroid OR user_mau.1603.topfacemobappios OR user_mau.1603.topface OR user_mau.1603.standalonetf)",0
"2016-09-01 00:00:00","first_app:topface AND platform:ok","_exists_:(user_mau.1604.topfacemobappandroid OR user_mau.1604.topfacemobappios OR user_mau.1604.topface OR user_mau.1604.standalonetf)",0
"2016-09-01 00:00:00","first_app:topface AND platform:ok","_exists_:(user_mau.1605.topfacemobappandroid OR user_mau.1605.topfacemobappios OR user_mau.1605.topface OR user_mau.1605.standalonetf)",0
"2016-09-01 00:00:00","first_app:topface AND platform:ok","_exists_:(user_mau.1606.topfacemobappandroid OR user_mau.1606.topfacemobappios OR user_mau.1606.topface OR user_mau.1606.standalonetf)",0
"2016-09-01 00:00:00","first_app:topface AND platform:ok","_exists_:(user_mau.1607.topfacemobappandroid OR user_mau.1607.topfacemobappios OR user_mau.1607.topface OR user_mau.1607.standalonetf)",0
"2016-09-01 00:00:00","first_app:topface AND platform:ok","_exists_:(user_mau.1608.topfacemobappandroid OR user_mau.1608.topfacemobappios OR user_mau.1608.topface OR user_mau.1608.standalonetf)",0
"2016-09-01 00:00:00","first_app:topface AND platform:ok","_exists_:(user_mau.1609.topfacemobappandroid OR user_mau.1609.topfacemobappios OR user_mau.1609.topface OR user_mau.1609.standalonetf)",17
"2016-09-01 00:00:00","first_app:topface AND platform:ok","_exists_:(user_mau.1610.topfacemobappandroid OR user_mau.1610.topfacemobappios OR user_mau.1610.topface OR user_mau.1610.standalonetf)",5
"2016-09-01 00:00:00","first_app:topface AND platform:ok","_exists_:(user_mau.1611.topfacemobappandroid OR user_mau.1611.topfacemobappios OR user_mau.1611.topface OR user_mau.1611.standalonetf)",3
"2016-09-01 00:00:00","first_app:topface AND platform:ok","_exists_:(user_mau.1612.topfacemobappandroid OR user_mau.1612.topfacemobappios OR user_mau.1612.topface OR user_mau.1612.standalonetf)",2
"2016-09-01 00:00:00","first_app:topface AND platform:ok","_exists_:(user_mau.1701.topfacemobappandroid OR user_mau.1701.topfacemobappios OR user_mau.1701.topface OR user_mau.1701.standalonetf)",1
"2016-09-01 00:00:00","first_app:topface AND platform:ok","_exists_:(user_mau.1702.topfacemobappandroid OR user_mau.1702.topfacemobappios OR user_mau.1702.topface OR user_mau.1702.standalonetf)",1
"2016-09-01 00:00:00","first_app:topface AND platform:ok","_exists_:(user_mau.1703.topfacemobappandroid OR user_mau.1703.topfacemobappios OR user_mau.1703.topface OR user_mau.1703.standalonetf)",2
"2016-09-01 00:00:00","first_app:topface AND platform:ok","_exists_:(user_mau.1704.topfacemobappandroid OR user_mau.1704.topfacemobappios OR user_mau.1704.topface OR user_mau.1704.standalonetf)",1
"2016-09-01 00:00:00","first_app:topface AND platform:ok","_exists_:(user_mau.1705.topfacemobappandroid OR user_mau.1705.topfacemobappios OR user_mau.1705.topface OR user_mau.1705.standalonetf)",1
"2016-09-01 00:00:00","first_app:topface AND platform:ok","_exists_:(user_mau.1706.topfacemobappandroid OR user_mau.1706.topfacemobappios OR user_mau.1706.topface OR user_mau.1706.standalonetf)",1
"2016-09-01 00:00:00","first_app:topface AND platform:ok","_exists_:(user_mau.1707.topfacemobappandroid OR user_mau.1707.topfacemobappios OR user_mau.1707.topface OR user_mau.1707.standalonetf)",2
"2016-09-01 00:00:00","first_app:topface AND platform:ok","_exists_:(user_mau.1708.topfacemobappandroid OR user_mau.1708.topfacemobappios OR user_mau.1708.topface OR user_mau.1708.standalonetf)",3
"2016-09-01 00:00:00","first_app:topface AND platform:ok","_exists_:(user_mau.1709.topfacemobappandroid OR user_mau.1709.topfacemobappios OR user_mau.1709.topface OR user_mau.1709.standalonetf)",1
"2016-09-01 00:00:00","first_app:topface AND platform:ok","_exists_:(user_mau.1710.topfacemobappandroid OR user_mau.1710.topfacemobappios OR user_mau.1710.topface OR user_mau.1710.standalonetf)",1
"2016-09-01 00:00:00","first_app:topface AND platform:ok","_exists_:(user_mau.1711.topfacemobappandroid OR user_mau.1711.topfacemobappios OR user_mau.1711.topface OR user_mau.1711.standalonetf)",1
"2016-09-01 00:00:00","first_app:topface AND platform:ok","_exists_:(user_mau.1712.topfacemobappandroid OR user_mau.1712.topfacemobappios OR user_mau.1712.topface OR user_mau.1712.standalonetf)",3
"2016-09-01 00:00:00","first_app:topface AND platform:ok","_exists_:(user_mau.1801.topfacemobappandroid OR user_mau.1801.topfacemobappios OR user_mau.1801.topface OR user_mau.1801.standalonetf)",1
"2016-09-01 00:00:00","first_app:topface AND platform:ok","_exists_:(user_mau.1802.topfacemobappandroid OR user_mau.1802.topfacemobappios OR user_mau.1802.topface OR user_mau.1802.standalonetf)",1
"2016-09-01 00:00:00","first_app:topface AND platform:fb","*",17
"2016-09-01 00:00:00","first_app:topface AND platform:fb","_exists_:(user_mau.1501.topfacemobappandroid OR user_mau.1501.topfacemobappios OR user_mau.1501.topface OR user_mau.1501.standalonetf)",0
"2016-09-01 00:00:00","first_app:topface AND platform:fb","_exists_:(user_mau.1502.topfacemobappandroid OR user_mau.1502.topfacemobappios OR user_mau.1502.topface OR user_mau.1502.standalonetf)",0
"2016-09-01 00:00:00","first_app:topface AND platform:fb","_exists_:(user_mau.1503.topfacemobappandroid OR user_mau.1503.topfacemobappios OR user_mau.1503.topface OR user_mau.1503.standalonetf)",0
"2016-09-01 00:00:00","first_app:topface AND platform:fb","_exists_:(user_mau.1504.topfacemobappandroid OR user_mau.1504.topfacemobappios OR user_mau.1504.topface OR user_mau.1504.standalonetf)",0
"2016-09-01 00:00:00","first_app:topface AND platform:fb","_exists_:(user_mau.1505.topfacemobappandroid OR user_mau.1505.topfacemobappios OR user_mau.1505.topface OR user_mau.1505.standalonetf)",0
"2016-09-01 00:00:00","first_app:topface AND platform:fb","_exists_:(user_mau.1506.topfacemobappandroid OR user_mau.1506.topfacemobappios OR user_mau.1506.topface OR user_mau.1506.standalonetf)",0
"2016-09-01 00:00:00","first_app:topface AND platform:fb","_exists_:(user_mau.1507.topfacemobappandroid OR user_mau.1507.topfacemobappios OR user_mau.1507.topface OR user_mau.1507.standalonetf)",0
"2016-09-01 00:00:00","first_app:topface AND platform:fb","_exists_:(user_mau.1508.topfacemobappandroid OR user_mau.1508.topfacemobappios OR user_mau.1508.topface OR user_mau.1508.standalonetf)",0
"2016-09-01 00:00:00","first_app:topface AND platform:fb","_exists_:(user_mau.1509.topfacemobappandroid OR user_mau.1509.topfacemobappios OR user_mau.1509.topface OR user_mau.1509.standalonetf)",0
"2016-09-01 00:00:00","first_app:topface AND platform:fb","_exists_:(user_mau.1510.topfacemobappandroid OR user_mau.1510.topfacemobappios OR user_mau.1510.topface OR user_mau.1510.standalonetf)",0
"2016-09-01 00:00:00","first_app:topface AND platform:fb","_exists_:(user_mau.1511.topfacemobappandroid OR user_mau.1511.topfacemobappios OR user_mau.1511.topface OR user_mau.1511.standalonetf)",0
"2016-09-01 00:00:00","first_app:topface AND platform:fb","_exists_:(user_mau.1512.topfacemobappandroid OR user_mau.1512.topfacemobappios OR user_mau.1512.topface OR user_mau.1512.standalonetf)",0
"2016-09-01 00:00:00","first_app:topface AND platform:fb","_exists_:(user_mau.1601.topfacemobappandroid OR user_mau.1601.topfacemobappios OR user_mau.1601.topface OR user_mau.1601.standalonetf)",0
"2016-09-01 00:00:00","first_app:topface AND platform:fb","_exists_:(user_mau.1602.topfacemobappandroid OR user_mau.1602.topfacemobappios OR user_mau.1602.topface OR user_mau.1602.standalonetf)",0
"2016-09-01 00:00:00","first_app:topface AND platform:fb","_exists_:(user_mau.1603.topfacemobappandroid OR user_mau.1603.topfacemobappios OR user_mau.1603.topface OR user_mau.1603.standalonetf)",0
"2016-09-01 00:00:00","first_app:topface AND platform:fb","_exists_:(user_mau.1604.topfacemobappandroid OR user_mau.1604.topfacemobappios OR user_mau.1604.topface OR user_mau.1604.standalonetf)",0
"2016-09-01 00:00:00","first_app:topface AND platform:fb","_exists_:(user_mau.1605.topfacemobappandroid OR user_mau.1605.topfacemobappios OR user_mau.1605.topface OR user_mau.1605.standalonetf)",0
"2016-09-01 00:00:00","first_app:topface AND platform:fb","_exists_:(user_mau.1606.topfacemobappandroid OR user_mau.1606.topfacemobappios OR user_mau.1606.topface OR user_mau.1606.standalonetf)",0
"2016-09-01 00:00:00","first_app:topface AND platform:fb","_exists_:(user_mau.1607.topfacemobappandroid OR user_mau.1607.topfacemobappios OR user_mau.1607.topface OR user_mau.1607.standalonetf)",0
"2016-09-01 00:00:00","first_app:topface AND platform:fb","_exists_:(user_mau.1608.topfacemobappandroid OR user_mau.1608.topfacemobappios OR user_mau.1608.topface OR user_mau.1608.standalonetf)",0
"2016-09-01 00:00:00","first_app:topface AND platform:fb","_exists_:(user_mau.1609.topfacemobappandroid OR user_mau.1609.topfacemobappios OR user_mau.1609.topface OR user_mau.1609.standalonetf)",17
"2016-09-01 00:00:00","first_app:topface AND platform:fb","_exists_:(user_mau.1610.topfacemobappandroid OR user_mau.1610.topfacemobappios OR user_mau.1610.topface OR user_mau.1610.standalonetf)",8
"2016-09-01 00:00:00","first_app:topface AND platform:fb","_exists_:(user_mau.1611.topfacemobappandroid OR user_mau.1611.topfacemobappios OR user_mau.1611.topface OR user_mau.1611.standalonetf)",3
"2016-09-01 00:00:00","first_app:topface AND platform:fb","_exists_:(user_mau.1612.topfacemobappandroid OR user_mau.1612.topfacemobappios OR user_mau.1612.topface OR user_mau.1612.standalonetf)",4
"2016-09-01 00:00:00","first_app:topface AND platform:fb","_exists_:(user_mau.1701.topfacemobappandroid OR user_mau.1701.topfacemobappios OR user_mau.1701.topface OR user_mau.1701.standalonetf)",6
"2016-09-01 00:00:00","first_app:topface AND platform:fb","_exists_:(user_mau.1702.topfacemobappandroid OR user_mau.1702.topfacemobappios OR user_mau.1702.topface OR user_mau.1702.standalonetf)",5
"2016-09-01 00:00:00","first_app:topface AND platform:fb","_exists_:(user_mau.1703.topfacemobappandroid OR user_mau.1703.topfacemobappios OR user_mau.1703.topface OR user_mau.1703.standalonetf)",5
"2016-09-01 00:00:00","first_app:topface AND platform:fb","_exists_:(user_mau.1704.topfacemobappandroid OR user_mau.1704.topfacemobappios OR user_mau.1704.topface OR user_mau.1704.standalonetf)",4
"2016-09-01 00:00:00","first_app:topface AND platform:fb","_exists_:(user_mau.1705.topfacemobappandroid OR user_mau.1705.topfacemobappios OR user_mau.1705.topface OR user_mau.1705.standalonetf)",2
"2016-09-01 00:00:00","first_app:topface AND platform:fb","_exists_:(user_mau.1706.topfacemobappandroid OR user_mau.1706.topfacemobappios OR user_mau.1706.topface OR user_mau.1706.standalonetf)",0
"2016-09-01 00:00:00","first_app:topface AND platform:fb","_exists_:(user_mau.1707.topfacemobappandroid OR user_mau.1707.topfacemobappios OR user_mau.1707.topface OR user_mau.1707.standalonetf)",0
"2016-09-01 00:00:00","first_app:topface AND platform:fb","_exists_:(user_mau.1708.topfacemobappandroid OR user_mau.1708.topfacemobappios OR user_mau.1708.topface OR user_mau.1708.standalonetf)",1
"2016-09-01 00:00:00","first_app:topface AND platform:fb","_exists_:(user_mau.1709.topfacemobappandroid OR user_mau.1709.topfacemobappios OR user_mau.1709.topface OR user_mau.1709.standalonetf)",0
"2016-09-01 00:00:00","first_app:topface AND platform:fb","_exists_:(user_mau.1710.topfacemobappandroid OR user_mau.1710.topfacemobappios OR user_mau.1710.topface OR user_mau.1710.standalonetf)",1
"2016-09-01 00:00:00","first_app:topface AND platform:fb","_exists_:(user_mau.1711.topfacemobappandroid OR user_mau.1711.topfacemobappios OR user_mau.1711.topface OR user_mau.1711.standalonetf)",1
"2016-09-01 00:00:00","first_app:topface AND platform:fb","_exists_:(user_mau.1712.topfacemobappandroid OR user_mau.1712.topfacemobappios OR user_mau.1712.topface OR user_mau.1712.standalonetf)",1
"2016-09-01 00:00:00","first_app:topface AND platform:fb","_exists_:(user_mau.1801.topfacemobappandroid OR user_mau.1801.topfacemobappios OR user_mau.1801.topface OR user_mau.1801.standalonetf)",2
"2016-09-01 00:00:00","first_app:topface AND platform:fb","_exists_:(user_mau.1802.topfacemobappandroid OR user_mau.1802.topfacemobappios OR user_mau.1802.topface OR user_mau.1802.standalonetf)",1
"2016-10-01 00:00:00","first_app:topfacemobappandroid","*","88,731"
"2016-10-01 00:00:00","first_app:topfacemobappandroid","_exists_:(user_mau.1501.topfacemobappandroid OR user_mau.1501.topfacemobappios OR user_mau.1501.topface OR user_mau.1501.standalonetf)",0
"2016-10-01 00:00:00","first_app:topfacemobappandroid","_exists_:(user_mau.1502.topfacemobappandroid OR user_mau.1502.topfacemobappios OR user_mau.1502.topface OR user_mau.1502.standalonetf)",0
"2016-10-01 00:00:00","first_app:topfacemobappandroid","_exists_:(user_mau.1503.topfacemobappandroid OR user_mau.1503.topfacemobappios OR user_mau.1503.topface OR user_mau.1503.standalonetf)",0
"2016-10-01 00:00:00","first_app:topfacemobappandroid","_exists_:(user_mau.1504.topfacemobappandroid OR user_mau.1504.topfacemobappios OR user_mau.1504.topface OR user_mau.1504.standalonetf)",0
"2016-10-01 00:00:00","first_app:topfacemobappandroid","_exists_:(user_mau.1505.topfacemobappandroid OR user_mau.1505.topfacemobappios OR user_mau.1505.topface OR user_mau.1505.standalonetf)",0
"2016-10-01 00:00:00","first_app:topfacemobappandroid","_exists_:(user_mau.1506.topfacemobappandroid OR user_mau.1506.topfacemobappios OR user_mau.1506.topface OR user_mau.1506.standalonetf)",0
"2016-10-01 00:00:00","first_app:topfacemobappandroid","_exists_:(user_mau.1507.topfacemobappandroid OR user_mau.1507.topfacemobappios OR user_mau.1507.topface OR user_mau.1507.standalonetf)",0
"2016-10-01 00:00:00","first_app:topfacemobappandroid","_exists_:(user_mau.1508.topfacemobappandroid OR user_mau.1508.topfacemobappios OR user_mau.1508.topface OR user_mau.1508.standalonetf)",0
"2016-10-01 00:00:00","first_app:topfacemobappandroid","_exists_:(user_mau.1509.topfacemobappandroid OR user_mau.1509.topfacemobappios OR user_mau.1509.topface OR user_mau.1509.standalonetf)",0
"2016-10-01 00:00:00","first_app:topfacemobappandroid","_exists_:(user_mau.1510.topfacemobappandroid OR user_mau.1510.topfacemobappios OR user_mau.1510.topface OR user_mau.1510.standalonetf)",0
"2016-10-01 00:00:00","first_app:topfacemobappandroid","_exists_:(user_mau.1511.topfacemobappandroid OR user_mau.1511.topfacemobappios OR user_mau.1511.topface OR user_mau.1511.standalonetf)",0
"2016-10-01 00:00:00","first_app:topfacemobappandroid","_exists_:(user_mau.1512.topfacemobappandroid OR user_mau.1512.topfacemobappios OR user_mau.1512.topface OR user_mau.1512.standalonetf)",0
"2016-10-01 00:00:00","first_app:topfacemobappandroid","_exists_:(user_mau.1601.topfacemobappandroid OR user_mau.1601.topfacemobappios OR user_mau.1601.topface OR user_mau.1601.standalonetf)",0
"2016-10-01 00:00:00","first_app:topfacemobappandroid","_exists_:(user_mau.1602.topfacemobappandroid OR user_mau.1602.topfacemobappios OR user_mau.1602.topface OR user_mau.1602.standalonetf)",0
"2016-10-01 00:00:00","first_app:topfacemobappandroid","_exists_:(user_mau.1603.topfacemobappandroid OR user_mau.1603.topfacemobappios OR user_mau.1603.topface OR user_mau.1603.standalonetf)",0
"2016-10-01 00:00:00","first_app:topfacemobappandroid","_exists_:(user_mau.1604.topfacemobappandroid OR user_mau.1604.topfacemobappios OR user_mau.1604.topface OR user_mau.1604.standalonetf)",0
"2016-10-01 00:00:00","first_app:topfacemobappandroid","_exists_:(user_mau.1605.topfacemobappandroid OR user_mau.1605.topfacemobappios OR user_mau.1605.topface OR user_mau.1605.standalonetf)",0
"2016-10-01 00:00:00","first_app:topfacemobappandroid","_exists_:(user_mau.1606.topfacemobappandroid OR user_mau.1606.topfacemobappios OR user_mau.1606.topface OR user_mau.1606.standalonetf)",0
"2016-10-01 00:00:00","first_app:topfacemobappandroid","_exists_:(user_mau.1607.topfacemobappandroid OR user_mau.1607.topfacemobappios OR user_mau.1607.topface OR user_mau.1607.standalonetf)",0
"2016-10-01 00:00:00","first_app:topfacemobappandroid","_exists_:(user_mau.1608.topfacemobappandroid OR user_mau.1608.topfacemobappios OR user_mau.1608.topface OR user_mau.1608.standalonetf)",0
"2016-10-01 00:00:00","first_app:topfacemobappandroid","_exists_:(user_mau.1609.topfacemobappandroid OR user_mau.1609.topfacemobappios OR user_mau.1609.topface OR user_mau.1609.standalonetf)",0
"2016-10-01 00:00:00","first_app:topfacemobappandroid","_exists_:(user_mau.1610.topfacemobappandroid OR user_mau.1610.topfacemobappios OR user_mau.1610.topface OR user_mau.1610.standalonetf)","88,348"
"2016-10-01 00:00:00","first_app:topfacemobappandroid","_exists_:(user_mau.1611.topfacemobappandroid OR user_mau.1611.topfacemobappios OR user_mau.1611.topface OR user_mau.1611.standalonetf)","18,204"
"2016-10-01 00:00:00","first_app:topfacemobappandroid","_exists_:(user_mau.1612.topfacemobappandroid OR user_mau.1612.topfacemobappios OR user_mau.1612.topface OR user_mau.1612.standalonetf)","9,615"
"2016-10-01 00:00:00","first_app:topfacemobappandroid","_exists_:(user_mau.1701.topfacemobappandroid OR user_mau.1701.topfacemobappios OR user_mau.1701.topface OR user_mau.1701.standalonetf)","6,602"
"2016-10-01 00:00:00","first_app:topfacemobappandroid","_exists_:(user_mau.1702.topfacemobappandroid OR user_mau.1702.topfacemobappios OR user_mau.1702.topface OR user_mau.1702.standalonetf)","5,075"
"2016-10-01 00:00:00","first_app:topfacemobappandroid","_exists_:(user_mau.1703.topfacemobappandroid OR user_mau.1703.topfacemobappios OR user_mau.1703.topface OR user_mau.1703.standalonetf)","4,679"
"2016-10-01 00:00:00","first_app:topfacemobappandroid","_exists_:(user_mau.1704.topfacemobappandroid OR user_mau.1704.topfacemobappios OR user_mau.1704.topface OR user_mau.1704.standalonetf)","3,529"
"2016-10-01 00:00:00","first_app:topfacemobappandroid","_exists_:(user_mau.1705.topfacemobappandroid OR user_mau.1705.topfacemobappios OR user_mau.1705.topface OR user_mau.1705.standalonetf)","3,597"
"2016-10-01 00:00:00","first_app:topfacemobappandroid","_exists_:(user_mau.1706.topfacemobappandroid OR user_mau.1706.topfacemobappios OR user_mau.1706.topface OR user_mau.1706.standalonetf)","3,251"
"2016-10-01 00:00:00","first_app:topfacemobappandroid","_exists_:(user_mau.1707.topfacemobappandroid OR user_mau.1707.topfacemobappios OR user_mau.1707.topface OR user_mau.1707.standalonetf)","2,745"
"2016-10-01 00:00:00","first_app:topfacemobappandroid","_exists_:(user_mau.1708.topfacemobappandroid OR user_mau.1708.topfacemobappios OR user_mau.1708.topface OR user_mau.1708.standalonetf)","3,038"
"2016-10-01 00:00:00","first_app:topfacemobappandroid","_exists_:(user_mau.1709.topfacemobappandroid OR user_mau.1709.topfacemobappios OR user_mau.1709.topface OR user_mau.1709.standalonetf)","2,694"
"2016-10-01 00:00:00","first_app:topfacemobappandroid","_exists_:(user_mau.1710.topfacemobappandroid OR user_mau.1710.topfacemobappios OR user_mau.1710.topface OR user_mau.1710.standalonetf)","2,683"
"2016-10-01 00:00:00","first_app:topfacemobappandroid","_exists_:(user_mau.1711.topfacemobappandroid OR user_mau.1711.topfacemobappios OR user_mau.1711.topface OR user_mau.1711.standalonetf)","2,355"
"2016-10-01 00:00:00","first_app:topfacemobappandroid","_exists_:(user_mau.1712.topfacemobappandroid OR user_mau.1712.topfacemobappios OR user_mau.1712.topface OR user_mau.1712.standalonetf)","2,075"
"2016-10-01 00:00:00","first_app:topfacemobappandroid","_exists_:(user_mau.1801.topfacemobappandroid OR user_mau.1801.topfacemobappios OR user_mau.1801.topface OR user_mau.1801.standalonetf)","1,531"
"2016-10-01 00:00:00","first_app:topfacemobappandroid","_exists_:(user_mau.1802.topfacemobappandroid OR user_mau.1802.topfacemobappios OR user_mau.1802.topface OR user_mau.1802.standalonetf)","1,321"
"2016-10-01 00:00:00","first_app:topfacemobappios","*","49,880"
"2016-10-01 00:00:00","first_app:topfacemobappios","_exists_:(user_mau.1501.topfacemobappandroid OR user_mau.1501.topfacemobappios OR user_mau.1501.topface OR user_mau.1501.standalonetf)",0
"2016-10-01 00:00:00","first_app:topfacemobappios","_exists_:(user_mau.1502.topfacemobappandroid OR user_mau.1502.topfacemobappios OR user_mau.1502.topface OR user_mau.1502.standalonetf)",0
"2016-10-01 00:00:00","first_app:topfacemobappios","_exists_:(user_mau.1503.topfacemobappandroid OR user_mau.1503.topfacemobappios OR user_mau.1503.topface OR user_mau.1503.standalonetf)",0
"2016-10-01 00:00:00","first_app:topfacemobappios","_exists_:(user_mau.1504.topfacemobappandroid OR user_mau.1504.topfacemobappios OR user_mau.1504.topface OR user_mau.1504.standalonetf)",0
"2016-10-01 00:00:00","first_app:topfacemobappios","_exists_:(user_mau.1505.topfacemobappandroid OR user_mau.1505.topfacemobappios OR user_mau.1505.topface OR user_mau.1505.standalonetf)",0
"2016-10-01 00:00:00","first_app:topfacemobappios","_exists_:(user_mau.1506.topfacemobappandroid OR user_mau.1506.topfacemobappios OR user_mau.1506.topface OR user_mau.1506.standalonetf)",0
"2016-10-01 00:00:00","first_app:topfacemobappios","_exists_:(user_mau.1507.topfacemobappandroid OR user_mau.1507.topfacemobappios OR user_mau.1507.topface OR user_mau.1507.standalonetf)",0
"2016-10-01 00:00:00","first_app:topfacemobappios","_exists_:(user_mau.1508.topfacemobappandroid OR user_mau.1508.topfacemobappios OR user_mau.1508.topface OR user_mau.1508.standalonetf)",0
"2016-10-01 00:00:00","first_app:topfacemobappios","_exists_:(user_mau.1509.topfacemobappandroid OR user_mau.1509.topfacemobappios OR user_mau.1509.topface OR user_mau.1509.standalonetf)",0
"2016-10-01 00:00:00","first_app:topfacemobappios","_exists_:(user_mau.1510.topfacemobappandroid OR user_mau.1510.topfacemobappios OR user_mau.1510.topface OR user_mau.1510.standalonetf)",0
"2016-10-01 00:00:00","first_app:topfacemobappios","_exists_:(user_mau.1511.topfacemobappandroid OR user_mau.1511.topfacemobappios OR user_mau.1511.topface OR user_mau.1511.standalonetf)",0
"2016-10-01 00:00:00","first_app:topfacemobappios","_exists_:(user_mau.1512.topfacemobappandroid OR user_mau.1512.topfacemobappios OR user_mau.1512.topface OR user_mau.1512.standalonetf)",0
"2016-10-01 00:00:00","first_app:topfacemobappios","_exists_:(user_mau.1601.topfacemobappandroid OR user_mau.1601.topfacemobappios OR user_mau.1601.topface OR user_mau.1601.standalonetf)",0
"2016-10-01 00:00:00","first_app:topfacemobappios","_exists_:(user_mau.1602.topfacemobappandroid OR user_mau.1602.topfacemobappios OR user_mau.1602.topface OR user_mau.1602.standalonetf)",0
"2016-10-01 00:00:00","first_app:topfacemobappios","_exists_:(user_mau.1603.topfacemobappandroid OR user_mau.1603.topfacemobappios OR user_mau.1603.topface OR user_mau.1603.standalonetf)",0
"2016-10-01 00:00:00","first_app:topfacemobappios","_exists_:(user_mau.1604.topfacemobappandroid OR user_mau.1604.topfacemobappios OR user_mau.1604.topface OR user_mau.1604.standalonetf)",0
"2016-10-01 00:00:00","first_app:topfacemobappios","_exists_:(user_mau.1605.topfacemobappandroid OR user_mau.1605.topfacemobappios OR user_mau.1605.topface OR user_mau.1605.standalonetf)",0
"2016-10-01 00:00:00","first_app:topfacemobappios","_exists_:(user_mau.1606.topfacemobappandroid OR user_mau.1606.topfacemobappios OR user_mau.1606.topface OR user_mau.1606.standalonetf)",0
"2016-10-01 00:00:00","first_app:topfacemobappios","_exists_:(user_mau.1607.topfacemobappandroid OR user_mau.1607.topfacemobappios OR user_mau.1607.topface OR user_mau.1607.standalonetf)",0
"2016-10-01 00:00:00","first_app:topfacemobappios","_exists_:(user_mau.1608.topfacemobappandroid OR user_mau.1608.topfacemobappios OR user_mau.1608.topface OR user_mau.1608.standalonetf)",0
"2016-10-01 00:00:00","first_app:topfacemobappios","_exists_:(user_mau.1609.topfacemobappandroid OR user_mau.1609.topfacemobappios OR user_mau.1609.topface OR user_mau.1609.standalonetf)",0
"2016-10-01 00:00:00","first_app:topfacemobappios","_exists_:(user_mau.1610.topfacemobappandroid OR user_mau.1610.topfacemobappios OR user_mau.1610.topface OR user_mau.1610.standalonetf)","49,672"
"2016-10-01 00:00:00","first_app:topfacemobappios","_exists_:(user_mau.1611.topfacemobappandroid OR user_mau.1611.topfacemobappios OR user_mau.1611.topface OR user_mau.1611.standalonetf)","9,721"
"2016-10-01 00:00:00","first_app:topfacemobappios","_exists_:(user_mau.1612.topfacemobappandroid OR user_mau.1612.topfacemobappios OR user_mau.1612.topface OR user_mau.1612.standalonetf)","4,347"
"2016-10-01 00:00:00","first_app:topfacemobappios","_exists_:(user_mau.1701.topfacemobappandroid OR user_mau.1701.topfacemobappios OR user_mau.1701.topface OR user_mau.1701.standalonetf)","2,791"
"2016-10-01 00:00:00","first_app:topfacemobappios","_exists_:(user_mau.1702.topfacemobappandroid OR user_mau.1702.topfacemobappios OR user_mau.1702.topface OR user_mau.1702.standalonetf)","1,947"
"2016-10-01 00:00:00","first_app:topfacemobappios","_exists_:(user_mau.1703.topfacemobappandroid OR user_mau.1703.topfacemobappios OR user_mau.1703.topface OR user_mau.1703.standalonetf)","1,899"
"2016-10-01 00:00:00","first_app:topfacemobappios","_exists_:(user_mau.1704.topfacemobappandroid OR user_mau.1704.topfacemobappios OR user_mau.1704.topface OR user_mau.1704.standalonetf)","1,347"
"2016-10-01 00:00:00","first_app:topfacemobappios","_exists_:(user_mau.1705.topfacemobappandroid OR user_mau.1705.topfacemobappios OR user_mau.1705.topface OR user_mau.1705.standalonetf)","1,434"
"2016-10-01 00:00:00","first_app:topfacemobappios","_exists_:(user_mau.1706.topfacemobappandroid OR user_mau.1706.topfacemobappios OR user_mau.1706.topface OR user_mau.1706.standalonetf)","1,357"
"2016-10-01 00:00:00","first_app:topfacemobappios","_exists_:(user_mau.1707.topfacemobappandroid OR user_mau.1707.topfacemobappios OR user_mau.1707.topface OR user_mau.1707.standalonetf)","1,101"
"2016-10-01 00:00:00","first_app:topfacemobappios","_exists_:(user_mau.1708.topfacemobappandroid OR user_mau.1708.topfacemobappios OR user_mau.1708.topface OR user_mau.1708.standalonetf)","1,167"
"2016-10-01 00:00:00","first_app:topfacemobappios","_exists_:(user_mau.1709.topfacemobappandroid OR user_mau.1709.topfacemobappios OR user_mau.1709.topface OR user_mau.1709.standalonetf)","1,072"
"2016-10-01 00:00:00","first_app:topfacemobappios","_exists_:(user_mau.1710.topfacemobappandroid OR user_mau.1710.topfacemobappios OR user_mau.1710.topface OR user_mau.1710.standalonetf)","1,122"
"2016-10-01 00:00:00","first_app:topfacemobappios","_exists_:(user_mau.1711.topfacemobappandroid OR user_mau.1711.topfacemobappios OR user_mau.1711.topface OR user_mau.1711.standalonetf)",892
"2016-10-01 00:00:00","first_app:topfacemobappios","_exists_:(user_mau.1712.topfacemobappandroid OR user_mau.1712.topfacemobappios OR user_mau.1712.topface OR user_mau.1712.standalonetf)",942
"2016-10-01 00:00:00","first_app:topfacemobappios","_exists_:(user_mau.1801.topfacemobappandroid OR user_mau.1801.topfacemobappios OR user_mau.1801.topface OR user_mau.1801.standalonetf)",711
"2016-10-01 00:00:00","first_app:topfacemobappios","_exists_:(user_mau.1802.topfacemobappandroid OR user_mau.1802.topfacemobappios OR user_mau.1802.topface OR user_mau.1802.standalonetf)",663
"2016-10-01 00:00:00","first_app:standalonetf","*","2,172"
"2016-10-01 00:00:00","first_app:standalonetf","_exists_:(user_mau.1501.topfacemobappandroid OR user_mau.1501.topfacemobappios OR user_mau.1501.topface OR user_mau.1501.standalonetf)",0
"2016-10-01 00:00:00","first_app:standalonetf","_exists_:(user_mau.1502.topfacemobappandroid OR user_mau.1502.topfacemobappios OR user_mau.1502.topface OR user_mau.1502.standalonetf)",0
"2016-10-01 00:00:00","first_app:standalonetf","_exists_:(user_mau.1503.topfacemobappandroid OR user_mau.1503.topfacemobappios OR user_mau.1503.topface OR user_mau.1503.standalonetf)",0
"2016-10-01 00:00:00","first_app:standalonetf","_exists_:(user_mau.1504.topfacemobappandroid OR user_mau.1504.topfacemobappios OR user_mau.1504.topface OR user_mau.1504.standalonetf)",0
"2016-10-01 00:00:00","first_app:standalonetf","_exists_:(user_mau.1505.topfacemobappandroid OR user_mau.1505.topfacemobappios OR user_mau.1505.topface OR user_mau.1505.standalonetf)",0
"2016-10-01 00:00:00","first_app:standalonetf","_exists_:(user_mau.1506.topfacemobappandroid OR user_mau.1506.topfacemobappios OR user_mau.1506.topface OR user_mau.1506.standalonetf)",0
"2016-10-01 00:00:00","first_app:standalonetf","_exists_:(user_mau.1507.topfacemobappandroid OR user_mau.1507.topfacemobappios OR user_mau.1507.topface OR user_mau.1507.standalonetf)",0
"2016-10-01 00:00:00","first_app:standalonetf","_exists_:(user_mau.1508.topfacemobappandroid OR user_mau.1508.topfacemobappios OR user_mau.1508.topface OR user_mau.1508.standalonetf)",0
"2016-10-01 00:00:00","first_app:standalonetf","_exists_:(user_mau.1509.topfacemobappandroid OR user_mau.1509.topfacemobappios OR user_mau.1509.topface OR user_mau.1509.standalonetf)",0
"2016-10-01 00:00:00","first_app:standalonetf","_exists_:(user_mau.1510.topfacemobappandroid OR user_mau.1510.topfacemobappios OR user_mau.1510.topface OR user_mau.1510.standalonetf)",0
"2016-10-01 00:00:00","first_app:standalonetf","_exists_:(user_mau.1511.topfacemobappandroid OR user_mau.1511.topfacemobappios OR user_mau.1511.topface OR user_mau.1511.standalonetf)",0
"2016-10-01 00:00:00","first_app:standalonetf","_exists_:(user_mau.1512.topfacemobappandroid OR user_mau.1512.topfacemobappios OR user_mau.1512.topface OR user_mau.1512.standalonetf)",0
"2016-10-01 00:00:00","first_app:standalonetf","_exists_:(user_mau.1601.topfacemobappandroid OR user_mau.1601.topfacemobappios OR user_mau.1601.topface OR user_mau.1601.standalonetf)",0
"2016-10-01 00:00:00","first_app:standalonetf","_exists_:(user_mau.1602.topfacemobappandroid OR user_mau.1602.topfacemobappios OR user_mau.1602.topface OR user_mau.1602.standalonetf)",0
"2016-10-01 00:00:00","first_app:standalonetf","_exists_:(user_mau.1603.topfacemobappandroid OR user_mau.1603.topfacemobappios OR user_mau.1603.topface OR user_mau.1603.standalonetf)",0
"2016-10-01 00:00:00","first_app:standalonetf","_exists_:(user_mau.1604.topfacemobappandroid OR user_mau.1604.topfacemobappios OR user_mau.1604.topface OR user_mau.1604.standalonetf)",0
"2016-10-01 00:00:00","first_app:standalonetf","_exists_:(user_mau.1605.topfacemobappandroid OR user_mau.1605.topfacemobappios OR user_mau.1605.topface OR user_mau.1605.standalonetf)",0
"2016-10-01 00:00:00","first_app:standalonetf","_exists_:(user_mau.1606.topfacemobappandroid OR user_mau.1606.topfacemobappios OR user_mau.1606.topface OR user_mau.1606.standalonetf)",0
"2016-10-01 00:00:00","first_app:standalonetf","_exists_:(user_mau.1607.topfacemobappandroid OR user_mau.1607.topfacemobappios OR user_mau.1607.topface OR user_mau.1607.standalonetf)",0
"2016-10-01 00:00:00","first_app:standalonetf","_exists_:(user_mau.1608.topfacemobappandroid OR user_mau.1608.topfacemobappios OR user_mau.1608.topface OR user_mau.1608.standalonetf)",0
"2016-10-01 00:00:00","first_app:standalonetf","_exists_:(user_mau.1609.topfacemobappandroid OR user_mau.1609.topfacemobappios OR user_mau.1609.topface OR user_mau.1609.standalonetf)",0
"2016-10-01 00:00:00","first_app:standalonetf","_exists_:(user_mau.1610.topfacemobappandroid OR user_mau.1610.topfacemobappios OR user_mau.1610.topface OR user_mau.1610.standalonetf)","2,051"
"2016-10-01 00:00:00","first_app:standalonetf","_exists_:(user_mau.1611.topfacemobappandroid OR user_mau.1611.topfacemobappios OR user_mau.1611.topface OR user_mau.1611.standalonetf)",435
"2016-10-01 00:00:00","first_app:standalonetf","_exists_:(user_mau.1612.topfacemobappandroid OR user_mau.1612.topfacemobappios OR user_mau.1612.topface OR user_mau.1612.standalonetf)",282
"2016-10-01 00:00:00","first_app:standalonetf","_exists_:(user_mau.1701.topfacemobappandroid OR user_mau.1701.topfacemobappios OR user_mau.1701.topface OR user_mau.1701.standalonetf)",217
"2016-10-01 00:00:00","first_app:standalonetf","_exists_:(user_mau.1702.topfacemobappandroid OR user_mau.1702.topfacemobappios OR user_mau.1702.topface OR user_mau.1702.standalonetf)",192
"2016-10-01 00:00:00","first_app:standalonetf","_exists_:(user_mau.1703.topfacemobappandroid OR user_mau.1703.topfacemobappios OR user_mau.1703.topface OR user_mau.1703.standalonetf)",205
"2016-10-01 00:00:00","first_app:standalonetf","_exists_:(user_mau.1704.topfacemobappandroid OR user_mau.1704.topfacemobappios OR user_mau.1704.topface OR user_mau.1704.standalonetf)",155
"2016-10-01 00:00:00","first_app:standalonetf","_exists_:(user_mau.1705.topfacemobappandroid OR user_mau.1705.topfacemobappios OR user_mau.1705.topface OR user_mau.1705.standalonetf)",162
"2016-10-01 00:00:00","first_app:standalonetf","_exists_:(user_mau.1706.topfacemobappandroid OR user_mau.1706.topfacemobappios OR user_mau.1706.topface OR user_mau.1706.standalonetf)",128
"2016-10-01 00:00:00","first_app:standalonetf","_exists_:(user_mau.1707.topfacemobappandroid OR user_mau.1707.topfacemobappios OR user_mau.1707.topface OR user_mau.1707.standalonetf)",104
"2016-10-01 00:00:00","first_app:standalonetf","_exists_:(user_mau.1708.topfacemobappandroid OR user_mau.1708.topfacemobappios OR user_mau.1708.topface OR user_mau.1708.standalonetf)",112
"2016-10-01 00:00:00","first_app:standalonetf","_exists_:(user_mau.1709.topfacemobappandroid OR user_mau.1709.topfacemobappios OR user_mau.1709.topface OR user_mau.1709.standalonetf)",105
"2016-10-01 00:00:00","first_app:standalonetf","_exists_:(user_mau.1710.topfacemobappandroid OR user_mau.1710.topfacemobappios OR user_mau.1710.topface OR user_mau.1710.standalonetf)",98
"2016-10-01 00:00:00","first_app:standalonetf","_exists_:(user_mau.1711.topfacemobappandroid OR user_mau.1711.topfacemobappios OR user_mau.1711.topface OR user_mau.1711.standalonetf)",93
"2016-10-01 00:00:00","first_app:standalonetf","_exists_:(user_mau.1712.topfacemobappandroid OR user_mau.1712.topfacemobappios OR user_mau.1712.topface OR user_mau.1712.standalonetf)",82
"2016-10-01 00:00:00","first_app:standalonetf","_exists_:(user_mau.1801.topfacemobappandroid OR user_mau.1801.topfacemobappios OR user_mau.1801.topface OR user_mau.1801.standalonetf)",75
"2016-10-01 00:00:00","first_app:standalonetf","_exists_:(user_mau.1802.topfacemobappandroid OR user_mau.1802.topfacemobappios OR user_mau.1802.topface OR user_mau.1802.standalonetf)",64
"2016-10-01 00:00:00","first_app:topface AND platform:vk","*",66
"2016-10-01 00:00:00","first_app:topface AND platform:vk","_exists_:(user_mau.1501.topfacemobappandroid OR user_mau.1501.topfacemobappios OR user_mau.1501.topface OR user_mau.1501.standalonetf)",0
"2016-10-01 00:00:00","first_app:topface AND platform:vk","_exists_:(user_mau.1502.topfacemobappandroid OR user_mau.1502.topfacemobappios OR user_mau.1502.topface OR user_mau.1502.standalonetf)",0
"2016-10-01 00:00:00","first_app:topface AND platform:vk","_exists_:(user_mau.1503.topfacemobappandroid OR user_mau.1503.topfacemobappios OR user_mau.1503.topface OR user_mau.1503.standalonetf)",0
"2016-10-01 00:00:00","first_app:topface AND platform:vk","_exists_:(user_mau.1504.topfacemobappandroid OR user_mau.1504.topfacemobappios OR user_mau.1504.topface OR user_mau.1504.standalonetf)",0
"2016-10-01 00:00:00","first_app:topface AND platform:vk","_exists_:(user_mau.1505.topfacemobappandroid OR user_mau.1505.topfacemobappios OR user_mau.1505.topface OR user_mau.1505.standalonetf)",0
"2016-10-01 00:00:00","first_app:topface AND platform:vk","_exists_:(user_mau.1506.topfacemobappandroid OR user_mau.1506.topfacemobappios OR user_mau.1506.topface OR user_mau.1506.standalonetf)",0
"2016-10-01 00:00:00","first_app:topface AND platform:vk","_exists_:(user_mau.1507.topfacemobappandroid OR user_mau.1507.topfacemobappios OR user_mau.1507.topface OR user_mau.1507.standalonetf)",0
"2016-10-01 00:00:00","first_app:topface AND platform:vk","_exists_:(user_mau.1508.topfacemobappandroid OR user_mau.1508.topfacemobappios OR user_mau.1508.topface OR user_mau.1508.standalonetf)",0
"2016-10-01 00:00:00","first_app:topface AND platform:vk","_exists_:(user_mau.1509.topfacemobappandroid OR user_mau.1509.topfacemobappios OR user_mau.1509.topface OR user_mau.1509.standalonetf)",0
"2016-10-01 00:00:00","first_app:topface AND platform:vk","_exists_:(user_mau.1510.topfacemobappandroid OR user_mau.1510.topfacemobappios OR user_mau.1510.topface OR user_mau.1510.standalonetf)",0
"2016-10-01 00:00:00","first_app:topface AND platform:vk","_exists_:(user_mau.1511.topfacemobappandroid OR user_mau.1511.topfacemobappios OR user_mau.1511.topface OR user_mau.1511.standalonetf)",0
"2016-10-01 00:00:00","first_app:topface AND platform:vk","_exists_:(user_mau.1512.topfacemobappandroid OR user_mau.1512.topfacemobappios OR user_mau.1512.topface OR user_mau.1512.standalonetf)",0
"2016-10-01 00:00:00","first_app:topface AND platform:vk","_exists_:(user_mau.1601.topfacemobappandroid OR user_mau.1601.topfacemobappios OR user_mau.1601.topface OR user_mau.1601.standalonetf)",0
"2016-10-01 00:00:00","first_app:topface AND platform:vk","_exists_:(user_mau.1602.topfacemobappandroid OR user_mau.1602.topfacemobappios OR user_mau.1602.topface OR user_mau.1602.standalonetf)",0
"2016-10-01 00:00:00","first_app:topface AND platform:vk","_exists_:(user_mau.1603.topfacemobappandroid OR user_mau.1603.topfacemobappios OR user_mau.1603.topface OR user_mau.1603.standalonetf)",0
"2016-10-01 00:00:00","first_app:topface AND platform:vk","_exists_:(user_mau.1604.topfacemobappandroid OR user_mau.1604.topfacemobappios OR user_mau.1604.topface OR user_mau.1604.standalonetf)",0
"2016-10-01 00:00:00","first_app:topface AND platform:vk","_exists_:(user_mau.1605.topfacemobappandroid OR user_mau.1605.topfacemobappios OR user_mau.1605.topface OR user_mau.1605.standalonetf)",0
"2016-10-01 00:00:00","first_app:topface AND platform:vk","_exists_:(user_mau.1606.topfacemobappandroid OR user_mau.1606.topfacemobappios OR user_mau.1606.topface OR user_mau.1606.standalonetf)",0
"2016-10-01 00:00:00","first_app:topface AND platform:vk","_exists_:(user_mau.1607.topfacemobappandroid OR user_mau.1607.topfacemobappios OR user_mau.1607.topface OR user_mau.1607.standalonetf)",0
"2016-10-01 00:00:00","first_app:topface AND platform:vk","_exists_:(user_mau.1608.topfacemobappandroid OR user_mau.1608.topfacemobappios OR user_mau.1608.topface OR user_mau.1608.standalonetf)",0
"2016-10-01 00:00:00","first_app:topface AND platform:vk","_exists_:(user_mau.1609.topfacemobappandroid OR user_mau.1609.topfacemobappios OR user_mau.1609.topface OR user_mau.1609.standalonetf)",0
"2016-10-01 00:00:00","first_app:topface AND platform:vk","_exists_:(user_mau.1610.topfacemobappandroid OR user_mau.1610.topfacemobappios OR user_mau.1610.topface OR user_mau.1610.standalonetf)",66
"2016-10-01 00:00:00","first_app:topface AND platform:vk","_exists_:(user_mau.1611.topfacemobappandroid OR user_mau.1611.topfacemobappios OR user_mau.1611.topface OR user_mau.1611.standalonetf)",16
"2016-10-01 00:00:00","first_app:topface AND platform:vk","_exists_:(user_mau.1612.topfacemobappandroid OR user_mau.1612.topfacemobappios OR user_mau.1612.topface OR user_mau.1612.standalonetf)",14
"2016-10-01 00:00:00","first_app:topface AND platform:vk","_exists_:(user_mau.1701.topfacemobappandroid OR user_mau.1701.topfacemobappios OR user_mau.1701.topface OR user_mau.1701.standalonetf)",16
"2016-10-01 00:00:00","first_app:topface AND platform:vk","_exists_:(user_mau.1702.topfacemobappandroid OR user_mau.1702.topfacemobappios OR user_mau.1702.topface OR user_mau.1702.standalonetf)",13
"2016-10-01 00:00:00","first_app:topface AND platform:vk","_exists_:(user_mau.1703.topfacemobappandroid OR user_mau.1703.topfacemobappios OR user_mau.1703.topface OR user_mau.1703.standalonetf)",12
"2016-10-01 00:00:00","first_app:topface AND platform:vk","_exists_:(user_mau.1704.topfacemobappandroid OR user_mau.1704.topfacemobappios OR user_mau.1704.topface OR user_mau.1704.standalonetf)",6
"2016-10-01 00:00:00","first_app:topface AND platform:vk","_exists_:(user_mau.1705.topfacemobappandroid OR user_mau.1705.topfacemobappios OR user_mau.1705.topface OR user_mau.1705.standalonetf)",7
"2016-10-01 00:00:00","first_app:topface AND platform:vk","_exists_:(user_mau.1706.topfacemobappandroid OR user_mau.1706.topfacemobappios OR user_mau.1706.topface OR user_mau.1706.standalonetf)",2
"2016-10-01 00:00:00","first_app:topface AND platform:vk","_exists_:(user_mau.1707.topfacemobappandroid OR user_mau.1707.topfacemobappios OR user_mau.1707.topface OR user_mau.1707.standalonetf)",4
"2016-10-01 00:00:00","first_app:topface AND platform:vk","_exists_:(user_mau.1708.topfacemobappandroid OR user_mau.1708.topfacemobappios OR user_mau.1708.topface OR user_mau.1708.standalonetf)",3
"2016-10-01 00:00:00","first_app:topface AND platform:vk","_exists_:(user_mau.1709.topfacemobappandroid OR user_mau.1709.topfacemobappios OR user_mau.1709.topface OR user_mau.1709.standalonetf)",5
"2016-10-01 00:00:00","first_app:topface AND platform:vk","_exists_:(user_mau.1710.topfacemobappandroid OR user_mau.1710.topfacemobappios OR user_mau.1710.topface OR user_mau.1710.standalonetf)",5
"2016-10-01 00:00:00","first_app:topface AND platform:vk","_exists_:(user_mau.1711.topfacemobappandroid OR user_mau.1711.topfacemobappios OR user_mau.1711.topface OR user_mau.1711.standalonetf)",5
"2016-10-01 00:00:00","first_app:topface AND platform:vk","_exists_:(user_mau.1712.topfacemobappandroid OR user_mau.1712.topfacemobappios OR user_mau.1712.topface OR user_mau.1712.standalonetf)",5
"2016-10-01 00:00:00","first_app:topface AND platform:vk","_exists_:(user_mau.1801.topfacemobappandroid OR user_mau.1801.topfacemobappios OR user_mau.1801.topface OR user_mau.1801.standalonetf)",1
"2016-10-01 00:00:00","first_app:topface AND platform:vk","_exists_:(user_mau.1802.topfacemobappandroid OR user_mau.1802.topfacemobappios OR user_mau.1802.topface OR user_mau.1802.standalonetf)",1
"2016-10-01 00:00:00","first_app:topface AND platform:ok","*",13
"2016-10-01 00:00:00","first_app:topface AND platform:ok","_exists_:(user_mau.1501.topfacemobappandroid OR user_mau.1501.topfacemobappios OR user_mau.1501.topface OR user_mau.1501.standalonetf)",0
"2016-10-01 00:00:00","first_app:topface AND platform:ok","_exists_:(user_mau.1502.topfacemobappandroid OR user_mau.1502.topfacemobappios OR user_mau.1502.topface OR user_mau.1502.standalonetf)",0
"2016-10-01 00:00:00","first_app:topface AND platform:ok","_exists_:(user_mau.1503.topfacemobappandroid OR user_mau.1503.topfacemobappios OR user_mau.1503.topface OR user_mau.1503.standalonetf)",0
"2016-10-01 00:00:00","first_app:topface AND platform:ok","_exists_:(user_mau.1504.topfacemobappandroid OR user_mau.1504.topfacemobappios OR user_mau.1504.topface OR user_mau.1504.standalonetf)",0
"2016-10-01 00:00:00","first_app:topface AND platform:ok","_exists_:(user_mau.1505.topfacemobappandroid OR user_mau.1505.topfacemobappios OR user_mau.1505.topface OR user_mau.1505.standalonetf)",0
"2016-10-01 00:00:00","first_app:topface AND platform:ok","_exists_:(user_mau.1506.topfacemobappandroid OR user_mau.1506.topfacemobappios OR user_mau.1506.topface OR user_mau.1506.standalonetf)",0
"2016-10-01 00:00:00","first_app:topface AND platform:ok","_exists_:(user_mau.1507.topfacemobappandroid OR user_mau.1507.topfacemobappios OR user_mau.1507.topface OR user_mau.1507.standalonetf)",0
"2016-10-01 00:00:00","first_app:topface AND platform:ok","_exists_:(user_mau.1508.topfacemobappandroid OR user_mau.1508.topfacemobappios OR user_mau.1508.topface OR user_mau.1508.standalonetf)",0
"2016-10-01 00:00:00","first_app:topface AND platform:ok","_exists_:(user_mau.1509.topfacemobappandroid OR user_mau.1509.topfacemobappios OR user_mau.1509.topface OR user_mau.1509.standalonetf)",0
"2016-10-01 00:00:00","first_app:topface AND platform:ok","_exists_:(user_mau.1510.topfacemobappandroid OR user_mau.1510.topfacemobappios OR user_mau.1510.topface OR user_mau.1510.standalonetf)",0
"2016-10-01 00:00:00","first_app:topface AND platform:ok","_exists_:(user_mau.1511.topfacemobappandroid OR user_mau.1511.topfacemobappios OR user_mau.1511.topface OR user_mau.1511.standalonetf)",0
"2016-10-01 00:00:00","first_app:topface AND platform:ok","_exists_:(user_mau.1512.topfacemobappandroid OR user_mau.1512.topfacemobappios OR user_mau.1512.topface OR user_mau.1512.standalonetf)",0
"2016-10-01 00:00:00","first_app:topface AND platform:ok","_exists_:(user_mau.1601.topfacemobappandroid OR user_mau.1601.topfacemobappios OR user_mau.1601.topface OR user_mau.1601.standalonetf)",0
"2016-10-01 00:00:00","first_app:topface AND platform:ok","_exists_:(user_mau.1602.topfacemobappandroid OR user_mau.1602.topfacemobappios OR user_mau.1602.topface OR user_mau.1602.standalonetf)",0
"2016-10-01 00:00:00","first_app:topface AND platform:ok","_exists_:(user_mau.1603.topfacemobappandroid OR user_mau.1603.topfacemobappios OR user_mau.1603.topface OR user_mau.1603.standalonetf)",0
"2016-10-01 00:00:00","first_app:topface AND platform:ok","_exists_:(user_mau.1604.topfacemobappandroid OR user_mau.1604.topfacemobappios OR user_mau.1604.topface OR user_mau.1604.standalonetf)",0
"2016-10-01 00:00:00","first_app:topface AND platform:ok","_exists_:(user_mau.1605.topfacemobappandroid OR user_mau.1605.topfacemobappios OR user_mau.1605.topface OR user_mau.1605.standalonetf)",0
"2016-10-01 00:00:00","first_app:topface AND platform:ok","_exists_:(user_mau.1606.topfacemobappandroid OR user_mau.1606.topfacemobappios OR user_mau.1606.topface OR user_mau.1606.standalonetf)",0
"2016-10-01 00:00:00","first_app:topface AND platform:ok","_exists_:(user_mau.1607.topfacemobappandroid OR user_mau.1607.topfacemobappios OR user_mau.1607.topface OR user_mau.1607.standalonetf)",0
"2016-10-01 00:00:00","first_app:topface AND platform:ok","_exists_:(user_mau.1608.topfacemobappandroid OR user_mau.1608.topfacemobappios OR user_mau.1608.topface OR user_mau.1608.standalonetf)",0
"2016-10-01 00:00:00","first_app:topface AND platform:ok","_exists_:(user_mau.1609.topfacemobappandroid OR user_mau.1609.topfacemobappios OR user_mau.1609.topface OR user_mau.1609.standalonetf)",0
"2016-10-01 00:00:00","first_app:topface AND platform:ok","_exists_:(user_mau.1610.topfacemobappandroid OR user_mau.1610.topfacemobappios OR user_mau.1610.topface OR user_mau.1610.standalonetf)",13
"2016-10-01 00:00:00","first_app:topface AND platform:ok","_exists_:(user_mau.1611.topfacemobappandroid OR user_mau.1611.topfacemobappios OR user_mau.1611.topface OR user_mau.1611.standalonetf)",4
"2016-10-01 00:00:00","first_app:topface AND platform:ok","_exists_:(user_mau.1612.topfacemobappandroid OR user_mau.1612.topfacemobappios OR user_mau.1612.topface OR user_mau.1612.standalonetf)",3
"2016-10-01 00:00:00","first_app:topface AND platform:ok","_exists_:(user_mau.1701.topfacemobappandroid OR user_mau.1701.topfacemobappios OR user_mau.1701.topface OR user_mau.1701.standalonetf)",2
"2016-10-01 00:00:00","first_app:topface AND platform:ok","_exists_:(user_mau.1702.topfacemobappandroid OR user_mau.1702.topfacemobappios OR user_mau.1702.topface OR user_mau.1702.standalonetf)",2
"2016-10-01 00:00:00","first_app:topface AND platform:ok","_exists_:(user_mau.1703.topfacemobappandroid OR user_mau.1703.topfacemobappios OR user_mau.1703.topface OR user_mau.1703.standalonetf)",1
"2016-10-01 00:00:00","first_app:topface AND platform:ok","_exists_:(user_mau.1704.topfacemobappandroid OR user_mau.1704.topfacemobappios OR user_mau.1704.topface OR user_mau.1704.standalonetf)",1
"2016-10-01 00:00:00","first_app:topface AND platform:ok","_exists_:(user_mau.1705.topfacemobappandroid OR user_mau.1705.topfacemobappios OR user_mau.1705.topface OR user_mau.1705.standalonetf)",1
"2016-10-01 00:00:00","first_app:topface AND platform:ok","_exists_:(user_mau.1706.topfacemobappandroid OR user_mau.1706.topfacemobappios OR user_mau.1706.topface OR user_mau.1706.standalonetf)",0
"2016-10-01 00:00:00","first_app:topface AND platform:ok","_exists_:(user_mau.1707.topfacemobappandroid OR user_mau.1707.topfacemobappios OR user_mau.1707.topface OR user_mau.1707.standalonetf)",0
"2016-10-01 00:00:00","first_app:topface AND platform:ok","_exists_:(user_mau.1708.topfacemobappandroid OR user_mau.1708.topfacemobappios OR user_mau.1708.topface OR user_mau.1708.standalonetf)",0
"2016-10-01 00:00:00","first_app:topface AND platform:ok","_exists_:(user_mau.1709.topfacemobappandroid OR user_mau.1709.topfacemobappios OR user_mau.1709.topface OR user_mau.1709.standalonetf)",0
"2016-10-01 00:00:00","first_app:topface AND platform:ok","_exists_:(user_mau.1710.topfacemobappandroid OR user_mau.1710.topfacemobappios OR user_mau.1710.topface OR user_mau.1710.standalonetf)",0
"2016-10-01 00:00:00","first_app:topface AND platform:ok","_exists_:(user_mau.1711.topfacemobappandroid OR user_mau.1711.topfacemobappios OR user_mau.1711.topface OR user_mau.1711.standalonetf)",1
"2016-10-01 00:00:00","first_app:topface AND platform:ok","_exists_:(user_mau.1712.topfacemobappandroid OR user_mau.1712.topfacemobappios OR user_mau.1712.topface OR user_mau.1712.standalonetf)",1
"2016-10-01 00:00:00","first_app:topface AND platform:ok","_exists_:(user_mau.1801.topfacemobappandroid OR user_mau.1801.topfacemobappios OR user_mau.1801.topface OR user_mau.1801.standalonetf)",0
"2016-10-01 00:00:00","first_app:topface AND platform:ok","_exists_:(user_mau.1802.topfacemobappandroid OR user_mau.1802.topfacemobappios OR user_mau.1802.topface OR user_mau.1802.standalonetf)",0
"2016-10-01 00:00:00","first_app:topface AND platform:fb","*",13
"2016-10-01 00:00:00","first_app:topface AND platform:fb","_exists_:(user_mau.1501.topfacemobappandroid OR user_mau.1501.topfacemobappios OR user_mau.1501.topface OR user_mau.1501.standalonetf)",0
"2016-10-01 00:00:00","first_app:topface AND platform:fb","_exists_:(user_mau.1502.topfacemobappandroid OR user_mau.1502.topfacemobappios OR user_mau.1502.topface OR user_mau.1502.standalonetf)",0
"2016-10-01 00:00:00","first_app:topface AND platform:fb","_exists_:(user_mau.1503.topfacemobappandroid OR user_mau.1503.topfacemobappios OR user_mau.1503.topface OR user_mau.1503.standalonetf)",0
"2016-10-01 00:00:00","first_app:topface AND platform:fb","_exists_:(user_mau.1504.topfacemobappandroid OR user_mau.1504.topfacemobappios OR user_mau.1504.topface OR user_mau.1504.standalonetf)",0
"2016-10-01 00:00:00","first_app:topface AND platform:fb","_exists_:(user_mau.1505.topfacemobappandroid OR user_mau.1505.topfacemobappios OR user_mau.1505.topface OR user_mau.1505.standalonetf)",0
"2016-10-01 00:00:00","first_app:topface AND platform:fb","_exists_:(user_mau.1506.topfacemobappandroid OR user_mau.1506.topfacemobappios OR user_mau.1506.topface OR user_mau.1506.standalonetf)",0
"2016-10-01 00:00:00","first_app:topface AND platform:fb","_exists_:(user_mau.1507.topfacemobappandroid OR user_mau.1507.topfacemobappios OR user_mau.1507.topface OR user_mau.1507.standalonetf)",0
"2016-10-01 00:00:00","first_app:topface AND platform:fb","_exists_:(user_mau.1508.topfacemobappandroid OR user_mau.1508.topfacemobappios OR user_mau.1508.topface OR user_mau.1508.standalonetf)",0
"2016-10-01 00:00:00","first_app:topface AND platform:fb","_exists_:(user_mau.1509.topfacemobappandroid OR user_mau.1509.topfacemobappios OR user_mau.1509.topface OR user_mau.1509.standalonetf)",0
"2016-10-01 00:00:00","first_app:topface AND platform:fb","_exists_:(user_mau.1510.topfacemobappandroid OR user_mau.1510.topfacemobappios OR user_mau.1510.topface OR user_mau.1510.standalonetf)",0
"2016-10-01 00:00:00","first_app:topface AND platform:fb","_exists_:(user_mau.1511.topfacemobappandroid OR user_mau.1511.topfacemobappios OR user_mau.1511.topface OR user_mau.1511.standalonetf)",0
"2016-10-01 00:00:00","first_app:topface AND platform:fb","_exists_:(user_mau.1512.topfacemobappandroid OR user_mau.1512.topfacemobappios OR user_mau.1512.topface OR user_mau.1512.standalonetf)",0
"2016-10-01 00:00:00","first_app:topface AND platform:fb","_exists_:(user_mau.1601.topfacemobappandroid OR user_mau.1601.topfacemobappios OR user_mau.1601.topface OR user_mau.1601.standalonetf)",0
"2016-10-01 00:00:00","first_app:topface AND platform:fb","_exists_:(user_mau.1602.topfacemobappandroid OR user_mau.1602.topfacemobappios OR user_mau.1602.topface OR user_mau.1602.standalonetf)",0
"2016-10-01 00:00:00","first_app:topface AND platform:fb","_exists_:(user_mau.1603.topfacemobappandroid OR user_mau.1603.topfacemobappios OR user_mau.1603.topface OR user_mau.1603.standalonetf)",0
"2016-10-01 00:00:00","first_app:topface AND platform:fb","_exists_:(user_mau.1604.topfacemobappandroid OR user_mau.1604.topfacemobappios OR user_mau.1604.topface OR user_mau.1604.standalonetf)",0
"2016-10-01 00:00:00","first_app:topface AND platform:fb","_exists_:(user_mau.1605.topfacemobappandroid OR user_mau.1605.topfacemobappios OR user_mau.1605.topface OR user_mau.1605.standalonetf)",0
"2016-10-01 00:00:00","first_app:topface AND platform:fb","_exists_:(user_mau.1606.topfacemobappandroid OR user_mau.1606.topfacemobappios OR user_mau.1606.topface OR user_mau.1606.standalonetf)",0
"2016-10-01 00:00:00","first_app:topface AND platform:fb","_exists_:(user_mau.1607.topfacemobappandroid OR user_mau.1607.topfacemobappios OR user_mau.1607.topface OR user_mau.1607.standalonetf)",0
"2016-10-01 00:00:00","first_app:topface AND platform:fb","_exists_:(user_mau.1608.topfacemobappandroid OR user_mau.1608.topfacemobappios OR user_mau.1608.topface OR user_mau.1608.standalonetf)",0
"2016-10-01 00:00:00","first_app:topface AND platform:fb","_exists_:(user_mau.1609.topfacemobappandroid OR user_mau.1609.topfacemobappios OR user_mau.1609.topface OR user_mau.1609.standalonetf)",0
"2016-10-01 00:00:00","first_app:topface AND platform:fb","_exists_:(user_mau.1610.topfacemobappandroid OR user_mau.1610.topfacemobappios OR user_mau.1610.topface OR user_mau.1610.standalonetf)",13
"2016-10-01 00:00:00","first_app:topface AND platform:fb","_exists_:(user_mau.1611.topfacemobappandroid OR user_mau.1611.topfacemobappios OR user_mau.1611.topface OR user_mau.1611.standalonetf)",2
"2016-10-01 00:00:00","first_app:topface AND platform:fb","_exists_:(user_mau.1612.topfacemobappandroid OR user_mau.1612.topfacemobappios OR user_mau.1612.topface OR user_mau.1612.standalonetf)",1
"2016-10-01 00:00:00","first_app:topface AND platform:fb","_exists_:(user_mau.1701.topfacemobappandroid OR user_mau.1701.topfacemobappios OR user_mau.1701.topface OR user_mau.1701.standalonetf)",2
"2016-10-01 00:00:00","first_app:topface AND platform:fb","_exists_:(user_mau.1702.topfacemobappandroid OR user_mau.1702.topfacemobappios OR user_mau.1702.topface OR user_mau.1702.standalonetf)",1
"2016-10-01 00:00:00","first_app:topface AND platform:fb","_exists_:(user_mau.1703.topfacemobappandroid OR user_mau.1703.topfacemobappios OR user_mau.1703.topface OR user_mau.1703.standalonetf)",3
"2016-10-01 00:00:00","first_app:topface AND platform:fb","_exists_:(user_mau.1704.topfacemobappandroid OR user_mau.1704.topfacemobappios OR user_mau.1704.topface OR user_mau.1704.standalonetf)",2
"2016-10-01 00:00:00","first_app:topface AND platform:fb","_exists_:(user_mau.1705.topfacemobappandroid OR user_mau.1705.topfacemobappios OR user_mau.1705.topface OR user_mau.1705.standalonetf)",2
"2016-10-01 00:00:00","first_app:topface AND platform:fb","_exists_:(user_mau.1706.topfacemobappandroid OR user_mau.1706.topfacemobappios OR user_mau.1706.topface OR user_mau.1706.standalonetf)",2
"2016-10-01 00:00:00","first_app:topface AND platform:fb","_exists_:(user_mau.1707.topfacemobappandroid OR user_mau.1707.topfacemobappios OR user_mau.1707.topface OR user_mau.1707.standalonetf)",3
"2016-10-01 00:00:00","first_app:topface AND platform:fb","_exists_:(user_mau.1708.topfacemobappandroid OR user_mau.1708.topfacemobappios OR user_mau.1708.topface OR user_mau.1708.standalonetf)",2
"2016-10-01 00:00:00","first_app:topface AND platform:fb","_exists_:(user_mau.1709.topfacemobappandroid OR user_mau.1709.topfacemobappios OR user_mau.1709.topface OR user_mau.1709.standalonetf)",3
"2016-10-01 00:00:00","first_app:topface AND platform:fb","_exists_:(user_mau.1710.topfacemobappandroid OR user_mau.1710.topfacemobappios OR user_mau.1710.topface OR user_mau.1710.standalonetf)",3
"2016-10-01 00:00:00","first_app:topface AND platform:fb","_exists_:(user_mau.1711.topfacemobappandroid OR user_mau.1711.topfacemobappios OR user_mau.1711.topface OR user_mau.1711.standalonetf)",2
"2016-10-01 00:00:00","first_app:topface AND platform:fb","_exists_:(user_mau.1712.topfacemobappandroid OR user_mau.1712.topfacemobappios OR user_mau.1712.topface OR user_mau.1712.standalonetf)",2
"2016-10-01 00:00:00","first_app:topface AND platform:fb","_exists_:(user_mau.1801.topfacemobappandroid OR user_mau.1801.topfacemobappios OR user_mau.1801.topface OR user_mau.1801.standalonetf)",2
"2016-10-01 00:00:00","first_app:topface AND platform:fb","_exists_:(user_mau.1802.topfacemobappandroid OR user_mau.1802.topfacemobappios OR user_mau.1802.topface OR user_mau.1802.standalonetf)",1
"2016-11-01 00:00:00","first_app:topfacemobappandroid","*","103,072"
"2016-11-01 00:00:00","first_app:topfacemobappandroid","_exists_:(user_mau.1501.topfacemobappandroid OR user_mau.1501.topfacemobappios OR user_mau.1501.topface OR user_mau.1501.standalonetf)",0
"2016-11-01 00:00:00","first_app:topfacemobappandroid","_exists_:(user_mau.1502.topfacemobappandroid OR user_mau.1502.topfacemobappios OR user_mau.1502.topface OR user_mau.1502.standalonetf)",0
"2016-11-01 00:00:00","first_app:topfacemobappandroid","_exists_:(user_mau.1503.topfacemobappandroid OR user_mau.1503.topfacemobappios OR user_mau.1503.topface OR user_mau.1503.standalonetf)",0
"2016-11-01 00:00:00","first_app:topfacemobappandroid","_exists_:(user_mau.1504.topfacemobappandroid OR user_mau.1504.topfacemobappios OR user_mau.1504.topface OR user_mau.1504.standalonetf)",0
"2016-11-01 00:00:00","first_app:topfacemobappandroid","_exists_:(user_mau.1505.topfacemobappandroid OR user_mau.1505.topfacemobappios OR user_mau.1505.topface OR user_mau.1505.standalonetf)",0
"2016-11-01 00:00:00","first_app:topfacemobappandroid","_exists_:(user_mau.1506.topfacemobappandroid OR user_mau.1506.topfacemobappios OR user_mau.1506.topface OR user_mau.1506.standalonetf)",0
"2016-11-01 00:00:00","first_app:topfacemobappandroid","_exists_:(user_mau.1507.topfacemobappandroid OR user_mau.1507.topfacemobappios OR user_mau.1507.topface OR user_mau.1507.standalonetf)",0
"2016-11-01 00:00:00","first_app:topfacemobappandroid","_exists_:(user_mau.1508.topfacemobappandroid OR user_mau.1508.topfacemobappios OR user_mau.1508.topface OR user_mau.1508.standalonetf)",0
"2016-11-01 00:00:00","first_app:topfacemobappandroid","_exists_:(user_mau.1509.topfacemobappandroid OR user_mau.1509.topfacemobappios OR user_mau.1509.topface OR user_mau.1509.standalonetf)",0
"2016-11-01 00:00:00","first_app:topfacemobappandroid","_exists_:(user_mau.1510.topfacemobappandroid OR user_mau.1510.topfacemobappios OR user_mau.1510.topface OR user_mau.1510.standalonetf)",0
"2016-11-01 00:00:00","first_app:topfacemobappandroid","_exists_:(user_mau.1511.topfacemobappandroid OR user_mau.1511.topfacemobappios OR user_mau.1511.topface OR user_mau.1511.standalonetf)",0
"2016-11-01 00:00:00","first_app:topfacemobappandroid","_exists_:(user_mau.1512.topfacemobappandroid OR user_mau.1512.topfacemobappios OR user_mau.1512.topface OR user_mau.1512.standalonetf)",0
"2016-11-01 00:00:00","first_app:topfacemobappandroid","_exists_:(user_mau.1601.topfacemobappandroid OR user_mau.1601.topfacemobappios OR user_mau.1601.topface OR user_mau.1601.standalonetf)",0
"2016-11-01 00:00:00","first_app:topfacemobappandroid","_exists_:(user_mau.1602.topfacemobappandroid OR user_mau.1602.topfacemobappios OR user_mau.1602.topface OR user_mau.1602.standalonetf)",0
"2016-11-01 00:00:00","first_app:topfacemobappandroid","_exists_:(user_mau.1603.topfacemobappandroid OR user_mau.1603.topfacemobappios OR user_mau.1603.topface OR user_mau.1603.standalonetf)",0
"2016-11-01 00:00:00","first_app:topfacemobappandroid","_exists_:(user_mau.1604.topfacemobappandroid OR user_mau.1604.topfacemobappios OR user_mau.1604.topface OR user_mau.1604.standalonetf)",0
"2016-11-01 00:00:00","first_app:topfacemobappandroid","_exists_:(user_mau.1605.topfacemobappandroid OR user_mau.1605.topfacemobappios OR user_mau.1605.topface OR user_mau.1605.standalonetf)",0
"2016-11-01 00:00:00","first_app:topfacemobappandroid","_exists_:(user_mau.1606.topfacemobappandroid OR user_mau.1606.topfacemobappios OR user_mau.1606.topface OR user_mau.1606.standalonetf)",0
"2016-11-01 00:00:00","first_app:topfacemobappandroid","_exists_:(user_mau.1607.topfacemobappandroid OR user_mau.1607.topfacemobappios OR user_mau.1607.topface OR user_mau.1607.standalonetf)",0
"2016-11-01 00:00:00","first_app:topfacemobappandroid","_exists_:(user_mau.1608.topfacemobappandroid OR user_mau.1608.topfacemobappios OR user_mau.1608.topface OR user_mau.1608.standalonetf)",0
"2016-11-01 00:00:00","first_app:topfacemobappandroid","_exists_:(user_mau.1609.topfacemobappandroid OR user_mau.1609.topfacemobappios OR user_mau.1609.topface OR user_mau.1609.standalonetf)",0
"2016-11-01 00:00:00","first_app:topfacemobappandroid","_exists_:(user_mau.1610.topfacemobappandroid OR user_mau.1610.topfacemobappios OR user_mau.1610.topface OR user_mau.1610.standalonetf)",0
"2016-11-01 00:00:00","first_app:topfacemobappandroid","_exists_:(user_mau.1611.topfacemobappandroid OR user_mau.1611.topfacemobappios OR user_mau.1611.topface OR user_mau.1611.standalonetf)","103,071"
"2016-11-01 00:00:00","first_app:topfacemobappandroid","_exists_:(user_mau.1612.topfacemobappandroid OR user_mau.1612.topfacemobappios OR user_mau.1612.topface OR user_mau.1612.standalonetf)","16,015"
"2016-11-01 00:00:00","first_app:topfacemobappandroid","_exists_:(user_mau.1701.topfacemobappandroid OR user_mau.1701.topfacemobappios OR user_mau.1701.topface OR user_mau.1701.standalonetf)","9,047"
"2016-11-01 00:00:00","first_app:topfacemobappandroid","_exists_:(user_mau.1702.topfacemobappandroid OR user_mau.1702.topfacemobappios OR user_mau.1702.topface OR user_mau.1702.standalonetf)","5,755"
"2016-11-01 00:00:00","first_app:topfacemobappandroid","_exists_:(user_mau.1703.topfacemobappandroid OR user_mau.1703.topfacemobappios OR user_mau.1703.topface OR user_mau.1703.standalonetf)","5,101"
"2016-11-01 00:00:00","first_app:topfacemobappandroid","_exists_:(user_mau.1704.topfacemobappandroid OR user_mau.1704.topfacemobappios OR user_mau.1704.topface OR user_mau.1704.standalonetf)","3,840"
"2016-11-01 00:00:00","first_app:topfacemobappandroid","_exists_:(user_mau.1705.topfacemobappandroid OR user_mau.1705.topfacemobappios OR user_mau.1705.topface OR user_mau.1705.standalonetf)","4,011"
"2016-11-01 00:00:00","first_app:topfacemobappandroid","_exists_:(user_mau.1706.topfacemobappandroid OR user_mau.1706.topfacemobappios OR user_mau.1706.topface OR user_mau.1706.standalonetf)","3,486"
"2016-11-01 00:00:00","first_app:topfacemobappandroid","_exists_:(user_mau.1707.topfacemobappandroid OR user_mau.1707.topfacemobappios OR user_mau.1707.topface OR user_mau.1707.standalonetf)","2,860"
"2016-11-01 00:00:00","first_app:topfacemobappandroid","_exists_:(user_mau.1708.topfacemobappandroid OR user_mau.1708.topfacemobappios OR user_mau.1708.topface OR user_mau.1708.standalonetf)","3,377"
"2016-11-01 00:00:00","first_app:topfacemobappandroid","_exists_:(user_mau.1709.topfacemobappandroid OR user_mau.1709.topfacemobappios OR user_mau.1709.topface OR user_mau.1709.standalonetf)","2,973"
"2016-11-01 00:00:00","first_app:topfacemobappandroid","_exists_:(user_mau.1710.topfacemobappandroid OR user_mau.1710.topfacemobappios OR user_mau.1710.topface OR user_mau.1710.standalonetf)","3,350"
"2016-11-01 00:00:00","first_app:topfacemobappandroid","_exists_:(user_mau.1711.topfacemobappandroid OR user_mau.1711.topfacemobappios OR user_mau.1711.topface OR user_mau.1711.standalonetf)","2,847"
"2016-11-01 00:00:00","first_app:topfacemobappandroid","_exists_:(user_mau.1712.topfacemobappandroid OR user_mau.1712.topfacemobappios OR user_mau.1712.topface OR user_mau.1712.standalonetf)","2,611"
"2016-11-01 00:00:00","first_app:topfacemobappandroid","_exists_:(user_mau.1801.topfacemobappandroid OR user_mau.1801.topfacemobappios OR user_mau.1801.topface OR user_mau.1801.standalonetf)","1,614"
"2016-11-01 00:00:00","first_app:topfacemobappandroid","_exists_:(user_mau.1802.topfacemobappandroid OR user_mau.1802.topfacemobappios OR user_mau.1802.topface OR user_mau.1802.standalonetf)","1,352"
"2016-11-01 00:00:00","first_app:topfacemobappios","*","62,186"
"2016-11-01 00:00:00","first_app:topfacemobappios","_exists_:(user_mau.1501.topfacemobappandroid OR user_mau.1501.topfacemobappios OR user_mau.1501.topface OR user_mau.1501.standalonetf)",0
"2016-11-01 00:00:00","first_app:topfacemobappios","_exists_:(user_mau.1502.topfacemobappandroid OR user_mau.1502.topfacemobappios OR user_mau.1502.topface OR user_mau.1502.standalonetf)",0
"2016-11-01 00:00:00","first_app:topfacemobappios","_exists_:(user_mau.1503.topfacemobappandroid OR user_mau.1503.topfacemobappios OR user_mau.1503.topface OR user_mau.1503.standalonetf)",0
"2016-11-01 00:00:00","first_app:topfacemobappios","_exists_:(user_mau.1504.topfacemobappandroid OR user_mau.1504.topfacemobappios OR user_mau.1504.topface OR user_mau.1504.standalonetf)",0
"2016-11-01 00:00:00","first_app:topfacemobappios","_exists_:(user_mau.1505.topfacemobappandroid OR user_mau.1505.topfacemobappios OR user_mau.1505.topface OR user_mau.1505.standalonetf)",0
"2016-11-01 00:00:00","first_app:topfacemobappios","_exists_:(user_mau.1506.topfacemobappandroid OR user_mau.1506.topfacemobappios OR user_mau.1506.topface OR user_mau.1506.standalonetf)",0
"2016-11-01 00:00:00","first_app:topfacemobappios","_exists_:(user_mau.1507.topfacemobappandroid OR user_mau.1507.topfacemobappios OR user_mau.1507.topface OR user_mau.1507.standalonetf)",0
"2016-11-01 00:00:00","first_app:topfacemobappios","_exists_:(user_mau.1508.topfacemobappandroid OR user_mau.1508.topfacemobappios OR user_mau.1508.topface OR user_mau.1508.standalonetf)",0
"2016-11-01 00:00:00","first_app:topfacemobappios","_exists_:(user_mau.1509.topfacemobappandroid OR user_mau.1509.topfacemobappios OR user_mau.1509.topface OR user_mau.1509.standalonetf)",0
"2016-11-01 00:00:00","first_app:topfacemobappios","_exists_:(user_mau.1510.topfacemobappandroid OR user_mau.1510.topfacemobappios OR user_mau.1510.topface OR user_mau.1510.standalonetf)",0
"2016-11-01 00:00:00","first_app:topfacemobappios","_exists_:(user_mau.1511.topfacemobappandroid OR user_mau.1511.topfacemobappios OR user_mau.1511.topface OR user_mau.1511.standalonetf)",0
"2016-11-01 00:00:00","first_app:topfacemobappios","_exists_:(user_mau.1512.topfacemobappandroid OR user_mau.1512.topfacemobappios OR user_mau.1512.topface OR user_mau.1512.standalonetf)",0
"2016-11-01 00:00:00","first_app:topfacemobappios","_exists_:(user_mau.1601.topfacemobappandroid OR user_mau.1601.topfacemobappios OR user_mau.1601.topface OR user_mau.1601.standalonetf)",0
"2016-11-01 00:00:00","first_app:topfacemobappios","_exists_:(user_mau.1602.topfacemobappandroid OR user_mau.1602.topfacemobappios OR user_mau.1602.topface OR user_mau.1602.standalonetf)",0
"2016-11-01 00:00:00","first_app:topfacemobappios","_exists_:(user_mau.1603.topfacemobappandroid OR user_mau.1603.topfacemobappios OR user_mau.1603.topface OR user_mau.1603.standalonetf)",0
"2016-11-01 00:00:00","first_app:topfacemobappios","_exists_:(user_mau.1604.topfacemobappandroid OR user_mau.1604.topfacemobappios OR user_mau.1604.topface OR user_mau.1604.standalonetf)",0
"2016-11-01 00:00:00","first_app:topfacemobappios","_exists_:(user_mau.1605.topfacemobappandroid OR user_mau.1605.topfacemobappios OR user_mau.1605.topface OR user_mau.1605.standalonetf)",0
"2016-11-01 00:00:00","first_app:topfacemobappios","_exists_:(user_mau.1606.topfacemobappandroid OR user_mau.1606.topfacemobappios OR user_mau.1606.topface OR user_mau.1606.standalonetf)",0
"2016-11-01 00:00:00","first_app:topfacemobappios","_exists_:(user_mau.1607.topfacemobappandroid OR user_mau.1607.topfacemobappios OR user_mau.1607.topface OR user_mau.1607.standalonetf)",0
"2016-11-01 00:00:00","first_app:topfacemobappios","_exists_:(user_mau.1608.topfacemobappandroid OR user_mau.1608.topfacemobappios OR user_mau.1608.topface OR user_mau.1608.standalonetf)",0
"2016-11-01 00:00:00","first_app:topfacemobappios","_exists_:(user_mau.1609.topfacemobappandroid OR user_mau.1609.topfacemobappios OR user_mau.1609.topface OR user_mau.1609.standalonetf)",0
"2016-11-01 00:00:00","first_app:topfacemobappios","_exists_:(user_mau.1610.topfacemobappandroid OR user_mau.1610.topfacemobappios OR user_mau.1610.topface OR user_mau.1610.standalonetf)",0
"2016-11-01 00:00:00","first_app:topfacemobappios","_exists_:(user_mau.1611.topfacemobappandroid OR user_mau.1611.topfacemobappios OR user_mau.1611.topface OR user_mau.1611.standalonetf)","62,185"
"2016-11-01 00:00:00","first_app:topfacemobappios","_exists_:(user_mau.1612.topfacemobappandroid OR user_mau.1612.topfacemobappios OR user_mau.1612.topface OR user_mau.1612.standalonetf)","9,796"
"2016-11-01 00:00:00","first_app:topfacemobappios","_exists_:(user_mau.1701.topfacemobappandroid OR user_mau.1701.topfacemobappios OR user_mau.1701.topface OR user_mau.1701.standalonetf)","5,085"
"2016-11-01 00:00:00","first_app:topfacemobappios","_exists_:(user_mau.1702.topfacemobappandroid OR user_mau.1702.topfacemobappios OR user_mau.1702.topface OR user_mau.1702.standalonetf)","3,032"
"2016-11-01 00:00:00","first_app:topfacemobappios","_exists_:(user_mau.1703.topfacemobappandroid OR user_mau.1703.topfacemobappios OR user_mau.1703.topface OR user_mau.1703.standalonetf)","2,692"
"2016-11-01 00:00:00","first_app:topfacemobappios","_exists_:(user_mau.1704.topfacemobappandroid OR user_mau.1704.topfacemobappios OR user_mau.1704.topface OR user_mau.1704.standalonetf)","1,835"
"2016-11-01 00:00:00","first_app:topfacemobappios","_exists_:(user_mau.1705.topfacemobappandroid OR user_mau.1705.topfacemobappios OR user_mau.1705.topface OR user_mau.1705.standalonetf)","1,918"
"2016-11-01 00:00:00","first_app:topfacemobappios","_exists_:(user_mau.1706.topfacemobappandroid OR user_mau.1706.topfacemobappios OR user_mau.1706.topface OR user_mau.1706.standalonetf)","1,769"
"2016-11-01 00:00:00","first_app:topfacemobappios","_exists_:(user_mau.1707.topfacemobappandroid OR user_mau.1707.topfacemobappios OR user_mau.1707.topface OR user_mau.1707.standalonetf)","1,368"
"2016-11-01 00:00:00","first_app:topfacemobappios","_exists_:(user_mau.1708.topfacemobappandroid OR user_mau.1708.topfacemobappios OR user_mau.1708.topface OR user_mau.1708.standalonetf)","1,622"
"2016-11-01 00:00:00","first_app:topfacemobappios","_exists_:(user_mau.1709.topfacemobappandroid OR user_mau.1709.topfacemobappios OR user_mau.1709.topface OR user_mau.1709.standalonetf)","1,381"
"2016-11-01 00:00:00","first_app:topfacemobappios","_exists_:(user_mau.1710.topfacemobappandroid OR user_mau.1710.topfacemobappios OR user_mau.1710.topface OR user_mau.1710.standalonetf)","1,467"
"2016-11-01 00:00:00","first_app:topfacemobappios","_exists_:(user_mau.1711.topfacemobappandroid OR user_mau.1711.topfacemobappios OR user_mau.1711.topface OR user_mau.1711.standalonetf)","1,224"
"2016-11-01 00:00:00","first_app:topfacemobappios","_exists_:(user_mau.1712.topfacemobappandroid OR user_mau.1712.topfacemobappios OR user_mau.1712.topface OR user_mau.1712.standalonetf)","1,120"
"2016-11-01 00:00:00","first_app:topfacemobappios","_exists_:(user_mau.1801.topfacemobappandroid OR user_mau.1801.topfacemobappios OR user_mau.1801.topface OR user_mau.1801.standalonetf)",864
"2016-11-01 00:00:00","first_app:topfacemobappios","_exists_:(user_mau.1802.topfacemobappandroid OR user_mau.1802.topfacemobappios OR user_mau.1802.topface OR user_mau.1802.standalonetf)",742
"2016-11-01 00:00:00","first_app:standalonetf","*","2,354"
"2016-11-01 00:00:00","first_app:standalonetf","_exists_:(user_mau.1501.topfacemobappandroid OR user_mau.1501.topfacemobappios OR user_mau.1501.topface OR user_mau.1501.standalonetf)",0
"2016-11-01 00:00:00","first_app:standalonetf","_exists_:(user_mau.1502.topfacemobappandroid OR user_mau.1502.topfacemobappios OR user_mau.1502.topface OR user_mau.1502.standalonetf)",0
"2016-11-01 00:00:00","first_app:standalonetf","_exists_:(user_mau.1503.topfacemobappandroid OR user_mau.1503.topfacemobappios OR user_mau.1503.topface OR user_mau.1503.standalonetf)",0
"2016-11-01 00:00:00","first_app:standalonetf","_exists_:(user_mau.1504.topfacemobappandroid OR user_mau.1504.topfacemobappios OR user_mau.1504.topface OR user_mau.1504.standalonetf)",0
"2016-11-01 00:00:00","first_app:standalonetf","_exists_:(user_mau.1505.topfacemobappandroid OR user_mau.1505.topfacemobappios OR user_mau.1505.topface OR user_mau.1505.standalonetf)",0
"2016-11-01 00:00:00","first_app:standalonetf","_exists_:(user_mau.1506.topfacemobappandroid OR user_mau.1506.topfacemobappios OR user_mau.1506.topface OR user_mau.1506.standalonetf)",0
"2016-11-01 00:00:00","first_app:standalonetf","_exists_:(user_mau.1507.topfacemobappandroid OR user_mau.1507.topfacemobappios OR user_mau.1507.topface OR user_mau.1507.standalonetf)",0
"2016-11-01 00:00:00","first_app:standalonetf","_exists_:(user_mau.1508.topfacemobappandroid OR user_mau.1508.topfacemobappios OR user_mau.1508.topface OR user_mau.1508.standalonetf)",0
"2016-11-01 00:00:00","first_app:standalonetf","_exists_:(user_mau.1509.topfacemobappandroid OR user_mau.1509.topfacemobappios OR user_mau.1509.topface OR user_mau.1509.standalonetf)",0
"2016-11-01 00:00:00","first_app:standalonetf","_exists_:(user_mau.1510.topfacemobappandroid OR user_mau.1510.topfacemobappios OR user_mau.1510.topface OR user_mau.1510.standalonetf)",0
"2016-11-01 00:00:00","first_app:standalonetf","_exists_:(user_mau.1511.topfacemobappandroid OR user_mau.1511.topfacemobappios OR user_mau.1511.topface OR user_mau.1511.standalonetf)",0
"2016-11-01 00:00:00","first_app:standalonetf","_exists_:(user_mau.1512.topfacemobappandroid OR user_mau.1512.topfacemobappios OR user_mau.1512.topface OR user_mau.1512.standalonetf)",0
"2016-11-01 00:00:00","first_app:standalonetf","_exists_:(user_mau.1601.topfacemobappandroid OR user_mau.1601.topfacemobappios OR user_mau.1601.topface OR user_mau.1601.standalonetf)",0
"2016-11-01 00:00:00","first_app:standalonetf","_exists_:(user_mau.1602.topfacemobappandroid OR user_mau.1602.topfacemobappios OR user_mau.1602.topface OR user_mau.1602.standalonetf)",0
"2016-11-01 00:00:00","first_app:standalonetf","_exists_:(user_mau.1603.topfacemobappandroid OR user_mau.1603.topfacemobappios OR user_mau.1603.topface OR user_mau.1603.standalonetf)",0
"2016-11-01 00:00:00","first_app:standalonetf","_exists_:(user_mau.1604.topfacemobappandroid OR user_mau.1604.topfacemobappios OR user_mau.1604.topface OR user_mau.1604.standalonetf)",0
"2016-11-01 00:00:00","first_app:standalonetf","_exists_:(user_mau.1605.topfacemobappandroid OR user_mau.1605.topfacemobappios OR user_mau.1605.topface OR user_mau.1605.standalonetf)",0
"2016-11-01 00:00:00","first_app:standalonetf","_exists_:(user_mau.1606.topfacemobappandroid OR user_mau.1606.topfacemobappios OR user_mau.1606.topface OR user_mau.1606.standalonetf)",0
"2016-11-01 00:00:00","first_app:standalonetf","_exists_:(user_mau.1607.topfacemobappandroid OR user_mau.1607.topfacemobappios OR user_mau.1607.topface OR user_mau.1607.standalonetf)",0
"2016-11-01 00:00:00","first_app:standalonetf","_exists_:(user_mau.1608.topfacemobappandroid OR user_mau.1608.topfacemobappios OR user_mau.1608.topface OR user_mau.1608.standalonetf)",0
"2016-11-01 00:00:00","first_app:standalonetf","_exists_:(user_mau.1609.topfacemobappandroid OR user_mau.1609.topfacemobappios OR user_mau.1609.topface OR user_mau.1609.standalonetf)",0
"2016-11-01 00:00:00","first_app:standalonetf","_exists_:(user_mau.1610.topfacemobappandroid OR user_mau.1610.topfacemobappios OR user_mau.1610.topface OR user_mau.1610.standalonetf)",0
"2016-11-01 00:00:00","first_app:standalonetf","_exists_:(user_mau.1611.topfacemobappandroid OR user_mau.1611.topfacemobappios OR user_mau.1611.topface OR user_mau.1611.standalonetf)","2,180"
"2016-11-01 00:00:00","first_app:standalonetf","_exists_:(user_mau.1612.topfacemobappandroid OR user_mau.1612.topfacemobappios OR user_mau.1612.topface OR user_mau.1612.standalonetf)",470
"2016-11-01 00:00:00","first_app:standalonetf","_exists_:(user_mau.1701.topfacemobappandroid OR user_mau.1701.topfacemobappios OR user_mau.1701.topface OR user_mau.1701.standalonetf)",292
"2016-11-01 00:00:00","first_app:standalonetf","_exists_:(user_mau.1702.topfacemobappandroid OR user_mau.1702.topfacemobappios OR user_mau.1702.topface OR user_mau.1702.standalonetf)",237
"2016-11-01 00:00:00","first_app:standalonetf","_exists_:(user_mau.1703.topfacemobappandroid OR user_mau.1703.topfacemobappios OR user_mau.1703.topface OR user_mau.1703.standalonetf)",213
"2016-11-01 00:00:00","first_app:standalonetf","_exists_:(user_mau.1704.topfacemobappandroid OR user_mau.1704.topfacemobappios OR user_mau.1704.topface OR user_mau.1704.standalonetf)",177
"2016-11-01 00:00:00","first_app:standalonetf","_exists_:(user_mau.1705.topfacemobappandroid OR user_mau.1705.topfacemobappios OR user_mau.1705.topface OR user_mau.1705.standalonetf)",142
"2016-11-01 00:00:00","first_app:standalonetf","_exists_:(user_mau.1706.topfacemobappandroid OR user_mau.1706.topfacemobappios OR user_mau.1706.topface OR user_mau.1706.standalonetf)",117
"2016-11-01 00:00:00","first_app:standalonetf","_exists_:(user_mau.1707.topfacemobappandroid OR user_mau.1707.topfacemobappios OR user_mau.1707.topface OR user_mau.1707.standalonetf)",87
"2016-11-01 00:00:00","first_app:standalonetf","_exists_:(user_mau.1708.topfacemobappandroid OR user_mau.1708.topfacemobappios OR user_mau.1708.topface OR user_mau.1708.standalonetf)",118
"2016-11-01 00:00:00","first_app:standalonetf","_exists_:(user_mau.1709.topfacemobappandroid OR user_mau.1709.topfacemobappios OR user_mau.1709.topface OR user_mau.1709.standalonetf)",98
"2016-11-01 00:00:00","first_app:standalonetf","_exists_:(user_mau.1710.topfacemobappandroid OR user_mau.1710.topfacemobappios OR user_mau.1710.topface OR user_mau.1710.standalonetf)",100
"2016-11-01 00:00:00","first_app:standalonetf","_exists_:(user_mau.1711.topfacemobappandroid OR user_mau.1711.topfacemobappios OR user_mau.1711.topface OR user_mau.1711.standalonetf)",95
"2016-11-01 00:00:00","first_app:standalonetf","_exists_:(user_mau.1712.topfacemobappandroid OR user_mau.1712.topfacemobappios OR user_mau.1712.topface OR user_mau.1712.standalonetf)",80
"2016-11-01 00:00:00","first_app:standalonetf","_exists_:(user_mau.1801.topfacemobappandroid OR user_mau.1801.topfacemobappios OR user_mau.1801.topface OR user_mau.1801.standalonetf)",90
"2016-11-01 00:00:00","first_app:standalonetf","_exists_:(user_mau.1802.topfacemobappandroid OR user_mau.1802.topfacemobappios OR user_mau.1802.topface OR user_mau.1802.standalonetf)",59
"2016-11-01 00:00:00","first_app:topface AND platform:vk","*",102
"2016-11-01 00:00:00","first_app:topface AND platform:vk","_exists_:(user_mau.1501.topfacemobappandroid OR user_mau.1501.topfacemobappios OR user_mau.1501.topface OR user_mau.1501.standalonetf)",0
"2016-11-01 00:00:00","first_app:topface AND platform:vk","_exists_:(user_mau.1502.topfacemobappandroid OR user_mau.1502.topfacemobappios OR user_mau.1502.topface OR user_mau.1502.standalonetf)",0
"2016-11-01 00:00:00","first_app:topface AND platform:vk","_exists_:(user_mau.1503.topfacemobappandroid OR user_mau.1503.topfacemobappios OR user_mau.1503.topface OR user_mau.1503.standalonetf)",0
"2016-11-01 00:00:00","first_app:topface AND platform:vk","_exists_:(user_mau.1504.topfacemobappandroid OR user_mau.1504.topfacemobappios OR user_mau.1504.topface OR user_mau.1504.standalonetf)",0
"2016-11-01 00:00:00","first_app:topface AND platform:vk","_exists_:(user_mau.1505.topfacemobappandroid OR user_mau.1505.topfacemobappios OR user_mau.1505.topface OR user_mau.1505.standalonetf)",0
"2016-11-01 00:00:00","first_app:topface AND platform:vk","_exists_:(user_mau.1506.topfacemobappandroid OR user_mau.1506.topfacemobappios OR user_mau.1506.topface OR user_mau.1506.standalonetf)",0
"2016-11-01 00:00:00","first_app:topface AND platform:vk","_exists_:(user_mau.1507.topfacemobappandroid OR user_mau.1507.topfacemobappios OR user_mau.1507.topface OR user_mau.1507.standalonetf)",0
"2016-11-01 00:00:00","first_app:topface AND platform:vk","_exists_:(user_mau.1508.topfacemobappandroid OR user_mau.1508.topfacemobappios OR user_mau.1508.topface OR user_mau.1508.standalonetf)",0
"2016-11-01 00:00:00","first_app:topface AND platform:vk","_exists_:(user_mau.1509.topfacemobappandroid OR user_mau.1509.topfacemobappios OR user_mau.1509.topface OR user_mau.1509.standalonetf)",0
"2016-11-01 00:00:00","first_app:topface AND platform:vk","_exists_:(user_mau.1510.topfacemobappandroid OR user_mau.1510.topfacemobappios OR user_mau.1510.topface OR user_mau.1510.standalonetf)",0
"2016-11-01 00:00:00","first_app:topface AND platform:vk","_exists_:(user_mau.1511.topfacemobappandroid OR user_mau.1511.topfacemobappios OR user_mau.1511.topface OR user_mau.1511.standalonetf)",0
"2016-11-01 00:00:00","first_app:topface AND platform:vk","_exists_:(user_mau.1512.topfacemobappandroid OR user_mau.1512.topfacemobappios OR user_mau.1512.topface OR user_mau.1512.standalonetf)",0
"2016-11-01 00:00:00","first_app:topface AND platform:vk","_exists_:(user_mau.1601.topfacemobappandroid OR user_mau.1601.topfacemobappios OR user_mau.1601.topface OR user_mau.1601.standalonetf)",0
"2016-11-01 00:00:00","first_app:topface AND platform:vk","_exists_:(user_mau.1602.topfacemobappandroid OR user_mau.1602.topfacemobappios OR user_mau.1602.topface OR user_mau.1602.standalonetf)",0
"2016-11-01 00:00:00","first_app:topface AND platform:vk","_exists_:(user_mau.1603.topfacemobappandroid OR user_mau.1603.topfacemobappios OR user_mau.1603.topface OR user_mau.1603.standalonetf)",0
"2016-11-01 00:00:00","first_app:topface AND platform:vk","_exists_:(user_mau.1604.topfacemobappandroid OR user_mau.1604.topfacemobappios OR user_mau.1604.topface OR user_mau.1604.standalonetf)",0
"2016-11-01 00:00:00","first_app:topface AND platform:vk","_exists_:(user_mau.1605.topfacemobappandroid OR user_mau.1605.topfacemobappios OR user_mau.1605.topface OR user_mau.1605.standalonetf)",0
"2016-11-01 00:00:00","first_app:topface AND platform:vk","_exists_:(user_mau.1606.topfacemobappandroid OR user_mau.1606.topfacemobappios OR user_mau.1606.topface OR user_mau.1606.standalonetf)",0
"2016-11-01 00:00:00","first_app:topface AND platform:vk","_exists_:(user_mau.1607.topfacemobappandroid OR user_mau.1607.topfacemobappios OR user_mau.1607.topface OR user_mau.1607.standalonetf)",0
"2016-11-01 00:00:00","first_app:topface AND platform:vk","_exists_:(user_mau.1608.topfacemobappandroid OR user_mau.1608.topfacemobappios OR user_mau.1608.topface OR user_mau.1608.standalonetf)",0
"2016-11-01 00:00:00","first_app:topface AND platform:vk","_exists_:(user_mau.1609.topfacemobappandroid OR user_mau.1609.topfacemobappios OR user_mau.1609.topface OR user_mau.1609.standalonetf)",0
"2016-11-01 00:00:00","first_app:topface AND platform:vk","_exists_:(user_mau.1610.topfacemobappandroid OR user_mau.1610.topfacemobappios OR user_mau.1610.topface OR user_mau.1610.standalonetf)",0
"2016-11-01 00:00:00","first_app:topface AND platform:vk","_exists_:(user_mau.1611.topfacemobappandroid OR user_mau.1611.topfacemobappios OR user_mau.1611.topface OR user_mau.1611.standalonetf)",102
"2016-11-01 00:00:00","first_app:topface AND platform:vk","_exists_:(user_mau.1612.topfacemobappandroid OR user_mau.1612.topfacemobappios OR user_mau.1612.topface OR user_mau.1612.standalonetf)",37
"2016-11-01 00:00:00","first_app:topface AND platform:vk","_exists_:(user_mau.1701.topfacemobappandroid OR user_mau.1701.topfacemobappios OR user_mau.1701.topface OR user_mau.1701.standalonetf)",25
"2016-11-01 00:00:00","first_app:topface AND platform:vk","_exists_:(user_mau.1702.topfacemobappandroid OR user_mau.1702.topfacemobappios OR user_mau.1702.topface OR user_mau.1702.standalonetf)",25
"2016-11-01 00:00:00","first_app:topface AND platform:vk","_exists_:(user_mau.1703.topfacemobappandroid OR user_mau.1703.topfacemobappios OR user_mau.1703.topface OR user_mau.1703.standalonetf)",21
"2016-11-01 00:00:00","first_app:topface AND platform:vk","_exists_:(user_mau.1704.topfacemobappandroid OR user_mau.1704.topfacemobappios OR user_mau.1704.topface OR user_mau.1704.standalonetf)",18
"2016-11-01 00:00:00","first_app:topface AND platform:vk","_exists_:(user_mau.1705.topfacemobappandroid OR user_mau.1705.topfacemobappios OR user_mau.1705.topface OR user_mau.1705.standalonetf)",12
"2016-11-01 00:00:00","first_app:topface AND platform:vk","_exists_:(user_mau.1706.topfacemobappandroid OR user_mau.1706.topfacemobappios OR user_mau.1706.topface OR user_mau.1706.standalonetf)",11
"2016-11-01 00:00:00","first_app:topface AND platform:vk","_exists_:(user_mau.1707.topfacemobappandroid OR user_mau.1707.topfacemobappios OR user_mau.1707.topface OR user_mau.1707.standalonetf)",11
"2016-11-01 00:00:00","first_app:topface AND platform:vk","_exists_:(user_mau.1708.topfacemobappandroid OR user_mau.1708.topfacemobappios OR user_mau.1708.topface OR user_mau.1708.standalonetf)",9
"2016-11-01 00:00:00","first_app:topface AND platform:vk","_exists_:(user_mau.1709.topfacemobappandroid OR user_mau.1709.topfacemobappios OR user_mau.1709.topface OR user_mau.1709.standalonetf)",8
"2016-11-01 00:00:00","first_app:topface AND platform:vk","_exists_:(user_mau.1710.topfacemobappandroid OR user_mau.1710.topfacemobappios OR user_mau.1710.topface OR user_mau.1710.standalonetf)",10
"2016-11-01 00:00:00","first_app:topface AND platform:vk","_exists_:(user_mau.1711.topfacemobappandroid OR user_mau.1711.topfacemobappios OR user_mau.1711.topface OR user_mau.1711.standalonetf)",9
"2016-11-01 00:00:00","first_app:topface AND platform:vk","_exists_:(user_mau.1712.topfacemobappandroid OR user_mau.1712.topfacemobappios OR user_mau.1712.topface OR user_mau.1712.standalonetf)",7
"2016-11-01 00:00:00","first_app:topface AND platform:vk","_exists_:(user_mau.1801.topfacemobappandroid OR user_mau.1801.topfacemobappios OR user_mau.1801.topface OR user_mau.1801.standalonetf)",11
"2016-11-01 00:00:00","first_app:topface AND platform:vk","_exists_:(user_mau.1802.topfacemobappandroid OR user_mau.1802.topfacemobappios OR user_mau.1802.topface OR user_mau.1802.standalonetf)",7
"2016-11-01 00:00:00","first_app:topface AND platform:ok","*",11
"2016-11-01 00:00:00","first_app:topface AND platform:ok","_exists_:(user_mau.1501.topfacemobappandroid OR user_mau.1501.topfacemobappios OR user_mau.1501.topface OR user_mau.1501.standalonetf)",0
"2016-11-01 00:00:00","first_app:topface AND platform:ok","_exists_:(user_mau.1502.topfacemobappandroid OR user_mau.1502.topfacemobappios OR user_mau.1502.topface OR user_mau.1502.standalonetf)",0
"2016-11-01 00:00:00","first_app:topface AND platform:ok","_exists_:(user_mau.1503.topfacemobappandroid OR user_mau.1503.topfacemobappios OR user_mau.1503.topface OR user_mau.1503.standalonetf)",0
"2016-11-01 00:00:00","first_app:topface AND platform:ok","_exists_:(user_mau.1504.topfacemobappandroid OR user_mau.1504.topfacemobappios OR user_mau.1504.topface OR user_mau.1504.standalonetf)",0
"2016-11-01 00:00:00","first_app:topface AND platform:ok","_exists_:(user_mau.1505.topfacemobappandroid OR user_mau.1505.topfacemobappios OR user_mau.1505.topface OR user_mau.1505.standalonetf)",0
"2016-11-01 00:00:00","first_app:topface AND platform:ok","_exists_:(user_mau.1506.topfacemobappandroid OR user_mau.1506.topfacemobappios OR user_mau.1506.topface OR user_mau.1506.standalonetf)",0
"2016-11-01 00:00:00","first_app:topface AND platform:ok","_exists_:(user_mau.1507.topfacemobappandroid OR user_mau.1507.topfacemobappios OR user_mau.1507.topface OR user_mau.1507.standalonetf)",0
"2016-11-01 00:00:00","first_app:topface AND platform:ok","_exists_:(user_mau.1508.topfacemobappandroid OR user_mau.1508.topfacemobappios OR user_mau.1508.topface OR user_mau.1508.standalonetf)",0
"2016-11-01 00:00:00","first_app:topface AND platform:ok","_exists_:(user_mau.1509.topfacemobappandroid OR user_mau.1509.topfacemobappios OR user_mau.1509.topface OR user_mau.1509.standalonetf)",0
"2016-11-01 00:00:00","first_app:topface AND platform:ok","_exists_:(user_mau.1510.topfacemobappandroid OR user_mau.1510.topfacemobappios OR user_mau.1510.topface OR user_mau.1510.standalonetf)",0
"2016-11-01 00:00:00","first_app:topface AND platform:ok","_exists_:(user_mau.1511.topfacemobappandroid OR user_mau.1511.topfacemobappios OR user_mau.1511.topface OR user_mau.1511.standalonetf)",0
"2016-11-01 00:00:00","first_app:topface AND platform:ok","_exists_:(user_mau.1512.topfacemobappandroid OR user_mau.1512.topfacemobappios OR user_mau.1512.topface OR user_mau.1512.standalonetf)",0
"2016-11-01 00:00:00","first_app:topface AND platform:ok","_exists_:(user_mau.1601.topfacemobappandroid OR user_mau.1601.topfacemobappios OR user_mau.1601.topface OR user_mau.1601.standalonetf)",0
"2016-11-01 00:00:00","first_app:topface AND platform:ok","_exists_:(user_mau.1602.topfacemobappandroid OR user_mau.1602.topfacemobappios OR user_mau.1602.topface OR user_mau.1602.standalonetf)",0
"2016-11-01 00:00:00","first_app:topface AND platform:ok","_exists_:(user_mau.1603.topfacemobappandroid OR user_mau.1603.topfacemobappios OR user_mau.1603.topface OR user_mau.1603.standalonetf)",0
"2016-11-01 00:00:00","first_app:topface AND platform:ok","_exists_:(user_mau.1604.topfacemobappandroid OR user_mau.1604.topfacemobappios OR user_mau.1604.topface OR user_mau.1604.standalonetf)",0
"2016-11-01 00:00:00","first_app:topface AND platform:ok","_exists_:(user_mau.1605.topfacemobappandroid OR user_mau.1605.topfacemobappios OR user_mau.1605.topface OR user_mau.1605.standalonetf)",0
"2016-11-01 00:00:00","first_app:topface AND platform:ok","_exists_:(user_mau.1606.topfacemobappandroid OR user_mau.1606.topfacemobappios OR user_mau.1606.topface OR user_mau.1606.standalonetf)",0
"2016-11-01 00:00:00","first_app:topface AND platform:ok","_exists_:(user_mau.1607.topfacemobappandroid OR user_mau.1607.topfacemobappios OR user_mau.1607.topface OR user_mau.1607.standalonetf)",0
"2016-11-01 00:00:00","first_app:topface AND platform:ok","_exists_:(user_mau.1608.topfacemobappandroid OR user_mau.1608.topfacemobappios OR user_mau.1608.topface OR user_mau.1608.standalonetf)",0
"2016-11-01 00:00:00","first_app:topface AND platform:ok","_exists_:(user_mau.1609.topfacemobappandroid OR user_mau.1609.topfacemobappios OR user_mau.1609.topface OR user_mau.1609.standalonetf)",0
"2016-11-01 00:00:00","first_app:topface AND platform:ok","_exists_:(user_mau.1610.topfacemobappandroid OR user_mau.1610.topfacemobappios OR user_mau.1610.topface OR user_mau.1610.standalonetf)",0
"2016-11-01 00:00:00","first_app:topface AND platform:ok","_exists_:(user_mau.1611.topfacemobappandroid OR user_mau.1611.topfacemobappios OR user_mau.1611.topface OR user_mau.1611.standalonetf)",11
"2016-11-01 00:00:00","first_app:topface AND platform:ok","_exists_:(user_mau.1612.topfacemobappandroid OR user_mau.1612.topfacemobappios OR user_mau.1612.topface OR user_mau.1612.standalonetf)",3
"2016-11-01 00:00:00","first_app:topface AND platform:ok","_exists_:(user_mau.1701.topfacemobappandroid OR user_mau.1701.topfacemobappios OR user_mau.1701.topface OR user_mau.1701.standalonetf)",1
"2016-11-01 00:00:00","first_app:topface AND platform:ok","_exists_:(user_mau.1702.topfacemobappandroid OR user_mau.1702.topfacemobappios OR user_mau.1702.topface OR user_mau.1702.standalonetf)",3
"2016-11-01 00:00:00","first_app:topface AND platform:ok","_exists_:(user_mau.1703.topfacemobappandroid OR user_mau.1703.topfacemobappios OR user_mau.1703.topface OR user_mau.1703.standalonetf)",3
"2016-11-01 00:00:00","first_app:topface AND platform:ok","_exists_:(user_mau.1704.topfacemobappandroid OR user_mau.1704.topfacemobappios OR user_mau.1704.topface OR user_mau.1704.standalonetf)",2
"2016-11-01 00:00:00","first_app:topface AND platform:ok","_exists_:(user_mau.1705.topfacemobappandroid OR user_mau.1705.topfacemobappios OR user_mau.1705.topface OR user_mau.1705.standalonetf)",2
"2016-11-01 00:00:00","first_app:topface AND platform:ok","_exists_:(user_mau.1706.topfacemobappandroid OR user_mau.1706.topfacemobappios OR user_mau.1706.topface OR user_mau.1706.standalonetf)",0
"2016-11-01 00:00:00","first_app:topface AND platform:ok","_exists_:(user_mau.1707.topfacemobappandroid OR user_mau.1707.topfacemobappios OR user_mau.1707.topface OR user_mau.1707.standalonetf)",3
"2016-11-01 00:00:00","first_app:topface AND platform:ok","_exists_:(user_mau.1708.topfacemobappandroid OR user_mau.1708.topfacemobappios OR user_mau.1708.topface OR user_mau.1708.standalonetf)",2
"2016-11-01 00:00:00","first_app:topface AND platform:ok","_exists_:(user_mau.1709.topfacemobappandroid OR user_mau.1709.topfacemobappios OR user_mau.1709.topface OR user_mau.1709.standalonetf)",0
"2016-11-01 00:00:00","first_app:topface AND platform:ok","_exists_:(user_mau.1710.topfacemobappandroid OR user_mau.1710.topfacemobappios OR user_mau.1710.topface OR user_mau.1710.standalonetf)",0
"2016-11-01 00:00:00","first_app:topface AND platform:ok","_exists_:(user_mau.1711.topfacemobappandroid OR user_mau.1711.topfacemobappios OR user_mau.1711.topface OR user_mau.1711.standalonetf)",0
"2016-11-01 00:00:00","first_app:topface AND platform:ok","_exists_:(user_mau.1712.topfacemobappandroid OR user_mau.1712.topfacemobappios OR user_mau.1712.topface OR user_mau.1712.standalonetf)",0
"2016-11-01 00:00:00","first_app:topface AND platform:ok","_exists_:(user_mau.1801.topfacemobappandroid OR user_mau.1801.topfacemobappios OR user_mau.1801.topface OR user_mau.1801.standalonetf)",0
"2016-11-01 00:00:00","first_app:topface AND platform:ok","_exists_:(user_mau.1802.topfacemobappandroid OR user_mau.1802.topfacemobappios OR user_mau.1802.topface OR user_mau.1802.standalonetf)",0
"2016-11-01 00:00:00","first_app:topface AND platform:fb","*",8
"2016-11-01 00:00:00","first_app:topface AND platform:fb","_exists_:(user_mau.1501.topfacemobappandroid OR user_mau.1501.topfacemobappios OR user_mau.1501.topface OR user_mau.1501.standalonetf)",0
"2016-11-01 00:00:00","first_app:topface AND platform:fb","_exists_:(user_mau.1502.topfacemobappandroid OR user_mau.1502.topfacemobappios OR user_mau.1502.topface OR user_mau.1502.standalonetf)",0
"2016-11-01 00:00:00","first_app:topface AND platform:fb","_exists_:(user_mau.1503.topfacemobappandroid OR user_mau.1503.topfacemobappios OR user_mau.1503.topface OR user_mau.1503.standalonetf)",0
"2016-11-01 00:00:00","first_app:topface AND platform:fb","_exists_:(user_mau.1504.topfacemobappandroid OR user_mau.1504.topfacemobappios OR user_mau.1504.topface OR user_mau.1504.standalonetf)",0
"2016-11-01 00:00:00","first_app:topface AND platform:fb","_exists_:(user_mau.1505.topfacemobappandroid OR user_mau.1505.topfacemobappios OR user_mau.1505.topface OR user_mau.1505.standalonetf)",0
"2016-11-01 00:00:00","first_app:topface AND platform:fb","_exists_:(user_mau.1506.topfacemobappandroid OR user_mau.1506.topfacemobappios OR user_mau.1506.topface OR user_mau.1506.standalonetf)",0
"2016-11-01 00:00:00","first_app:topface AND platform:fb","_exists_:(user_mau.1507.topfacemobappandroid OR user_mau.1507.topfacemobappios OR user_mau.1507.topface OR user_mau.1507.standalonetf)",0
"2016-11-01 00:00:00","first_app:topface AND platform:fb","_exists_:(user_mau.1508.topfacemobappandroid OR user_mau.1508.topfacemobappios OR user_mau.1508.topface OR user_mau.1508.standalonetf)",0
"2016-11-01 00:00:00","first_app:topface AND platform:fb","_exists_:(user_mau.1509.topfacemobappandroid OR user_mau.1509.topfacemobappios OR user_mau.1509.topface OR user_mau.1509.standalonetf)",0
"2016-11-01 00:00:00","first_app:topface AND platform:fb","_exists_:(user_mau.1510.topfacemobappandroid OR user_mau.1510.topfacemobappios OR user_mau.1510.topface OR user_mau.1510.standalonetf)",0
"2016-11-01 00:00:00","first_app:topface AND platform:fb","_exists_:(user_mau.1511.topfacemobappandroid OR user_mau.1511.topfacemobappios OR user_mau.1511.topface OR user_mau.1511.standalonetf)",0
"2016-11-01 00:00:00","first_app:topface AND platform:fb","_exists_:(user_mau.1512.topfacemobappandroid OR user_mau.1512.topfacemobappios OR user_mau.1512.topface OR user_mau.1512.standalonetf)",0
"2016-11-01 00:00:00","first_app:topface AND platform:fb","_exists_:(user_mau.1601.topfacemobappandroid OR user_mau.1601.topfacemobappios OR user_mau.1601.topface OR user_mau.1601.standalonetf)",0
"2016-11-01 00:00:00","first_app:topface AND platform:fb","_exists_:(user_mau.1602.topfacemobappandroid OR user_mau.1602.topfacemobappios OR user_mau.1602.topface OR user_mau.1602.standalonetf)",0
"2016-11-01 00:00:00","first_app:topface AND platform:fb","_exists_:(user_mau.1603.topfacemobappandroid OR user_mau.1603.topfacemobappios OR user_mau.1603.topface OR user_mau.1603.standalonetf)",0
"2016-11-01 00:00:00","first_app:topface AND platform:fb","_exists_:(user_mau.1604.topfacemobappandroid OR user_mau.1604.topfacemobappios OR user_mau.1604.topface OR user_mau.1604.standalonetf)",0
"2016-11-01 00:00:00","first_app:topface AND platform:fb","_exists_:(user_mau.1605.topfacemobappandroid OR user_mau.1605.topfacemobappios OR user_mau.1605.topface OR user_mau.1605.standalonetf)",0
"2016-11-01 00:00:00","first_app:topface AND platform:fb","_exists_:(user_mau.1606.topfacemobappandroid OR user_mau.1606.topfacemobappios OR user_mau.1606.topface OR user_mau.1606.standalonetf)",0
"2016-11-01 00:00:00","first_app:topface AND platform:fb","_exists_:(user_mau.1607.topfacemobappandroid OR user_mau.1607.topfacemobappios OR user_mau.1607.topface OR user_mau.1607.standalonetf)",0
"2016-11-01 00:00:00","first_app:topface AND platform:fb","_exists_:(user_mau.1608.topfacemobappandroid OR user_mau.1608.topfacemobappios OR user_mau.1608.topface OR user_mau.1608.standalonetf)",0
"2016-11-01 00:00:00","first_app:topface AND platform:fb","_exists_:(user_mau.1609.topfacemobappandroid OR user_mau.1609.topfacemobappios OR user_mau.1609.topface OR user_mau.1609.standalonetf)",0
"2016-11-01 00:00:00","first_app:topface AND platform:fb","_exists_:(user_mau.1610.topfacemobappandroid OR user_mau.1610.topfacemobappios OR user_mau.1610.topface OR user_mau.1610.standalonetf)",0
"2016-11-01 00:00:00","first_app:topface AND platform:fb","_exists_:(user_mau.1611.topfacemobappandroid OR user_mau.1611.topfacemobappios OR user_mau.1611.topface OR user_mau.1611.standalonetf)",8
"2016-11-01 00:00:00","first_app:topface AND platform:fb","_exists_:(user_mau.1612.topfacemobappandroid OR user_mau.1612.topfacemobappios OR user_mau.1612.topface OR user_mau.1612.standalonetf)",3
"2016-11-01 00:00:00","first_app:topface AND platform:fb","_exists_:(user_mau.1701.topfacemobappandroid OR user_mau.1701.topfacemobappios OR user_mau.1701.topface OR user_mau.1701.standalonetf)",1
"2016-11-01 00:00:00","first_app:topface AND platform:fb","_exists_:(user_mau.1702.topfacemobappandroid OR user_mau.1702.topfacemobappios OR user_mau.1702.topface OR user_mau.1702.standalonetf)",1
"2016-11-01 00:00:00","first_app:topface AND platform:fb","_exists_:(user_mau.1703.topfacemobappandroid OR user_mau.1703.topfacemobappios OR user_mau.1703.topface OR user_mau.1703.standalonetf)",1
"2016-11-01 00:00:00","first_app:topface AND platform:fb","_exists_:(user_mau.1704.topfacemobappandroid OR user_mau.1704.topfacemobappios OR user_mau.1704.topface OR user_mau.1704.standalonetf)",0
"2016-11-01 00:00:00","first_app:topface AND platform:fb","_exists_:(user_mau.1705.topfacemobappandroid OR user_mau.1705.topfacemobappios OR user_mau.1705.topface OR user_mau.1705.standalonetf)",0
"2016-11-01 00:00:00","first_app:topface AND platform:fb","_exists_:(user_mau.1706.topfacemobappandroid OR user_mau.1706.topfacemobappios OR user_mau.1706.topface OR user_mau.1706.standalonetf)",0
"2016-11-01 00:00:00","first_app:topface AND platform:fb","_exists_:(user_mau.1707.topfacemobappandroid OR user_mau.1707.topfacemobappios OR user_mau.1707.topface OR user_mau.1707.standalonetf)",1
"2016-11-01 00:00:00","first_app:topface AND platform:fb","_exists_:(user_mau.1708.topfacemobappandroid OR user_mau.1708.topfacemobappios OR user_mau.1708.topface OR user_mau.1708.standalonetf)",1
"2016-11-01 00:00:00","first_app:topface AND platform:fb","_exists_:(user_mau.1709.topfacemobappandroid OR user_mau.1709.topfacemobappios OR user_mau.1709.topface OR user_mau.1709.standalonetf)",0
"2016-11-01 00:00:00","first_app:topface AND platform:fb","_exists_:(user_mau.1710.topfacemobappandroid OR user_mau.1710.topfacemobappios OR user_mau.1710.topface OR user_mau.1710.standalonetf)",1
"2016-11-01 00:00:00","first_app:topface AND platform:fb","_exists_:(user_mau.1711.topfacemobappandroid OR user_mau.1711.topfacemobappios OR user_mau.1711.topface OR user_mau.1711.standalonetf)",2
"2016-11-01 00:00:00","first_app:topface AND platform:fb","_exists_:(user_mau.1712.topfacemobappandroid OR user_mau.1712.topfacemobappios OR user_mau.1712.topface OR user_mau.1712.standalonetf)",0
"2016-11-01 00:00:00","first_app:topface AND platform:fb","_exists_:(user_mau.1801.topfacemobappandroid OR user_mau.1801.topfacemobappios OR user_mau.1801.topface OR user_mau.1801.standalonetf)",0
"2016-11-01 00:00:00","first_app:topface AND platform:fb","_exists_:(user_mau.1802.topfacemobappandroid OR user_mau.1802.topfacemobappios OR user_mau.1802.topface OR user_mau.1802.standalonetf)",1
"2016-12-01 00:00:00","first_app:topfacemobappandroid","*","128,468"
"2016-12-01 00:00:00","first_app:topfacemobappandroid","_exists_:(user_mau.1501.topfacemobappandroid OR user_mau.1501.topfacemobappios OR user_mau.1501.topface OR user_mau.1501.standalonetf)",0
"2016-12-01 00:00:00","first_app:topfacemobappandroid","_exists_:(user_mau.1502.topfacemobappandroid OR user_mau.1502.topfacemobappios OR user_mau.1502.topface OR user_mau.1502.standalonetf)",0
"2016-12-01 00:00:00","first_app:topfacemobappandroid","_exists_:(user_mau.1503.topfacemobappandroid OR user_mau.1503.topfacemobappios OR user_mau.1503.topface OR user_mau.1503.standalonetf)",0
"2016-12-01 00:00:00","first_app:topfacemobappandroid","_exists_:(user_mau.1504.topfacemobappandroid OR user_mau.1504.topfacemobappios OR user_mau.1504.topface OR user_mau.1504.standalonetf)",0
"2016-12-01 00:00:00","first_app:topfacemobappandroid","_exists_:(user_mau.1505.topfacemobappandroid OR user_mau.1505.topfacemobappios OR user_mau.1505.topface OR user_mau.1505.standalonetf)",0
"2016-12-01 00:00:00","first_app:topfacemobappandroid","_exists_:(user_mau.1506.topfacemobappandroid OR user_mau.1506.topfacemobappios OR user_mau.1506.topface OR user_mau.1506.standalonetf)",0
"2016-12-01 00:00:00","first_app:topfacemobappandroid","_exists_:(user_mau.1507.topfacemobappandroid OR user_mau.1507.topfacemobappios OR user_mau.1507.topface OR user_mau.1507.standalonetf)",0
"2016-12-01 00:00:00","first_app:topfacemobappandroid","_exists_:(user_mau.1508.topfacemobappandroid OR user_mau.1508.topfacemobappios OR user_mau.1508.topface OR user_mau.1508.standalonetf)",0
"2016-12-01 00:00:00","first_app:topfacemobappandroid","_exists_:(user_mau.1509.topfacemobappandroid OR user_mau.1509.topfacemobappios OR user_mau.1509.topface OR user_mau.1509.standalonetf)",0
"2016-12-01 00:00:00","first_app:topfacemobappandroid","_exists_:(user_mau.1510.topfacemobappandroid OR user_mau.1510.topfacemobappios OR user_mau.1510.topface OR user_mau.1510.standalonetf)",0
"2016-12-01 00:00:00","first_app:topfacemobappandroid","_exists_:(user_mau.1511.topfacemobappandroid OR user_mau.1511.topfacemobappios OR user_mau.1511.topface OR user_mau.1511.standalonetf)",0
"2016-12-01 00:00:00","first_app:topfacemobappandroid","_exists_:(user_mau.1512.topfacemobappandroid OR user_mau.1512.topfacemobappios OR user_mau.1512.topface OR user_mau.1512.standalonetf)",0
"2016-12-01 00:00:00","first_app:topfacemobappandroid","_exists_:(user_mau.1601.topfacemobappandroid OR user_mau.1601.topfacemobappios OR user_mau.1601.topface OR user_mau.1601.standalonetf)",0
"2016-12-01 00:00:00","first_app:topfacemobappandroid","_exists_:(user_mau.1602.topfacemobappandroid OR user_mau.1602.topfacemobappios OR user_mau.1602.topface OR user_mau.1602.standalonetf)",0
"2016-12-01 00:00:00","first_app:topfacemobappandroid","_exists_:(user_mau.1603.topfacemobappandroid OR user_mau.1603.topfacemobappios OR user_mau.1603.topface OR user_mau.1603.standalonetf)",0
"2016-12-01 00:00:00","first_app:topfacemobappandroid","_exists_:(user_mau.1604.topfacemobappandroid OR user_mau.1604.topfacemobappios OR user_mau.1604.topface OR user_mau.1604.standalonetf)",0
"2016-12-01 00:00:00","first_app:topfacemobappandroid","_exists_:(user_mau.1605.topfacemobappandroid OR user_mau.1605.topfacemobappios OR user_mau.1605.topface OR user_mau.1605.standalonetf)",0
"2016-12-01 00:00:00","first_app:topfacemobappandroid","_exists_:(user_mau.1606.topfacemobappandroid OR user_mau.1606.topfacemobappios OR user_mau.1606.topface OR user_mau.1606.standalonetf)",0
"2016-12-01 00:00:00","first_app:topfacemobappandroid","_exists_:(user_mau.1607.topfacemobappandroid OR user_mau.1607.topfacemobappios OR user_mau.1607.topface OR user_mau.1607.standalonetf)",0
"2016-12-01 00:00:00","first_app:topfacemobappandroid","_exists_:(user_mau.1608.topfacemobappandroid OR user_mau.1608.topfacemobappios OR user_mau.1608.topface OR user_mau.1608.standalonetf)",0
"2016-12-01 00:00:00","first_app:topfacemobappandroid","_exists_:(user_mau.1609.topfacemobappandroid OR user_mau.1609.topfacemobappios OR user_mau.1609.topface OR user_mau.1609.standalonetf)",0
"2016-12-01 00:00:00","first_app:topfacemobappandroid","_exists_:(user_mau.1610.topfacemobappandroid OR user_mau.1610.topfacemobappios OR user_mau.1610.topface OR user_mau.1610.standalonetf)",0
"2016-12-01 00:00:00","first_app:topfacemobappandroid","_exists_:(user_mau.1611.topfacemobappandroid OR user_mau.1611.topfacemobappios OR user_mau.1611.topface OR user_mau.1611.standalonetf)",0
"2016-12-01 00:00:00","first_app:topfacemobappandroid","_exists_:(user_mau.1612.topfacemobappandroid OR user_mau.1612.topfacemobappios OR user_mau.1612.topface OR user_mau.1612.standalonetf)","128,466"
"2016-12-01 00:00:00","first_app:topfacemobappandroid","_exists_:(user_mau.1701.topfacemobappandroid OR user_mau.1701.topfacemobappios OR user_mau.1701.topface OR user_mau.1701.standalonetf)","22,731"
"2016-12-01 00:00:00","first_app:topfacemobappandroid","_exists_:(user_mau.1702.topfacemobappandroid OR user_mau.1702.topfacemobappios OR user_mau.1702.topface OR user_mau.1702.standalonetf)","11,305"
"2016-12-01 00:00:00","first_app:topfacemobappandroid","_exists_:(user_mau.1703.topfacemobappandroid OR user_mau.1703.topfacemobappios OR user_mau.1703.topface OR user_mau.1703.standalonetf)","7,765"
"2016-12-01 00:00:00","first_app:topfacemobappandroid","_exists_:(user_mau.1704.topfacemobappandroid OR user_mau.1704.topfacemobappios OR user_mau.1704.topface OR user_mau.1704.standalonetf)","5,721"
"2016-12-01 00:00:00","first_app:topfacemobappandroid","_exists_:(user_mau.1705.topfacemobappandroid OR user_mau.1705.topfacemobappios OR user_mau.1705.topface OR user_mau.1705.standalonetf)","5,768"
"2016-12-01 00:00:00","first_app:topfacemobappandroid","_exists_:(user_mau.1706.topfacemobappandroid OR user_mau.1706.topfacemobappios OR user_mau.1706.topface OR user_mau.1706.standalonetf)","4,874"
"2016-12-01 00:00:00","first_app:topfacemobappandroid","_exists_:(user_mau.1707.topfacemobappandroid OR user_mau.1707.topfacemobappios OR user_mau.1707.topface OR user_mau.1707.standalonetf)","3,981"
"2016-12-01 00:00:00","first_app:topfacemobappandroid","_exists_:(user_mau.1708.topfacemobappandroid OR user_mau.1708.topfacemobappios OR user_mau.1708.topface OR user_mau.1708.standalonetf)","4,625"
"2016-12-01 00:00:00","first_app:topfacemobappandroid","_exists_:(user_mau.1709.topfacemobappandroid OR user_mau.1709.topfacemobappios OR user_mau.1709.topface OR user_mau.1709.standalonetf)","4,009"
"2016-12-01 00:00:00","first_app:topfacemobappandroid","_exists_:(user_mau.1710.topfacemobappandroid OR user_mau.1710.topfacemobappios OR user_mau.1710.topface OR user_mau.1710.standalonetf)","4,410"
"2016-12-01 00:00:00","first_app:topfacemobappandroid","_exists_:(user_mau.1711.topfacemobappandroid OR user_mau.1711.topfacemobappios OR user_mau.1711.topface OR user_mau.1711.standalonetf)","3,677"
"2016-12-01 00:00:00","first_app:topfacemobappandroid","_exists_:(user_mau.1712.topfacemobappandroid OR user_mau.1712.topfacemobappios OR user_mau.1712.topface OR user_mau.1712.standalonetf)","3,305"
"2016-12-01 00:00:00","first_app:topfacemobappandroid","_exists_:(user_mau.1801.topfacemobappandroid OR user_mau.1801.topfacemobappios OR user_mau.1801.topface OR user_mau.1801.standalonetf)","2,169"
"2016-12-01 00:00:00","first_app:topfacemobappandroid","_exists_:(user_mau.1802.topfacemobappandroid OR user_mau.1802.topfacemobappios OR user_mau.1802.topface OR user_mau.1802.standalonetf)","1,859"
"2016-12-01 00:00:00","first_app:topfacemobappios","*","78,394"
"2016-12-01 00:00:00","first_app:topfacemobappios","_exists_:(user_mau.1501.topfacemobappandroid OR user_mau.1501.topfacemobappios OR user_mau.1501.topface OR user_mau.1501.standalonetf)",0
"2016-12-01 00:00:00","first_app:topfacemobappios","_exists_:(user_mau.1502.topfacemobappandroid OR user_mau.1502.topfacemobappios OR user_mau.1502.topface OR user_mau.1502.standalonetf)",0
"2016-12-01 00:00:00","first_app:topfacemobappios","_exists_:(user_mau.1503.topfacemobappandroid OR user_mau.1503.topfacemobappios OR user_mau.1503.topface OR user_mau.1503.standalonetf)",0
"2016-12-01 00:00:00","first_app:topfacemobappios","_exists_:(user_mau.1504.topfacemobappandroid OR user_mau.1504.topfacemobappios OR user_mau.1504.topface OR user_mau.1504.standalonetf)",0
"2016-12-01 00:00:00","first_app:topfacemobappios","_exists_:(user_mau.1505.topfacemobappandroid OR user_mau.1505.topfacemobappios OR user_mau.1505.topface OR user_mau.1505.standalonetf)",0
"2016-12-01 00:00:00","first_app:topfacemobappios","_exists_:(user_mau.1506.topfacemobappandroid OR user_mau.1506.topfacemobappios OR user_mau.1506.topface OR user_mau.1506.standalonetf)",0
"2016-12-01 00:00:00","first_app:topfacemobappios","_exists_:(user_mau.1507.topfacemobappandroid OR user_mau.1507.topfacemobappios OR user_mau.1507.topface OR user_mau.1507.standalonetf)",0
"2016-12-01 00:00:00","first_app:topfacemobappios","_exists_:(user_mau.1508.topfacemobappandroid OR user_mau.1508.topfacemobappios OR user_mau.1508.topface OR user_mau.1508.standalonetf)",0
"2016-12-01 00:00:00","first_app:topfacemobappios","_exists_:(user_mau.1509.topfacemobappandroid OR user_mau.1509.topfacemobappios OR user_mau.1509.topface OR user_mau.1509.standalonetf)",0
"2016-12-01 00:00:00","first_app:topfacemobappios","_exists_:(user_mau.1510.topfacemobappandroid OR user_mau.1510.topfacemobappios OR user_mau.1510.topface OR user_mau.1510.standalonetf)",0
"2016-12-01 00:00:00","first_app:topfacemobappios","_exists_:(user_mau.1511.topfacemobappandroid OR user_mau.1511.topfacemobappios OR user_mau.1511.topface OR user_mau.1511.standalonetf)",0
"2016-12-01 00:00:00","first_app:topfacemobappios","_exists_:(user_mau.1512.topfacemobappandroid OR user_mau.1512.topfacemobappios OR user_mau.1512.topface OR user_mau.1512.standalonetf)",0
"2016-12-01 00:00:00","first_app:topfacemobappios","_exists_:(user_mau.1601.topfacemobappandroid OR user_mau.1601.topfacemobappios OR user_mau.1601.topface OR user_mau.1601.standalonetf)",0
"2016-12-01 00:00:00","first_app:topfacemobappios","_exists_:(user_mau.1602.topfacemobappandroid OR user_mau.1602.topfacemobappios OR user_mau.1602.topface OR user_mau.1602.standalonetf)",0
"2016-12-01 00:00:00","first_app:topfacemobappios","_exists_:(user_mau.1603.topfacemobappandroid OR user_mau.1603.topfacemobappios OR user_mau.1603.topface OR user_mau.1603.standalonetf)",0
"2016-12-01 00:00:00","first_app:topfacemobappios","_exists_:(user_mau.1604.topfacemobappandroid OR user_mau.1604.topfacemobappios OR user_mau.1604.topface OR user_mau.1604.standalonetf)",0
"2016-12-01 00:00:00","first_app:topfacemobappios","_exists_:(user_mau.1605.topfacemobappandroid OR user_mau.1605.topfacemobappios OR user_mau.1605.topface OR user_mau.1605.standalonetf)",0
"2016-12-01 00:00:00","first_app:topfacemobappios","_exists_:(user_mau.1606.topfacemobappandroid OR user_mau.1606.topfacemobappios OR user_mau.1606.topface OR user_mau.1606.standalonetf)",0
"2016-12-01 00:00:00","first_app:topfacemobappios","_exists_:(user_mau.1607.topfacemobappandroid OR user_mau.1607.topfacemobappios OR user_mau.1607.topface OR user_mau.1607.standalonetf)",0
"2016-12-01 00:00:00","first_app:topfacemobappios","_exists_:(user_mau.1608.topfacemobappandroid OR user_mau.1608.topfacemobappios OR user_mau.1608.topface OR user_mau.1608.standalonetf)",0
"2016-12-01 00:00:00","first_app:topfacemobappios","_exists_:(user_mau.1609.topfacemobappandroid OR user_mau.1609.topfacemobappios OR user_mau.1609.topface OR user_mau.1609.standalonetf)",0
"2016-12-01 00:00:00","first_app:topfacemobappios","_exists_:(user_mau.1610.topfacemobappandroid OR user_mau.1610.topfacemobappios OR user_mau.1610.topface OR user_mau.1610.standalonetf)",0
"2016-12-01 00:00:00","first_app:topfacemobappios","_exists_:(user_mau.1611.topfacemobappandroid OR user_mau.1611.topfacemobappios OR user_mau.1611.topface OR user_mau.1611.standalonetf)",0
"2016-12-01 00:00:00","first_app:topfacemobappios","_exists_:(user_mau.1612.topfacemobappandroid OR user_mau.1612.topfacemobappios OR user_mau.1612.topface OR user_mau.1612.standalonetf)","78,393"
"2016-12-01 00:00:00","first_app:topfacemobappios","_exists_:(user_mau.1701.topfacemobappandroid OR user_mau.1701.topfacemobappios OR user_mau.1701.topface OR user_mau.1701.standalonetf)","15,212"
"2016-12-01 00:00:00","first_app:topfacemobappios","_exists_:(user_mau.1702.topfacemobappandroid OR user_mau.1702.topfacemobappios OR user_mau.1702.topface OR user_mau.1702.standalonetf)","6,512"
"2016-12-01 00:00:00","first_app:topfacemobappios","_exists_:(user_mau.1703.topfacemobappandroid OR user_mau.1703.topfacemobappios OR user_mau.1703.topface OR user_mau.1703.standalonetf)","4,564"
"2016-12-01 00:00:00","first_app:topfacemobappios","_exists_:(user_mau.1704.topfacemobappandroid OR user_mau.1704.topfacemobappios OR user_mau.1704.topface OR user_mau.1704.standalonetf)","3,114"
"2016-12-01 00:00:00","first_app:topfacemobappios","_exists_:(user_mau.1705.topfacemobappandroid OR user_mau.1705.topfacemobappios OR user_mau.1705.topface OR user_mau.1705.standalonetf)","3,153"
"2016-12-01 00:00:00","first_app:topfacemobappios","_exists_:(user_mau.1706.topfacemobappandroid OR user_mau.1706.topfacemobappios OR user_mau.1706.topface OR user_mau.1706.standalonetf)","2,740"
"2016-12-01 00:00:00","first_app:topfacemobappios","_exists_:(user_mau.1707.topfacemobappandroid OR user_mau.1707.topfacemobappios OR user_mau.1707.topface OR user_mau.1707.standalonetf)","2,169"
"2016-12-01 00:00:00","first_app:topfacemobappios","_exists_:(user_mau.1708.topfacemobappandroid OR user_mau.1708.topfacemobappios OR user_mau.1708.topface OR user_mau.1708.standalonetf)","2,433"
"2016-12-01 00:00:00","first_app:topfacemobappios","_exists_:(user_mau.1709.topfacemobappandroid OR user_mau.1709.topfacemobappios OR user_mau.1709.topface OR user_mau.1709.standalonetf)","2,088"
"2016-12-01 00:00:00","first_app:topfacemobappios","_exists_:(user_mau.1710.topfacemobappandroid OR user_mau.1710.topfacemobappios OR user_mau.1710.topface OR user_mau.1710.standalonetf)","2,123"
"2016-12-01 00:00:00","first_app:topfacemobappios","_exists_:(user_mau.1711.topfacemobappandroid OR user_mau.1711.topfacemobappios OR user_mau.1711.topface OR user_mau.1711.standalonetf)","1,807"
"2016-12-01 00:00:00","first_app:topfacemobappios","_exists_:(user_mau.1712.topfacemobappandroid OR user_mau.1712.topfacemobappios OR user_mau.1712.topface OR user_mau.1712.standalonetf)","1,633"
"2016-12-01 00:00:00","first_app:topfacemobappios","_exists_:(user_mau.1801.topfacemobappandroid OR user_mau.1801.topfacemobappios OR user_mau.1801.topface OR user_mau.1801.standalonetf)","1,276"
"2016-12-01 00:00:00","first_app:topfacemobappios","_exists_:(user_mau.1802.topfacemobappandroid OR user_mau.1802.topfacemobappios OR user_mau.1802.topface OR user_mau.1802.standalonetf)","1,042"
"2016-12-01 00:00:00","first_app:standalonetf","*","2,303"
"2016-12-01 00:00:00","first_app:standalonetf","_exists_:(user_mau.1501.topfacemobappandroid OR user_mau.1501.topfacemobappios OR user_mau.1501.topface OR user_mau.1501.standalonetf)",0
"2016-12-01 00:00:00","first_app:standalonetf","_exists_:(user_mau.1502.topfacemobappandroid OR user_mau.1502.topfacemobappios OR user_mau.1502.topface OR user_mau.1502.standalonetf)",0
"2016-12-01 00:00:00","first_app:standalonetf","_exists_:(user_mau.1503.topfacemobappandroid OR user_mau.1503.topfacemobappios OR user_mau.1503.topface OR user_mau.1503.standalonetf)",0
"2016-12-01 00:00:00","first_app:standalonetf","_exists_:(user_mau.1504.topfacemobappandroid OR user_mau.1504.topfacemobappios OR user_mau.1504.topface OR user_mau.1504.standalonetf)",0
"2016-12-01 00:00:00","first_app:standalonetf","_exists_:(user_mau.1505.topfacemobappandroid OR user_mau.1505.topfacemobappios OR user_mau.1505.topface OR user_mau.1505.standalonetf)",0
"2016-12-01 00:00:00","first_app:standalonetf","_exists_:(user_mau.1506.topfacemobappandroid OR user_mau.1506.topfacemobappios OR user_mau.1506.topface OR user_mau.1506.standalonetf)",0
"2016-12-01 00:00:00","first_app:standalonetf","_exists_:(user_mau.1507.topfacemobappandroid OR user_mau.1507.topfacemobappios OR user_mau.1507.topface OR user_mau.1507.standalonetf)",0
"2016-12-01 00:00:00","first_app:standalonetf","_exists_:(user_mau.1508.topfacemobappandroid OR user_mau.1508.topfacemobappios OR user_mau.1508.topface OR user_mau.1508.standalonetf)",0
"2016-12-01 00:00:00","first_app:standalonetf","_exists_:(user_mau.1509.topfacemobappandroid OR user_mau.1509.topfacemobappios OR user_mau.1509.topface OR user_mau.1509.standalonetf)",0
"2016-12-01 00:00:00","first_app:standalonetf","_exists_:(user_mau.1510.topfacemobappandroid OR user_mau.1510.topfacemobappios OR user_mau.1510.topface OR user_mau.1510.standalonetf)",0
"2016-12-01 00:00:00","first_app:standalonetf","_exists_:(user_mau.1511.topfacemobappandroid OR user_mau.1511.topfacemobappios OR user_mau.1511.topface OR user_mau.1511.standalonetf)",0
"2016-12-01 00:00:00","first_app:standalonetf","_exists_:(user_mau.1512.topfacemobappandroid OR user_mau.1512.topfacemobappios OR user_mau.1512.topface OR user_mau.1512.standalonetf)",0
"2016-12-01 00:00:00","first_app:standalonetf","_exists_:(user_mau.1601.topfacemobappandroid OR user_mau.1601.topfacemobappios OR user_mau.1601.topface OR user_mau.1601.standalonetf)",0
"2016-12-01 00:00:00","first_app:standalonetf","_exists_:(user_mau.1602.topfacemobappandroid OR user_mau.1602.topfacemobappios OR user_mau.1602.topface OR user_mau.1602.standalonetf)",0
"2016-12-01 00:00:00","first_app:standalonetf","_exists_:(user_mau.1603.topfacemobappandroid OR user_mau.1603.topfacemobappios OR user_mau.1603.topface OR user_mau.1603.standalonetf)",0
"2016-12-01 00:00:00","first_app:standalonetf","_exists_:(user_mau.1604.topfacemobappandroid OR user_mau.1604.topfacemobappios OR user_mau.1604.topface OR user_mau.1604.standalonetf)",0
"2016-12-01 00:00:00","first_app:standalonetf","_exists_:(user_mau.1605.topfacemobappandroid OR user_mau.1605.topfacemobappios OR user_mau.1605.topface OR user_mau.1605.standalonetf)",0
"2016-12-01 00:00:00","first_app:standalonetf","_exists_:(user_mau.1606.topfacemobappandroid OR user_mau.1606.topfacemobappios OR user_mau.1606.topface OR user_mau.1606.standalonetf)",0
"2016-12-01 00:00:00","first_app:standalonetf","_exists_:(user_mau.1607.topfacemobappandroid OR user_mau.1607.topfacemobappios OR user_mau.1607.topface OR user_mau.1607.standalonetf)",0
"2016-12-01 00:00:00","first_app:standalonetf","_exists_:(user_mau.1608.topfacemobappandroid OR user_mau.1608.topfacemobappios OR user_mau.1608.topface OR user_mau.1608.standalonetf)",0
"2016-12-01 00:00:00","first_app:standalonetf","_exists_:(user_mau.1609.topfacemobappandroid OR user_mau.1609.topfacemobappios OR user_mau.1609.topface OR user_mau.1609.standalonetf)",0
"2016-12-01 00:00:00","first_app:standalonetf","_exists_:(user_mau.1610.topfacemobappandroid OR user_mau.1610.topfacemobappios OR user_mau.1610.topface OR user_mau.1610.standalonetf)",0
"2016-12-01 00:00:00","first_app:standalonetf","_exists_:(user_mau.1611.topfacemobappandroid OR user_mau.1611.topfacemobappios OR user_mau.1611.topface OR user_mau.1611.standalonetf)",0
"2016-12-01 00:00:00","first_app:standalonetf","_exists_:(user_mau.1612.topfacemobappandroid OR user_mau.1612.topfacemobappios OR user_mau.1612.topface OR user_mau.1612.standalonetf)","2,113"
"2016-12-01 00:00:00","first_app:standalonetf","_exists_:(user_mau.1701.topfacemobappandroid OR user_mau.1701.topfacemobappios OR user_mau.1701.topface OR user_mau.1701.standalonetf)",487
"2016-12-01 00:00:00","first_app:standalonetf","_exists_:(user_mau.1702.topfacemobappandroid OR user_mau.1702.topfacemobappios OR user_mau.1702.topface OR user_mau.1702.standalonetf)",289
"2016-12-01 00:00:00","first_app:standalonetf","_exists_:(user_mau.1703.topfacemobappandroid OR user_mau.1703.topfacemobappios OR user_mau.1703.topface OR user_mau.1703.standalonetf)",217
"2016-12-01 00:00:00","first_app:standalonetf","_exists_:(user_mau.1704.topfacemobappandroid OR user_mau.1704.topfacemobappios OR user_mau.1704.topface OR user_mau.1704.standalonetf)",198
"2016-12-01 00:00:00","first_app:standalonetf","_exists_:(user_mau.1705.topfacemobappandroid OR user_mau.1705.topfacemobappios OR user_mau.1705.topface OR user_mau.1705.standalonetf)",171
"2016-12-01 00:00:00","first_app:standalonetf","_exists_:(user_mau.1706.topfacemobappandroid OR user_mau.1706.topfacemobappios OR user_mau.1706.topface OR user_mau.1706.standalonetf)",132
"2016-12-01 00:00:00","first_app:standalonetf","_exists_:(user_mau.1707.topfacemobappandroid OR user_mau.1707.topfacemobappios OR user_mau.1707.topface OR user_mau.1707.standalonetf)",124
"2016-12-01 00:00:00","first_app:standalonetf","_exists_:(user_mau.1708.topfacemobappandroid OR user_mau.1708.topfacemobappios OR user_mau.1708.topface OR user_mau.1708.standalonetf)",121
"2016-12-01 00:00:00","first_app:standalonetf","_exists_:(user_mau.1709.topfacemobappandroid OR user_mau.1709.topfacemobappios OR user_mau.1709.topface OR user_mau.1709.standalonetf)",118
"2016-12-01 00:00:00","first_app:standalonetf","_exists_:(user_mau.1710.topfacemobappandroid OR user_mau.1710.topfacemobappios OR user_mau.1710.topface OR user_mau.1710.standalonetf)",109
"2016-12-01 00:00:00","first_app:standalonetf","_exists_:(user_mau.1711.topfacemobappandroid OR user_mau.1711.topfacemobappios OR user_mau.1711.topface OR user_mau.1711.standalonetf)",82
"2016-12-01 00:00:00","first_app:standalonetf","_exists_:(user_mau.1712.topfacemobappandroid OR user_mau.1712.topfacemobappios OR user_mau.1712.topface OR user_mau.1712.standalonetf)",88
"2016-12-01 00:00:00","first_app:standalonetf","_exists_:(user_mau.1801.topfacemobappandroid OR user_mau.1801.topfacemobappios OR user_mau.1801.topface OR user_mau.1801.standalonetf)",79
"2016-12-01 00:00:00","first_app:standalonetf","_exists_:(user_mau.1802.topfacemobappandroid OR user_mau.1802.topfacemobappios OR user_mau.1802.topface OR user_mau.1802.standalonetf)",78
"2016-12-01 00:00:00","first_app:topface AND platform:vk","*",93
"2016-12-01 00:00:00","first_app:topface AND platform:vk","_exists_:(user_mau.1501.topfacemobappandroid OR user_mau.1501.topfacemobappios OR user_mau.1501.topface OR user_mau.1501.standalonetf)",0
"2016-12-01 00:00:00","first_app:topface AND platform:vk","_exists_:(user_mau.1502.topfacemobappandroid OR user_mau.1502.topfacemobappios OR user_mau.1502.topface OR user_mau.1502.standalonetf)",0
"2016-12-01 00:00:00","first_app:topface AND platform:vk","_exists_:(user_mau.1503.topfacemobappandroid OR user_mau.1503.topfacemobappios OR user_mau.1503.topface OR user_mau.1503.standalonetf)",0
"2016-12-01 00:00:00","first_app:topface AND platform:vk","_exists_:(user_mau.1504.topfacemobappandroid OR user_mau.1504.topfacemobappios OR user_mau.1504.topface OR user_mau.1504.standalonetf)",0
"2016-12-01 00:00:00","first_app:topface AND platform:vk","_exists_:(user_mau.1505.topfacemobappandroid OR user_mau.1505.topfacemobappios OR user_mau.1505.topface OR user_mau.1505.standalonetf)",0
"2016-12-01 00:00:00","first_app:topface AND platform:vk","_exists_:(user_mau.1506.topfacemobappandroid OR user_mau.1506.topfacemobappios OR user_mau.1506.topface OR user_mau.1506.standalonetf)",0
"2016-12-01 00:00:00","first_app:topface AND platform:vk","_exists_:(user_mau.1507.topfacemobappandroid OR user_mau.1507.topfacemobappios OR user_mau.1507.topface OR user_mau.1507.standalonetf)",0
"2016-12-01 00:00:00","first_app:topface AND platform:vk","_exists_:(user_mau.1508.topfacemobappandroid OR user_mau.1508.topfacemobappios OR user_mau.1508.topface OR user_mau.1508.standalonetf)",0
"2016-12-01 00:00:00","first_app:topface AND platform:vk","_exists_:(user_mau.1509.topfacemobappandroid OR user_mau.1509.topfacemobappios OR user_mau.1509.topface OR user_mau.1509.standalonetf)",0
"2016-12-01 00:00:00","first_app:topface AND platform:vk","_exists_:(user_mau.1510.topfacemobappandroid OR user_mau.1510.topfacemobappios OR user_mau.1510.topface OR user_mau.1510.standalonetf)",0
"2016-12-01 00:00:00","first_app:topface AND platform:vk","_exists_:(user_mau.1511.topfacemobappandroid OR user_mau.1511.topfacemobappios OR user_mau.1511.topface OR user_mau.1511.standalonetf)",0
"2016-12-01 00:00:00","first_app:topface AND platform:vk","_exists_:(user_mau.1512.topfacemobappandroid OR user_mau.1512.topfacemobappios OR user_mau.1512.topface OR user_mau.1512.standalonetf)",0
"2016-12-01 00:00:00","first_app:topface AND platform:vk","_exists_:(user_mau.1601.topfacemobappandroid OR user_mau.1601.topfacemobappios OR user_mau.1601.topface OR user_mau.1601.standalonetf)",0
"2016-12-01 00:00:00","first_app:topface AND platform:vk","_exists_:(user_mau.1602.topfacemobappandroid OR user_mau.1602.topfacemobappios OR user_mau.1602.topface OR user_mau.1602.standalonetf)",0
"2016-12-01 00:00:00","first_app:topface AND platform:vk","_exists_:(user_mau.1603.topfacemobappandroid OR user_mau.1603.topfacemobappios OR user_mau.1603.topface OR user_mau.1603.standalonetf)",0
"2016-12-01 00:00:00","first_app:topface AND platform:vk","_exists_:(user_mau.1604.topfacemobappandroid OR user_mau.1604.topfacemobappios OR user_mau.1604.topface OR user_mau.1604.standalonetf)",0
"2016-12-01 00:00:00","first_app:topface AND platform:vk","_exists_:(user_mau.1605.topfacemobappandroid OR user_mau.1605.topfacemobappios OR user_mau.1605.topface OR user_mau.1605.standalonetf)",0
"2016-12-01 00:00:00","first_app:topface AND platform:vk","_exists_:(user_mau.1606.topfacemobappandroid OR user_mau.1606.topfacemobappios OR user_mau.1606.topface OR user_mau.1606.standalonetf)",0
"2016-12-01 00:00:00","first_app:topface AND platform:vk","_exists_:(user_mau.1607.topfacemobappandroid OR user_mau.1607.topfacemobappios OR user_mau.1607.topface OR user_mau.1607.standalonetf)",0
"2016-12-01 00:00:00","first_app:topface AND platform:vk","_exists_:(user_mau.1608.topfacemobappandroid OR user_mau.1608.topfacemobappios OR user_mau.1608.topface OR user_mau.1608.standalonetf)",0
"2016-12-01 00:00:00","first_app:topface AND platform:vk","_exists_:(user_mau.1609.topfacemobappandroid OR user_mau.1609.topfacemobappios OR user_mau.1609.topface OR user_mau.1609.standalonetf)",0
"2016-12-01 00:00:00","first_app:topface AND platform:vk","_exists_:(user_mau.1610.topfacemobappandroid OR user_mau.1610.topfacemobappios OR user_mau.1610.topface OR user_mau.1610.standalonetf)",0
"2016-12-01 00:00:00","first_app:topface AND platform:vk","_exists_:(user_mau.1611.topfacemobappandroid OR user_mau.1611.topfacemobappios OR user_mau.1611.topface OR user_mau.1611.standalonetf)",0
"2016-12-01 00:00:00","first_app:topface AND platform:vk","_exists_:(user_mau.1612.topfacemobappandroid OR user_mau.1612.topfacemobappios OR user_mau.1612.topface OR user_mau.1612.standalonetf)",93
"2016-12-01 00:00:00","first_app:topface AND platform:vk","_exists_:(user_mau.1701.topfacemobappandroid OR user_mau.1701.topfacemobappios OR user_mau.1701.topface OR user_mau.1701.standalonetf)",42
"2016-12-01 00:00:00","first_app:topface AND platform:vk","_exists_:(user_mau.1702.topfacemobappandroid OR user_mau.1702.topfacemobappios OR user_mau.1702.topface OR user_mau.1702.standalonetf)",30
"2016-12-01 00:00:00","first_app:topface AND platform:vk","_exists_:(user_mau.1703.topfacemobappandroid OR user_mau.1703.topfacemobappios OR user_mau.1703.topface OR user_mau.1703.standalonetf)",25
"2016-12-01 00:00:00","first_app:topface AND platform:vk","_exists_:(user_mau.1704.topfacemobappandroid OR user_mau.1704.topfacemobappios OR user_mau.1704.topface OR user_mau.1704.standalonetf)",20
"2016-12-01 00:00:00","first_app:topface AND platform:vk","_exists_:(user_mau.1705.topfacemobappandroid OR user_mau.1705.topfacemobappios OR user_mau.1705.topface OR user_mau.1705.standalonetf)",18
"2016-12-01 00:00:00","first_app:topface AND platform:vk","_exists_:(user_mau.1706.topfacemobappandroid OR user_mau.1706.topfacemobappios OR user_mau.1706.topface OR user_mau.1706.standalonetf)",14
"2016-12-01 00:00:00","first_app:topface AND platform:vk","_exists_:(user_mau.1707.topfacemobappandroid OR user_mau.1707.topfacemobappios OR user_mau.1707.topface OR user_mau.1707.standalonetf)",19
"2016-12-01 00:00:00","first_app:topface AND platform:vk","_exists_:(user_mau.1708.topfacemobappandroid OR user_mau.1708.topfacemobappios OR user_mau.1708.topface OR user_mau.1708.standalonetf)",12
"2016-12-01 00:00:00","first_app:topface AND platform:vk","_exists_:(user_mau.1709.topfacemobappandroid OR user_mau.1709.topfacemobappios OR user_mau.1709.topface OR user_mau.1709.standalonetf)",10
"2016-12-01 00:00:00","first_app:topface AND platform:vk","_exists_:(user_mau.1710.topfacemobappandroid OR user_mau.1710.topfacemobappios OR user_mau.1710.topface OR user_mau.1710.standalonetf)",10
"2016-12-01 00:00:00","first_app:topface AND platform:vk","_exists_:(user_mau.1711.topfacemobappandroid OR user_mau.1711.topfacemobappios OR user_mau.1711.topface OR user_mau.1711.standalonetf)",13
"2016-12-01 00:00:00","first_app:topface AND platform:vk","_exists_:(user_mau.1712.topfacemobappandroid OR user_mau.1712.topfacemobappios OR user_mau.1712.topface OR user_mau.1712.standalonetf)",12
"2016-12-01 00:00:00","first_app:topface AND platform:vk","_exists_:(user_mau.1801.topfacemobappandroid OR user_mau.1801.topfacemobappios OR user_mau.1801.topface OR user_mau.1801.standalonetf)",10
"2016-12-01 00:00:00","first_app:topface AND platform:vk","_exists_:(user_mau.1802.topfacemobappandroid OR user_mau.1802.topfacemobappios OR user_mau.1802.topface OR user_mau.1802.standalonetf)",8
"2016-12-01 00:00:00","first_app:topface AND platform:ok","*",6
"2016-12-01 00:00:00","first_app:topface AND platform:ok","_exists_:(user_mau.1501.topfacemobappandroid OR user_mau.1501.topfacemobappios OR user_mau.1501.topface OR user_mau.1501.standalonetf)",0
"2016-12-01 00:00:00","first_app:topface AND platform:ok","_exists_:(user_mau.1502.topfacemobappandroid OR user_mau.1502.topfacemobappios OR user_mau.1502.topface OR user_mau.1502.standalonetf)",0
"2016-12-01 00:00:00","first_app:topface AND platform:ok","_exists_:(user_mau.1503.topfacemobappandroid OR user_mau.1503.topfacemobappios OR user_mau.1503.topface OR user_mau.1503.standalonetf)",0
"2016-12-01 00:00:00","first_app:topface AND platform:ok","_exists_:(user_mau.1504.topfacemobappandroid OR user_mau.1504.topfacemobappios OR user_mau.1504.topface OR user_mau.1504.standalonetf)",0
"2016-12-01 00:00:00","first_app:topface AND platform:ok","_exists_:(user_mau.1505.topfacemobappandroid OR user_mau.1505.topfacemobappios OR user_mau.1505.topface OR user_mau.1505.standalonetf)",0
"2016-12-01 00:00:00","first_app:topface AND platform:ok","_exists_:(user_mau.1506.topfacemobappandroid OR user_mau.1506.topfacemobappios OR user_mau.1506.topface OR user_mau.1506.standalonetf)",0
"2016-12-01 00:00:00","first_app:topface AND platform:ok","_exists_:(user_mau.1507.topfacemobappandroid OR user_mau.1507.topfacemobappios OR user_mau.1507.topface OR user_mau.1507.standalonetf)",0
"2016-12-01 00:00:00","first_app:topface AND platform:ok","_exists_:(user_mau.1508.topfacemobappandroid OR user_mau.1508.topfacemobappios OR user_mau.1508.topface OR user_mau.1508.standalonetf)",0
"2016-12-01 00:00:00","first_app:topface AND platform:ok","_exists_:(user_mau.1509.topfacemobappandroid OR user_mau.1509.topfacemobappios OR user_mau.1509.topface OR user_mau.1509.standalonetf)",0
"2016-12-01 00:00:00","first_app:topface AND platform:ok","_exists_:(user_mau.1510.topfacemobappandroid OR user_mau.1510.topfacemobappios OR user_mau.1510.topface OR user_mau.1510.standalonetf)",0
"2016-12-01 00:00:00","first_app:topface AND platform:ok","_exists_:(user_mau.1511.topfacemobappandroid OR user_mau.1511.topfacemobappios OR user_mau.1511.topface OR user_mau.1511.standalonetf)",0
"2016-12-01 00:00:00","first_app:topface AND platform:ok","_exists_:(user_mau.1512.topfacemobappandroid OR user_mau.1512.topfacemobappios OR user_mau.1512.topface OR user_mau.1512.standalonetf)",0
"2016-12-01 00:00:00","first_app:topface AND platform:ok","_exists_:(user_mau.1601.topfacemobappandroid OR user_mau.1601.topfacemobappios OR user_mau.1601.topface OR user_mau.1601.standalonetf)",0
"2016-12-01 00:00:00","first_app:topface AND platform:ok","_exists_:(user_mau.1602.topfacemobappandroid OR user_mau.1602.topfacemobappios OR user_mau.1602.topface OR user_mau.1602.standalonetf)",0
"2016-12-01 00:00:00","first_app:topface AND platform:ok","_exists_:(user_mau.1603.topfacemobappandroid OR user_mau.1603.topfacemobappios OR user_mau.1603.topface OR user_mau.1603.standalonetf)",0
"2016-12-01 00:00:00","first_app:topface AND platform:ok","_exists_:(user_mau.1604.topfacemobappandroid OR user_mau.1604.topfacemobappios OR user_mau.1604.topface OR user_mau.1604.standalonetf)",0
"2016-12-01 00:00:00","first_app:topface AND platform:ok","_exists_:(user_mau.1605.topfacemobappandroid OR user_mau.1605.topfacemobappios OR user_mau.1605.topface OR user_mau.1605.standalonetf)",0
"2016-12-01 00:00:00","first_app:topface AND platform:ok","_exists_:(user_mau.1606.topfacemobappandroid OR user_mau.1606.topfacemobappios OR user_mau.1606.topface OR user_mau.1606.standalonetf)",0
"2016-12-01 00:00:00","first_app:topface AND platform:ok","_exists_:(user_mau.1607.topfacemobappandroid OR user_mau.1607.topfacemobappios OR user_mau.1607.topface OR user_mau.1607.standalonetf)",0
"2016-12-01 00:00:00","first_app:topface AND platform:ok","_exists_:(user_mau.1608.topfacemobappandroid OR user_mau.1608.topfacemobappios OR user_mau.1608.topface OR user_mau.1608.standalonetf)",0
"2016-12-01 00:00:00","first_app:topface AND platform:ok","_exists_:(user_mau.1609.topfacemobappandroid OR user_mau.1609.topfacemobappios OR user_mau.1609.topface OR user_mau.1609.standalonetf)",0
"2016-12-01 00:00:00","first_app:topface AND platform:ok","_exists_:(user_mau.1610.topfacemobappandroid OR user_mau.1610.topfacemobappios OR user_mau.1610.topface OR user_mau.1610.standalonetf)",0
"2016-12-01 00:00:00","first_app:topface AND platform:ok","_exists_:(user_mau.1611.topfacemobappandroid OR user_mau.1611.topfacemobappios OR user_mau.1611.topface OR user_mau.1611.standalonetf)",0
"2016-12-01 00:00:00","first_app:topface AND platform:ok","_exists_:(user_mau.1612.topfacemobappandroid OR user_mau.1612.topfacemobappios OR user_mau.1612.topface OR user_mau.1612.standalonetf)",6
"2016-12-01 00:00:00","first_app:topface AND platform:ok","_exists_:(user_mau.1701.topfacemobappandroid OR user_mau.1701.topfacemobappios OR user_mau.1701.topface OR user_mau.1701.standalonetf)",2
"2016-12-01 00:00:00","first_app:topface AND platform:ok","_exists_:(user_mau.1702.topfacemobappandroid OR user_mau.1702.topfacemobappios OR user_mau.1702.topface OR user_mau.1702.standalonetf)",1
"2016-12-01 00:00:00","first_app:topface AND platform:ok","_exists_:(user_mau.1703.topfacemobappandroid OR user_mau.1703.topfacemobappios OR user_mau.1703.topface OR user_mau.1703.standalonetf)",1
"2016-12-01 00:00:00","first_app:topface AND platform:ok","_exists_:(user_mau.1704.topfacemobappandroid OR user_mau.1704.topfacemobappios OR user_mau.1704.topface OR user_mau.1704.standalonetf)",1
"2016-12-01 00:00:00","first_app:topface AND platform:ok","_exists_:(user_mau.1705.topfacemobappandroid OR user_mau.1705.topfacemobappios OR user_mau.1705.topface OR user_mau.1705.standalonetf)",0
"2016-12-01 00:00:00","first_app:topface AND platform:ok","_exists_:(user_mau.1706.topfacemobappandroid OR user_mau.1706.topfacemobappios OR user_mau.1706.topface OR user_mau.1706.standalonetf)",0
"2016-12-01 00:00:00","first_app:topface AND platform:ok","_exists_:(user_mau.1707.topfacemobappandroid OR user_mau.1707.topfacemobappios OR user_mau.1707.topface OR user_mau.1707.standalonetf)",0
"2016-12-01 00:00:00","first_app:topface AND platform:ok","_exists_:(user_mau.1708.topfacemobappandroid OR user_mau.1708.topfacemobappios OR user_mau.1708.topface OR user_mau.1708.standalonetf)",0
"2016-12-01 00:00:00","first_app:topface AND platform:ok","_exists_:(user_mau.1709.topfacemobappandroid OR user_mau.1709.topfacemobappios OR user_mau.1709.topface OR user_mau.1709.standalonetf)",0
"2016-12-01 00:00:00","first_app:topface AND platform:ok","_exists_:(user_mau.1710.topfacemobappandroid OR user_mau.1710.topfacemobappios OR user_mau.1710.topface OR user_mau.1710.standalonetf)",0
"2016-12-01 00:00:00","first_app:topface AND platform:ok","_exists_:(user_mau.1711.topfacemobappandroid OR user_mau.1711.topfacemobappios OR user_mau.1711.topface OR user_mau.1711.standalonetf)",0
"2016-12-01 00:00:00","first_app:topface AND platform:ok","_exists_:(user_mau.1712.topfacemobappandroid OR user_mau.1712.topfacemobappios OR user_mau.1712.topface OR user_mau.1712.standalonetf)",0
"2016-12-01 00:00:00","first_app:topface AND platform:ok","_exists_:(user_mau.1801.topfacemobappandroid OR user_mau.1801.topfacemobappios OR user_mau.1801.topface OR user_mau.1801.standalonetf)",0
"2016-12-01 00:00:00","first_app:topface AND platform:ok","_exists_:(user_mau.1802.topfacemobappandroid OR user_mau.1802.topfacemobappios OR user_mau.1802.topface OR user_mau.1802.standalonetf)",0
"2016-12-01 00:00:00","first_app:topface AND platform:fb","*",17
"2016-12-01 00:00:00","first_app:topface AND platform:fb","_exists_:(user_mau.1501.topfacemobappandroid OR user_mau.1501.topfacemobappios OR user_mau.1501.topface OR user_mau.1501.standalonetf)",0
"2016-12-01 00:00:00","first_app:topface AND platform:fb","_exists_:(user_mau.1502.topfacemobappandroid OR user_mau.1502.topfacemobappios OR user_mau.1502.topface OR user_mau.1502.standalonetf)",0
"2016-12-01 00:00:00","first_app:topface AND platform:fb","_exists_:(user_mau.1503.topfacemobappandroid OR user_mau.1503.topfacemobappios OR user_mau.1503.topface OR user_mau.1503.standalonetf)",0
"2016-12-01 00:00:00","first_app:topface AND platform:fb","_exists_:(user_mau.1504.topfacemobappandroid OR user_mau.1504.topfacemobappios OR user_mau.1504.topface OR user_mau.1504.standalonetf)",0
"2016-12-01 00:00:00","first_app:topface AND platform:fb","_exists_:(user_mau.1505.topfacemobappandroid OR user_mau.1505.topfacemobappios OR user_mau.1505.topface OR user_mau.1505.standalonetf)",0
"2016-12-01 00:00:00","first_app:topface AND platform:fb","_exists_:(user_mau.1506.topfacemobappandroid OR user_mau.1506.topfacemobappios OR user_mau.1506.topface OR user_mau.1506.standalonetf)",0
"2016-12-01 00:00:00","first_app:topface AND platform:fb","_exists_:(user_mau.1507.topfacemobappandroid OR user_mau.1507.topfacemobappios OR user_mau.1507.topface OR user_mau.1507.standalonetf)",0
"2016-12-01 00:00:00","first_app:topface AND platform:fb","_exists_:(user_mau.1508.topfacemobappandroid OR user_mau.1508.topfacemobappios OR user_mau.1508.topface OR user_mau.1508.standalonetf)",0
"2016-12-01 00:00:00","first_app:topface AND platform:fb","_exists_:(user_mau.1509.topfacemobappandroid OR user_mau.1509.topfacemobappios OR user_mau.1509.topface OR user_mau.1509.standalonetf)",0
"2016-12-01 00:00:00","first_app:topface AND platform:fb","_exists_:(user_mau.1510.topfacemobappandroid OR user_mau.1510.topfacemobappios OR user_mau.1510.topface OR user_mau.1510.standalonetf)",0
"2016-12-01 00:00:00","first_app:topface AND platform:fb","_exists_:(user_mau.1511.topfacemobappandroid OR user_mau.1511.topfacemobappios OR user_mau.1511.topface OR user_mau.1511.standalonetf)",0
"2016-12-01 00:00:00","first_app:topface AND platform:fb","_exists_:(user_mau.1512.topfacemobappandroid OR user_mau.1512.topfacemobappios OR user_mau.1512.topface OR user_mau.1512.standalonetf)",0
"2016-12-01 00:00:00","first_app:topface AND platform:fb","_exists_:(user_mau.1601.topfacemobappandroid OR user_mau.1601.topfacemobappios OR user_mau.1601.topface OR user_mau.1601.standalonetf)",0
"2016-12-01 00:00:00","first_app:topface AND platform:fb","_exists_:(user_mau.1602.topfacemobappandroid OR user_mau.1602.topfacemobappios OR user_mau.1602.topface OR user_mau.1602.standalonetf)",0
"2016-12-01 00:00:00","first_app:topface AND platform:fb","_exists_:(user_mau.1603.topfacemobappandroid OR user_mau.1603.topfacemobappios OR user_mau.1603.topface OR user_mau.1603.standalonetf)",0
"2016-12-01 00:00:00","first_app:topface AND platform:fb","_exists_:(user_mau.1604.topfacemobappandroid OR user_mau.1604.topfacemobappios OR user_mau.1604.topface OR user_mau.1604.standalonetf)",0
"2016-12-01 00:00:00","first_app:topface AND platform:fb","_exists_:(user_mau.1605.topfacemobappandroid OR user_mau.1605.topfacemobappios OR user_mau.1605.topface OR user_mau.1605.standalonetf)",0
"2016-12-01 00:00:00","first_app:topface AND platform:fb","_exists_:(user_mau.1606.topfacemobappandroid OR user_mau.1606.topfacemobappios OR user_mau.1606.topface OR user_mau.1606.standalonetf)",0
"2016-12-01 00:00:00","first_app:topface AND platform:fb","_exists_:(user_mau.1607.topfacemobappandroid OR user_mau.1607.topfacemobappios OR user_mau.1607.topface OR user_mau.1607.standalonetf)",0
"2016-12-01 00:00:00","first_app:topface AND platform:fb","_exists_:(user_mau.1608.topfacemobappandroid OR user_mau.1608.topfacemobappios OR user_mau.1608.topface OR user_mau.1608.standalonetf)",0
"2016-12-01 00:00:00","first_app:topface AND platform:fb","_exists_:(user_mau.1609.topfacemobappandroid OR user_mau.1609.topfacemobappios OR user_mau.1609.topface OR user_mau.1609.standalonetf)",0
"2016-12-01 00:00:00","first_app:topface AND platform:fb","_exists_:(user_mau.1610.topfacemobappandroid OR user_mau.1610.topfacemobappios OR user_mau.1610.topface OR user_mau.1610.standalonetf)",0
"2016-12-01 00:00:00","first_app:topface AND platform:fb","_exists_:(user_mau.1611.topfacemobappandroid OR user_mau.1611.topfacemobappios OR user_mau.1611.topface OR user_mau.1611.standalonetf)",0
"2016-12-01 00:00:00","first_app:topface AND platform:fb","_exists_:(user_mau.1612.topfacemobappandroid OR user_mau.1612.topfacemobappios OR user_mau.1612.topface OR user_mau.1612.standalonetf)",17
"2016-12-01 00:00:00","first_app:topface AND platform:fb","_exists_:(user_mau.1701.topfacemobappandroid OR user_mau.1701.topfacemobappios OR user_mau.1701.topface OR user_mau.1701.standalonetf)",4
"2016-12-01 00:00:00","first_app:topface AND platform:fb","_exists_:(user_mau.1702.topfacemobappandroid OR user_mau.1702.topfacemobappios OR user_mau.1702.topface OR user_mau.1702.standalonetf)",4
"2016-12-01 00:00:00","first_app:topface AND platform:fb","_exists_:(user_mau.1703.topfacemobappandroid OR user_mau.1703.topfacemobappios OR user_mau.1703.topface OR user_mau.1703.standalonetf)",2
"2016-12-01 00:00:00","first_app:topface AND platform:fb","_exists_:(user_mau.1704.topfacemobappandroid OR user_mau.1704.topfacemobappios OR user_mau.1704.topface OR user_mau.1704.standalonetf)",3
"2016-12-01 00:00:00","first_app:topface AND platform:fb","_exists_:(user_mau.1705.topfacemobappandroid OR user_mau.1705.topfacemobappios OR user_mau.1705.topface OR user_mau.1705.standalonetf)",4
"2016-12-01 00:00:00","first_app:topface AND platform:fb","_exists_:(user_mau.1706.topfacemobappandroid OR user_mau.1706.topfacemobappios OR user_mau.1706.topface OR user_mau.1706.standalonetf)",3
"2016-12-01 00:00:00","first_app:topface AND platform:fb","_exists_:(user_mau.1707.topfacemobappandroid OR user_mau.1707.topfacemobappios OR user_mau.1707.topface OR user_mau.1707.standalonetf)",3
"2016-12-01 00:00:00","first_app:topface AND platform:fb","_exists_:(user_mau.1708.topfacemobappandroid OR user_mau.1708.topfacemobappios OR user_mau.1708.topface OR user_mau.1708.standalonetf)",5
"2016-12-01 00:00:00","first_app:topface AND platform:fb","_exists_:(user_mau.1709.topfacemobappandroid OR user_mau.1709.topfacemobappios OR user_mau.1709.topface OR user_mau.1709.standalonetf)",3
"2016-12-01 00:00:00","first_app:topface AND platform:fb","_exists_:(user_mau.1710.topfacemobappandroid OR user_mau.1710.topfacemobappios OR user_mau.1710.topface OR user_mau.1710.standalonetf)",3
"2016-12-01 00:00:00","first_app:topface AND platform:fb","_exists_:(user_mau.1711.topfacemobappandroid OR user_mau.1711.topfacemobappios OR user_mau.1711.topface OR user_mau.1711.standalonetf)",3
"2016-12-01 00:00:00","first_app:topface AND platform:fb","_exists_:(user_mau.1712.topfacemobappandroid OR user_mau.1712.topfacemobappios OR user_mau.1712.topface OR user_mau.1712.standalonetf)",1
"2016-12-01 00:00:00","first_app:topface AND platform:fb","_exists_:(user_mau.1801.topfacemobappandroid OR user_mau.1801.topfacemobappios OR user_mau.1801.topface OR user_mau.1801.standalonetf)",1
"2016-12-01 00:00:00","first_app:topface AND platform:fb","_exists_:(user_mau.1802.topfacemobappandroid OR user_mau.1802.topfacemobappios OR user_mau.1802.topface OR user_mau.1802.standalonetf)",1
"2017-01-01 00:00:00","first_app:topfacemobappandroid","*","102,274"
"2017-01-01 00:00:00","first_app:topfacemobappandroid","_exists_:(user_mau.1501.topfacemobappandroid OR user_mau.1501.topfacemobappios OR user_mau.1501.topface OR user_mau.1501.standalonetf)",0
"2017-01-01 00:00:00","first_app:topfacemobappandroid","_exists_:(user_mau.1502.topfacemobappandroid OR user_mau.1502.topfacemobappios OR user_mau.1502.topface OR user_mau.1502.standalonetf)",0
"2017-01-01 00:00:00","first_app:topfacemobappandroid","_exists_:(user_mau.1503.topfacemobappandroid OR user_mau.1503.topfacemobappios OR user_mau.1503.topface OR user_mau.1503.standalonetf)",0
"2017-01-01 00:00:00","first_app:topfacemobappandroid","_exists_:(user_mau.1504.topfacemobappandroid OR user_mau.1504.topfacemobappios OR user_mau.1504.topface OR user_mau.1504.standalonetf)",0
"2017-01-01 00:00:00","first_app:topfacemobappandroid","_exists_:(user_mau.1505.topfacemobappandroid OR user_mau.1505.topfacemobappios OR user_mau.1505.topface OR user_mau.1505.standalonetf)",0
"2017-01-01 00:00:00","first_app:topfacemobappandroid","_exists_:(user_mau.1506.topfacemobappandroid OR user_mau.1506.topfacemobappios OR user_mau.1506.topface OR user_mau.1506.standalonetf)",0
"2017-01-01 00:00:00","first_app:topfacemobappandroid","_exists_:(user_mau.1507.topfacemobappandroid OR user_mau.1507.topfacemobappios OR user_mau.1507.topface OR user_mau.1507.standalonetf)",0
"2017-01-01 00:00:00","first_app:topfacemobappandroid","_exists_:(user_mau.1508.topfacemobappandroid OR user_mau.1508.topfacemobappios OR user_mau.1508.topface OR user_mau.1508.standalonetf)",0
"2017-01-01 00:00:00","first_app:topfacemobappandroid","_exists_:(user_mau.1509.topfacemobappandroid OR user_mau.1509.topfacemobappios OR user_mau.1509.topface OR user_mau.1509.standalonetf)",0
"2017-01-01 00:00:00","first_app:topfacemobappandroid","_exists_:(user_mau.1510.topfacemobappandroid OR user_mau.1510.topfacemobappios OR user_mau.1510.topface OR user_mau.1510.standalonetf)",0
"2017-01-01 00:00:00","first_app:topfacemobappandroid","_exists_:(user_mau.1511.topfacemobappandroid OR user_mau.1511.topfacemobappios OR user_mau.1511.topface OR user_mau.1511.standalonetf)",0
"2017-01-01 00:00:00","first_app:topfacemobappandroid","_exists_:(user_mau.1512.topfacemobappandroid OR user_mau.1512.topfacemobappios OR user_mau.1512.topface OR user_mau.1512.standalonetf)",0
"2017-01-01 00:00:00","first_app:topfacemobappandroid","_exists_:(user_mau.1601.topfacemobappandroid OR user_mau.1601.topfacemobappios OR user_mau.1601.topface OR user_mau.1601.standalonetf)",0
"2017-01-01 00:00:00","first_app:topfacemobappandroid","_exists_:(user_mau.1602.topfacemobappandroid OR user_mau.1602.topfacemobappios OR user_mau.1602.topface OR user_mau.1602.standalonetf)",0
"2017-01-01 00:00:00","first_app:topfacemobappandroid","_exists_:(user_mau.1603.topfacemobappandroid OR user_mau.1603.topfacemobappios OR user_mau.1603.topface OR user_mau.1603.standalonetf)",0
"2017-01-01 00:00:00","first_app:topfacemobappandroid","_exists_:(user_mau.1604.topfacemobappandroid OR user_mau.1604.topfacemobappios OR user_mau.1604.topface OR user_mau.1604.standalonetf)",0
"2017-01-01 00:00:00","first_app:topfacemobappandroid","_exists_:(user_mau.1605.topfacemobappandroid OR user_mau.1605.topfacemobappios OR user_mau.1605.topface OR user_mau.1605.standalonetf)",0
"2017-01-01 00:00:00","first_app:topfacemobappandroid","_exists_:(user_mau.1606.topfacemobappandroid OR user_mau.1606.topfacemobappios OR user_mau.1606.topface OR user_mau.1606.standalonetf)",0
"2017-01-01 00:00:00","first_app:topfacemobappandroid","_exists_:(user_mau.1607.topfacemobappandroid OR user_mau.1607.topfacemobappios OR user_mau.1607.topface OR user_mau.1607.standalonetf)",0
"2017-01-01 00:00:00","first_app:topfacemobappandroid","_exists_:(user_mau.1608.topfacemobappandroid OR user_mau.1608.topfacemobappios OR user_mau.1608.topface OR user_mau.1608.standalonetf)",0
"2017-01-01 00:00:00","first_app:topfacemobappandroid","_exists_:(user_mau.1609.topfacemobappandroid OR user_mau.1609.topfacemobappios OR user_mau.1609.topface OR user_mau.1609.standalonetf)",0
"2017-01-01 00:00:00","first_app:topfacemobappandroid","_exists_:(user_mau.1610.topfacemobappandroid OR user_mau.1610.topfacemobappios OR user_mau.1610.topface OR user_mau.1610.standalonetf)",0
"2017-01-01 00:00:00","first_app:topfacemobappandroid","_exists_:(user_mau.1611.topfacemobappandroid OR user_mau.1611.topfacemobappios OR user_mau.1611.topface OR user_mau.1611.standalonetf)",0
"2017-01-01 00:00:00","first_app:topfacemobappandroid","_exists_:(user_mau.1612.topfacemobappandroid OR user_mau.1612.topfacemobappios OR user_mau.1612.topface OR user_mau.1612.standalonetf)",0
"2017-01-01 00:00:00","first_app:topfacemobappandroid","_exists_:(user_mau.1701.topfacemobappandroid OR user_mau.1701.topfacemobappios OR user_mau.1701.topface OR user_mau.1701.standalonetf)","102,274"
"2017-01-01 00:00:00","first_app:topfacemobappandroid","_exists_:(user_mau.1702.topfacemobappandroid OR user_mau.1702.topfacemobappios OR user_mau.1702.topface OR user_mau.1702.standalonetf)","15,936"
"2017-01-01 00:00:00","first_app:topfacemobappandroid","_exists_:(user_mau.1703.topfacemobappandroid OR user_mau.1703.topfacemobappios OR user_mau.1703.topface OR user_mau.1703.standalonetf)","8,631"
"2017-01-01 00:00:00","first_app:topfacemobappandroid","_exists_:(user_mau.1704.topfacemobappandroid OR user_mau.1704.topfacemobappios OR user_mau.1704.topface OR user_mau.1704.standalonetf)","5,488"
"2017-01-01 00:00:00","first_app:topfacemobappandroid","_exists_:(user_mau.1705.topfacemobappandroid OR user_mau.1705.topfacemobappios OR user_mau.1705.topface OR user_mau.1705.standalonetf)","5,143"
"2017-01-01 00:00:00","first_app:topfacemobappandroid","_exists_:(user_mau.1706.topfacemobappandroid OR user_mau.1706.topfacemobappios OR user_mau.1706.topface OR user_mau.1706.standalonetf)","4,160"
"2017-01-01 00:00:00","first_app:topfacemobappandroid","_exists_:(user_mau.1707.topfacemobappandroid OR user_mau.1707.topfacemobappios OR user_mau.1707.topface OR user_mau.1707.standalonetf)","3,437"
"2017-01-01 00:00:00","first_app:topfacemobappandroid","_exists_:(user_mau.1708.topfacemobappandroid OR user_mau.1708.topfacemobappios OR user_mau.1708.topface OR user_mau.1708.standalonetf)","3,745"
"2017-01-01 00:00:00","first_app:topfacemobappandroid","_exists_:(user_mau.1709.topfacemobappandroid OR user_mau.1709.topfacemobappios OR user_mau.1709.topface OR user_mau.1709.standalonetf)","3,189"
"2017-01-01 00:00:00","first_app:topfacemobappandroid","_exists_:(user_mau.1710.topfacemobappandroid OR user_mau.1710.topfacemobappios OR user_mau.1710.topface OR user_mau.1710.standalonetf)","3,384"
"2017-01-01 00:00:00","first_app:topfacemobappandroid","_exists_:(user_mau.1711.topfacemobappandroid OR user_mau.1711.topfacemobappios OR user_mau.1711.topface OR user_mau.1711.standalonetf)","2,732"
"2017-01-01 00:00:00","first_app:topfacemobappandroid","_exists_:(user_mau.1712.topfacemobappandroid OR user_mau.1712.topfacemobappios OR user_mau.1712.topface OR user_mau.1712.standalonetf)","2,507"
"2017-01-01 00:00:00","first_app:topfacemobappandroid","_exists_:(user_mau.1801.topfacemobappandroid OR user_mau.1801.topfacemobappios OR user_mau.1801.topface OR user_mau.1801.standalonetf)","1,741"
"2017-01-01 00:00:00","first_app:topfacemobappandroid","_exists_:(user_mau.1802.topfacemobappandroid OR user_mau.1802.topfacemobappios OR user_mau.1802.topface OR user_mau.1802.standalonetf)","1,463"
"2017-01-01 00:00:00","first_app:topfacemobappios","*","92,615"
"2017-01-01 00:00:00","first_app:topfacemobappios","_exists_:(user_mau.1501.topfacemobappandroid OR user_mau.1501.topfacemobappios OR user_mau.1501.topface OR user_mau.1501.standalonetf)",0
"2017-01-01 00:00:00","first_app:topfacemobappios","_exists_:(user_mau.1502.topfacemobappandroid OR user_mau.1502.topfacemobappios OR user_mau.1502.topface OR user_mau.1502.standalonetf)",0
"2017-01-01 00:00:00","first_app:topfacemobappios","_exists_:(user_mau.1503.topfacemobappandroid OR user_mau.1503.topfacemobappios OR user_mau.1503.topface OR user_mau.1503.standalonetf)",0
"2017-01-01 00:00:00","first_app:topfacemobappios","_exists_:(user_mau.1504.topfacemobappandroid OR user_mau.1504.topfacemobappios OR user_mau.1504.topface OR user_mau.1504.standalonetf)",0
"2017-01-01 00:00:00","first_app:topfacemobappios","_exists_:(user_mau.1505.topfacemobappandroid OR user_mau.1505.topfacemobappios OR user_mau.1505.topface OR user_mau.1505.standalonetf)",0
"2017-01-01 00:00:00","first_app:topfacemobappios","_exists_:(user_mau.1506.topfacemobappandroid OR user_mau.1506.topfacemobappios OR user_mau.1506.topface OR user_mau.1506.standalonetf)",0
"2017-01-01 00:00:00","first_app:topfacemobappios","_exists_:(user_mau.1507.topfacemobappandroid OR user_mau.1507.topfacemobappios OR user_mau.1507.topface OR user_mau.1507.standalonetf)",0
"2017-01-01 00:00:00","first_app:topfacemobappios","_exists_:(user_mau.1508.topfacemobappandroid OR user_mau.1508.topfacemobappios OR user_mau.1508.topface OR user_mau.1508.standalonetf)",0
"2017-01-01 00:00:00","first_app:topfacemobappios","_exists_:(user_mau.1509.topfacemobappandroid OR user_mau.1509.topfacemobappios OR user_mau.1509.topface OR user_mau.1509.standalonetf)",0
"2017-01-01 00:00:00","first_app:topfacemobappios","_exists_:(user_mau.1510.topfacemobappandroid OR user_mau.1510.topfacemobappios OR user_mau.1510.topface OR user_mau.1510.standalonetf)",0
"2017-01-01 00:00:00","first_app:topfacemobappios","_exists_:(user_mau.1511.topfacemobappandroid OR user_mau.1511.topfacemobappios OR user_mau.1511.topface OR user_mau.1511.standalonetf)",0
"2017-01-01 00:00:00","first_app:topfacemobappios","_exists_:(user_mau.1512.topfacemobappandroid OR user_mau.1512.topfacemobappios OR user_mau.1512.topface OR user_mau.1512.standalonetf)",0
"2017-01-01 00:00:00","first_app:topfacemobappios","_exists_:(user_mau.1601.topfacemobappandroid OR user_mau.1601.topfacemobappios OR user_mau.1601.topface OR user_mau.1601.standalonetf)",0
"2017-01-01 00:00:00","first_app:topfacemobappios","_exists_:(user_mau.1602.topfacemobappandroid OR user_mau.1602.topfacemobappios OR user_mau.1602.topface OR user_mau.1602.standalonetf)",0
"2017-01-01 00:00:00","first_app:topfacemobappios","_exists_:(user_mau.1603.topfacemobappandroid OR user_mau.1603.topfacemobappios OR user_mau.1603.topface OR user_mau.1603.standalonetf)",0
"2017-01-01 00:00:00","first_app:topfacemobappios","_exists_:(user_mau.1604.topfacemobappandroid OR user_mau.1604.topfacemobappios OR user_mau.1604.topface OR user_mau.1604.standalonetf)",0
"2017-01-01 00:00:00","first_app:topfacemobappios","_exists_:(user_mau.1605.topfacemobappandroid OR user_mau.1605.topfacemobappios OR user_mau.1605.topface OR user_mau.1605.standalonetf)",0
"2017-01-01 00:00:00","first_app:topfacemobappios","_exists_:(user_mau.1606.topfacemobappandroid OR user_mau.1606.topfacemobappios OR user_mau.1606.topface OR user_mau.1606.standalonetf)",0
"2017-01-01 00:00:00","first_app:topfacemobappios","_exists_:(user_mau.1607.topfacemobappandroid OR user_mau.1607.topfacemobappios OR user_mau.1607.topface OR user_mau.1607.standalonetf)",0
"2017-01-01 00:00:00","first_app:topfacemobappios","_exists_:(user_mau.1608.topfacemobappandroid OR user_mau.1608.topfacemobappios OR user_mau.1608.topface OR user_mau.1608.standalonetf)",0
"2017-01-01 00:00:00","first_app:topfacemobappios","_exists_:(user_mau.1609.topfacemobappandroid OR user_mau.1609.topfacemobappios OR user_mau.1609.topface OR user_mau.1609.standalonetf)",0
"2017-01-01 00:00:00","first_app:topfacemobappios","_exists_:(user_mau.1610.topfacemobappandroid OR user_mau.1610.topfacemobappios OR user_mau.1610.topface OR user_mau.1610.standalonetf)",0
"2017-01-01 00:00:00","first_app:topfacemobappios","_exists_:(user_mau.1611.topfacemobappandroid OR user_mau.1611.topfacemobappios OR user_mau.1611.topface OR user_mau.1611.standalonetf)",0
"2017-01-01 00:00:00","first_app:topfacemobappios","_exists_:(user_mau.1612.topfacemobappandroid OR user_mau.1612.topfacemobappios OR user_mau.1612.topface OR user_mau.1612.standalonetf)",0
"2017-01-01 00:00:00","first_app:topfacemobappios","_exists_:(user_mau.1701.topfacemobappandroid OR user_mau.1701.topfacemobappios OR user_mau.1701.topface OR user_mau.1701.standalonetf)","92,604"
"2017-01-01 00:00:00","first_app:topfacemobappios","_exists_:(user_mau.1702.topfacemobappandroid OR user_mau.1702.topfacemobappios OR user_mau.1702.topface OR user_mau.1702.standalonetf)","15,738"
"2017-01-01 00:00:00","first_app:topfacemobappios","_exists_:(user_mau.1703.topfacemobappandroid OR user_mau.1703.topfacemobappios OR user_mau.1703.topface OR user_mau.1703.standalonetf)","8,225"
"2017-01-01 00:00:00","first_app:topfacemobappios","_exists_:(user_mau.1704.topfacemobappandroid OR user_mau.1704.topfacemobappios OR user_mau.1704.topface OR user_mau.1704.standalonetf)","4,790"
"2017-01-01 00:00:00","first_app:topfacemobappios","_exists_:(user_mau.1705.topfacemobappandroid OR user_mau.1705.topfacemobappios OR user_mau.1705.topface OR user_mau.1705.standalonetf)","4,394"
"2017-01-01 00:00:00","first_app:topfacemobappios","_exists_:(user_mau.1706.topfacemobappandroid OR user_mau.1706.topfacemobappios OR user_mau.1706.topface OR user_mau.1706.standalonetf)","3,763"
"2017-01-01 00:00:00","first_app:topfacemobappios","_exists_:(user_mau.1707.topfacemobappandroid OR user_mau.1707.topfacemobappios OR user_mau.1707.topface OR user_mau.1707.standalonetf)","2,920"
"2017-01-01 00:00:00","first_app:topfacemobappios","_exists_:(user_mau.1708.topfacemobappandroid OR user_mau.1708.topfacemobappios OR user_mau.1708.topface OR user_mau.1708.standalonetf)","3,093"
"2017-01-01 00:00:00","first_app:topfacemobappios","_exists_:(user_mau.1709.topfacemobappandroid OR user_mau.1709.topfacemobappios OR user_mau.1709.topface OR user_mau.1709.standalonetf)","2,696"
"2017-01-01 00:00:00","first_app:topfacemobappios","_exists_:(user_mau.1710.topfacemobappandroid OR user_mau.1710.topfacemobappios OR user_mau.1710.topface OR user_mau.1710.standalonetf)","2,713"
"2017-01-01 00:00:00","first_app:topfacemobappios","_exists_:(user_mau.1711.topfacemobappandroid OR user_mau.1711.topfacemobappios OR user_mau.1711.topface OR user_mau.1711.standalonetf)","2,069"
"2017-01-01 00:00:00","first_app:topfacemobappios","_exists_:(user_mau.1712.topfacemobappandroid OR user_mau.1712.topfacemobappios OR user_mau.1712.topface OR user_mau.1712.standalonetf)","1,917"
"2017-01-01 00:00:00","first_app:topfacemobappios","_exists_:(user_mau.1801.topfacemobappandroid OR user_mau.1801.topfacemobappios OR user_mau.1801.topface OR user_mau.1801.standalonetf)","1,616"
"2017-01-01 00:00:00","first_app:topfacemobappios","_exists_:(user_mau.1802.topfacemobappandroid OR user_mau.1802.topfacemobappios OR user_mau.1802.topface OR user_mau.1802.standalonetf)","1,348"
"2017-01-01 00:00:00","first_app:standalonetf","*","2,682"
"2017-01-01 00:00:00","first_app:standalonetf","_exists_:(user_mau.1501.topfacemobappandroid OR user_mau.1501.topfacemobappios OR user_mau.1501.topface OR user_mau.1501.standalonetf)",0
"2017-01-01 00:00:00","first_app:standalonetf","_exists_:(user_mau.1502.topfacemobappandroid OR user_mau.1502.topfacemobappios OR user_mau.1502.topface OR user_mau.1502.standalonetf)",0
"2017-01-01 00:00:00","first_app:standalonetf","_exists_:(user_mau.1503.topfacemobappandroid OR user_mau.1503.topfacemobappios OR user_mau.1503.topface OR user_mau.1503.standalonetf)",0
"2017-01-01 00:00:00","first_app:standalonetf","_exists_:(user_mau.1504.topfacemobappandroid OR user_mau.1504.topfacemobappios OR user_mau.1504.topface OR user_mau.1504.standalonetf)",0
"2017-01-01 00:00:00","first_app:standalonetf","_exists_:(user_mau.1505.topfacemobappandroid OR user_mau.1505.topfacemobappios OR user_mau.1505.topface OR user_mau.1505.standalonetf)",0
"2017-01-01 00:00:00","first_app:standalonetf","_exists_:(user_mau.1506.topfacemobappandroid OR user_mau.1506.topfacemobappios OR user_mau.1506.topface OR user_mau.1506.standalonetf)",0
"2017-01-01 00:00:00","first_app:standalonetf","_exists_:(user_mau.1507.topfacemobappandroid OR user_mau.1507.topfacemobappios OR user_mau.1507.topface OR user_mau.1507.standalonetf)",0
"2017-01-01 00:00:00","first_app:standalonetf","_exists_:(user_mau.1508.topfacemobappandroid OR user_mau.1508.topfacemobappios OR user_mau.1508.topface OR user_mau.1508.standalonetf)",0
"2017-01-01 00:00:00","first_app:standalonetf","_exists_:(user_mau.1509.topfacemobappandroid OR user_mau.1509.topfacemobappios OR user_mau.1509.topface OR user_mau.1509.standalonetf)",0
"2017-01-01 00:00:00","first_app:standalonetf","_exists_:(user_mau.1510.topfacemobappandroid OR user_mau.1510.topfacemobappios OR user_mau.1510.topface OR user_mau.1510.standalonetf)",0
"2017-01-01 00:00:00","first_app:standalonetf","_exists_:(user_mau.1511.topfacemobappandroid OR user_mau.1511.topfacemobappios OR user_mau.1511.topface OR user_mau.1511.standalonetf)",0
"2017-01-01 00:00:00","first_app:standalonetf","_exists_:(user_mau.1512.topfacemobappandroid OR user_mau.1512.topfacemobappios OR user_mau.1512.topface OR user_mau.1512.standalonetf)",0
"2017-01-01 00:00:00","first_app:standalonetf","_exists_:(user_mau.1601.topfacemobappandroid OR user_mau.1601.topfacemobappios OR user_mau.1601.topface OR user_mau.1601.standalonetf)",0
"2017-01-01 00:00:00","first_app:standalonetf","_exists_:(user_mau.1602.topfacemobappandroid OR user_mau.1602.topfacemobappios OR user_mau.1602.topface OR user_mau.1602.standalonetf)",0
"2017-01-01 00:00:00","first_app:standalonetf","_exists_:(user_mau.1603.topfacemobappandroid OR user_mau.1603.topfacemobappios OR user_mau.1603.topface OR user_mau.1603.standalonetf)",0
"2017-01-01 00:00:00","first_app:standalonetf","_exists_:(user_mau.1604.topfacemobappandroid OR user_mau.1604.topfacemobappios OR user_mau.1604.topface OR user_mau.1604.standalonetf)",0
"2017-01-01 00:00:00","first_app:standalonetf","_exists_:(user_mau.1605.topfacemobappandroid OR user_mau.1605.topfacemobappios OR user_mau.1605.topface OR user_mau.1605.standalonetf)",0
"2017-01-01 00:00:00","first_app:standalonetf","_exists_:(user_mau.1606.topfacemobappandroid OR user_mau.1606.topfacemobappios OR user_mau.1606.topface OR user_mau.1606.standalonetf)",0
"2017-01-01 00:00:00","first_app:standalonetf","_exists_:(user_mau.1607.topfacemobappandroid OR user_mau.1607.topfacemobappios OR user_mau.1607.topface OR user_mau.1607.standalonetf)",0
"2017-01-01 00:00:00","first_app:standalonetf","_exists_:(user_mau.1608.topfacemobappandroid OR user_mau.1608.topfacemobappios OR user_mau.1608.topface OR user_mau.1608.standalonetf)",0
"2017-01-01 00:00:00","first_app:standalonetf","_exists_:(user_mau.1609.topfacemobappandroid OR user_mau.1609.topfacemobappios OR user_mau.1609.topface OR user_mau.1609.standalonetf)",0
"2017-01-01 00:00:00","first_app:standalonetf","_exists_:(user_mau.1610.topfacemobappandroid OR user_mau.1610.topfacemobappios OR user_mau.1610.topface OR user_mau.1610.standalonetf)",0
"2017-01-01 00:00:00","first_app:standalonetf","_exists_:(user_mau.1611.topfacemobappandroid OR user_mau.1611.topfacemobappios OR user_mau.1611.topface OR user_mau.1611.standalonetf)",0
"2017-01-01 00:00:00","first_app:standalonetf","_exists_:(user_mau.1612.topfacemobappandroid OR user_mau.1612.topfacemobappios OR user_mau.1612.topface OR user_mau.1612.standalonetf)",0
"2017-01-01 00:00:00","first_app:standalonetf","_exists_:(user_mau.1701.topfacemobappandroid OR user_mau.1701.topfacemobappios OR user_mau.1701.topface OR user_mau.1701.standalonetf)","2,344"
"2017-01-01 00:00:00","first_app:standalonetf","_exists_:(user_mau.1702.topfacemobappandroid OR user_mau.1702.topfacemobappios OR user_mau.1702.topface OR user_mau.1702.standalonetf)",486
"2017-01-01 00:00:00","first_app:standalonetf","_exists_:(user_mau.1703.topfacemobappandroid OR user_mau.1703.topfacemobappios OR user_mau.1703.topface OR user_mau.1703.standalonetf)",310
"2017-01-01 00:00:00","first_app:standalonetf","_exists_:(user_mau.1704.topfacemobappandroid OR user_mau.1704.topfacemobappios OR user_mau.1704.topface OR user_mau.1704.standalonetf)",223
"2017-01-01 00:00:00","first_app:standalonetf","_exists_:(user_mau.1705.topfacemobappandroid OR user_mau.1705.topfacemobappios OR user_mau.1705.topface OR user_mau.1705.standalonetf)",197
"2017-01-01 00:00:00","first_app:standalonetf","_exists_:(user_mau.1706.topfacemobappandroid OR user_mau.1706.topfacemobappios OR user_mau.1706.topface OR user_mau.1706.standalonetf)",149
"2017-01-01 00:00:00","first_app:standalonetf","_exists_:(user_mau.1707.topfacemobappandroid OR user_mau.1707.topfacemobappios OR user_mau.1707.topface OR user_mau.1707.standalonetf)",128
"2017-01-01 00:00:00","first_app:standalonetf","_exists_:(user_mau.1708.topfacemobappandroid OR user_mau.1708.topfacemobappios OR user_mau.1708.topface OR user_mau.1708.standalonetf)",140
"2017-01-01 00:00:00","first_app:standalonetf","_exists_:(user_mau.1709.topfacemobappandroid OR user_mau.1709.topfacemobappios OR user_mau.1709.topface OR user_mau.1709.standalonetf)",115
"2017-01-01 00:00:00","first_app:standalonetf","_exists_:(user_mau.1710.topfacemobappandroid OR user_mau.1710.topfacemobappios OR user_mau.1710.topface OR user_mau.1710.standalonetf)",112
"2017-01-01 00:00:00","first_app:standalonetf","_exists_:(user_mau.1711.topfacemobappandroid OR user_mau.1711.topfacemobappios OR user_mau.1711.topface OR user_mau.1711.standalonetf)",93
"2017-01-01 00:00:00","first_app:standalonetf","_exists_:(user_mau.1712.topfacemobappandroid OR user_mau.1712.topfacemobappios OR user_mau.1712.topface OR user_mau.1712.standalonetf)",90
"2017-01-01 00:00:00","first_app:standalonetf","_exists_:(user_mau.1801.topfacemobappandroid OR user_mau.1801.topfacemobappios OR user_mau.1801.topface OR user_mau.1801.standalonetf)",81
"2017-01-01 00:00:00","first_app:standalonetf","_exists_:(user_mau.1802.topfacemobappandroid OR user_mau.1802.topfacemobappios OR user_mau.1802.topface OR user_mau.1802.standalonetf)",79
"2017-01-01 00:00:00","first_app:topface AND platform:vk","*",105
"2017-01-01 00:00:00","first_app:topface AND platform:vk","_exists_:(user_mau.1501.topfacemobappandroid OR user_mau.1501.topfacemobappios OR user_mau.1501.topface OR user_mau.1501.standalonetf)",0
"2017-01-01 00:00:00","first_app:topface AND platform:vk","_exists_:(user_mau.1502.topfacemobappandroid OR user_mau.1502.topfacemobappios OR user_mau.1502.topface OR user_mau.1502.standalonetf)",0
"2017-01-01 00:00:00","first_app:topface AND platform:vk","_exists_:(user_mau.1503.topfacemobappandroid OR user_mau.1503.topfacemobappios OR user_mau.1503.topface OR user_mau.1503.standalonetf)",0
"2017-01-01 00:00:00","first_app:topface AND platform:vk","_exists_:(user_mau.1504.topfacemobappandroid OR user_mau.1504.topfacemobappios OR user_mau.1504.topface OR user_mau.1504.standalonetf)",0
"2017-01-01 00:00:00","first_app:topface AND platform:vk","_exists_:(user_mau.1505.topfacemobappandroid OR user_mau.1505.topfacemobappios OR user_mau.1505.topface OR user_mau.1505.standalonetf)",0
"2017-01-01 00:00:00","first_app:topface AND platform:vk","_exists_:(user_mau.1506.topfacemobappandroid OR user_mau.1506.topfacemobappios OR user_mau.1506.topface OR user_mau.1506.standalonetf)",0
"2017-01-01 00:00:00","first_app:topface AND platform:vk","_exists_:(user_mau.1507.topfacemobappandroid OR user_mau.1507.topfacemobappios OR user_mau.1507.topface OR user_mau.1507.standalonetf)",0
"2017-01-01 00:00:00","first_app:topface AND platform:vk","_exists_:(user_mau.1508.topfacemobappandroid OR user_mau.1508.topfacemobappios OR user_mau.1508.topface OR user_mau.1508.standalonetf)",0
"2017-01-01 00:00:00","first_app:topface AND platform:vk","_exists_:(user_mau.1509.topfacemobappandroid OR user_mau.1509.topfacemobappios OR user_mau.1509.topface OR user_mau.1509.standalonetf)",0
"2017-01-01 00:00:00","first_app:topface AND platform:vk","_exists_:(user_mau.1510.topfacemobappandroid OR user_mau.1510.topfacemobappios OR user_mau.1510.topface OR user_mau.1510.standalonetf)",0
"2017-01-01 00:00:00","first_app:topface AND platform:vk","_exists_:(user_mau.1511.topfacemobappandroid OR user_mau.1511.topfacemobappios OR user_mau.1511.topface OR user_mau.1511.standalonetf)",0
"2017-01-01 00:00:00","first_app:topface AND platform:vk","_exists_:(user_mau.1512.topfacemobappandroid OR user_mau.1512.topfacemobappios OR user_mau.1512.topface OR user_mau.1512.standalonetf)",0
"2017-01-01 00:00:00","first_app:topface AND platform:vk","_exists_:(user_mau.1601.topfacemobappandroid OR user_mau.1601.topfacemobappios OR user_mau.1601.topface OR user_mau.1601.standalonetf)",0
"2017-01-01 00:00:00","first_app:topface AND platform:vk","_exists_:(user_mau.1602.topfacemobappandroid OR user_mau.1602.topfacemobappios OR user_mau.1602.topface OR user_mau.1602.standalonetf)",0
"2017-01-01 00:00:00","first_app:topface AND platform:vk","_exists_:(user_mau.1603.topfacemobappandroid OR user_mau.1603.topfacemobappios OR user_mau.1603.topface OR user_mau.1603.standalonetf)",0
"2017-01-01 00:00:00","first_app:topface AND platform:vk","_exists_:(user_mau.1604.topfacemobappandroid OR user_mau.1604.topfacemobappios OR user_mau.1604.topface OR user_mau.1604.standalonetf)",0
"2017-01-01 00:00:00","first_app:topface AND platform:vk","_exists_:(user_mau.1605.topfacemobappandroid OR user_mau.1605.topfacemobappios OR user_mau.1605.topface OR user_mau.1605.standalonetf)",0
"2017-01-01 00:00:00","first_app:topface AND platform:vk","_exists_:(user_mau.1606.topfacemobappandroid OR user_mau.1606.topfacemobappios OR user_mau.1606.topface OR user_mau.1606.standalonetf)",0
"2017-01-01 00:00:00","first_app:topface AND platform:vk","_exists_:(user_mau.1607.topfacemobappandroid OR user_mau.1607.topfacemobappios OR user_mau.1607.topface OR user_mau.1607.standalonetf)",0
"2017-01-01 00:00:00","first_app:topface AND platform:vk","_exists_:(user_mau.1608.topfacemobappandroid OR user_mau.1608.topfacemobappios OR user_mau.1608.topface OR user_mau.1608.standalonetf)",0
"2017-01-01 00:00:00","first_app:topface AND platform:vk","_exists_:(user_mau.1609.topfacemobappandroid OR user_mau.1609.topfacemobappios OR user_mau.1609.topface OR user_mau.1609.standalonetf)",0
"2017-01-01 00:00:00","first_app:topface AND platform:vk","_exists_:(user_mau.1610.topfacemobappandroid OR user_mau.1610.topfacemobappios OR user_mau.1610.topface OR user_mau.1610.standalonetf)",0
"2017-01-01 00:00:00","first_app:topface AND platform:vk","_exists_:(user_mau.1611.topfacemobappandroid OR user_mau.1611.topfacemobappios OR user_mau.1611.topface OR user_mau.1611.standalonetf)",0
"2017-01-01 00:00:00","first_app:topface AND platform:vk","_exists_:(user_mau.1612.topfacemobappandroid OR user_mau.1612.topfacemobappios OR user_mau.1612.topface OR user_mau.1612.standalonetf)",0
"2017-01-01 00:00:00","first_app:topface AND platform:vk","_exists_:(user_mau.1701.topfacemobappandroid OR user_mau.1701.topfacemobappios OR user_mau.1701.topface OR user_mau.1701.standalonetf)",105
"2017-01-01 00:00:00","first_app:topface AND platform:vk","_exists_:(user_mau.1702.topfacemobappandroid OR user_mau.1702.topfacemobappios OR user_mau.1702.topface OR user_mau.1702.standalonetf)",52
"2017-01-01 00:00:00","first_app:topface AND platform:vk","_exists_:(user_mau.1703.topfacemobappandroid OR user_mau.1703.topfacemobappios OR user_mau.1703.topface OR user_mau.1703.standalonetf)",31
"2017-01-01 00:00:00","first_app:topface AND platform:vk","_exists_:(user_mau.1704.topfacemobappandroid OR user_mau.1704.topfacemobappios OR user_mau.1704.topface OR user_mau.1704.standalonetf)",28
"2017-01-01 00:00:00","first_app:topface AND platform:vk","_exists_:(user_mau.1705.topfacemobappandroid OR user_mau.1705.topfacemobappios OR user_mau.1705.topface OR user_mau.1705.standalonetf)",25
"2017-01-01 00:00:00","first_app:topface AND platform:vk","_exists_:(user_mau.1706.topfacemobappandroid OR user_mau.1706.topfacemobappios OR user_mau.1706.topface OR user_mau.1706.standalonetf)",22
"2017-01-01 00:00:00","first_app:topface AND platform:vk","_exists_:(user_mau.1707.topfacemobappandroid OR user_mau.1707.topfacemobappios OR user_mau.1707.topface OR user_mau.1707.standalonetf)",16
"2017-01-01 00:00:00","first_app:topface AND platform:vk","_exists_:(user_mau.1708.topfacemobappandroid OR user_mau.1708.topfacemobappios OR user_mau.1708.topface OR user_mau.1708.standalonetf)",17
"2017-01-01 00:00:00","first_app:topface AND platform:vk","_exists_:(user_mau.1709.topfacemobappandroid OR user_mau.1709.topfacemobappios OR user_mau.1709.topface OR user_mau.1709.standalonetf)",17
"2017-01-01 00:00:00","first_app:topface AND platform:vk","_exists_:(user_mau.1710.topfacemobappandroid OR user_mau.1710.topfacemobappios OR user_mau.1710.topface OR user_mau.1710.standalonetf)",10
"2017-01-01 00:00:00","first_app:topface AND platform:vk","_exists_:(user_mau.1711.topfacemobappandroid OR user_mau.1711.topfacemobappios OR user_mau.1711.topface OR user_mau.1711.standalonetf)",11
"2017-01-01 00:00:00","first_app:topface AND platform:vk","_exists_:(user_mau.1712.topfacemobappandroid OR user_mau.1712.topfacemobappios OR user_mau.1712.topface OR user_mau.1712.standalonetf)",13
"2017-01-01 00:00:00","first_app:topface AND platform:vk","_exists_:(user_mau.1801.topfacemobappandroid OR user_mau.1801.topfacemobappios OR user_mau.1801.topface OR user_mau.1801.standalonetf)",16
"2017-01-01 00:00:00","first_app:topface AND platform:vk","_exists_:(user_mau.1802.topfacemobappandroid OR user_mau.1802.topfacemobappios OR user_mau.1802.topface OR user_mau.1802.standalonetf)",13
"2017-01-01 00:00:00","first_app:topface AND platform:ok","*",10
"2017-01-01 00:00:00","first_app:topface AND platform:ok","_exists_:(user_mau.1501.topfacemobappandroid OR user_mau.1501.topfacemobappios OR user_mau.1501.topface OR user_mau.1501.standalonetf)",0
"2017-01-01 00:00:00","first_app:topface AND platform:ok","_exists_:(user_mau.1502.topfacemobappandroid OR user_mau.1502.topfacemobappios OR user_mau.1502.topface OR user_mau.1502.standalonetf)",0
"2017-01-01 00:00:00","first_app:topface AND platform:ok","_exists_:(user_mau.1503.topfacemobappandroid OR user_mau.1503.topfacemobappios OR user_mau.1503.topface OR user_mau.1503.standalonetf)",0
"2017-01-01 00:00:00","first_app:topface AND platform:ok","_exists_:(user_mau.1504.topfacemobappandroid OR user_mau.1504.topfacemobappios OR user_mau.1504.topface OR user_mau.1504.standalonetf)",0
"2017-01-01 00:00:00","first_app:topface AND platform:ok","_exists_:(user_mau.1505.topfacemobappandroid OR user_mau.1505.topfacemobappios OR user_mau.1505.topface OR user_mau.1505.standalonetf)",0
"2017-01-01 00:00:00","first_app:topface AND platform:ok","_exists_:(user_mau.1506.topfacemobappandroid OR user_mau.1506.topfacemobappios OR user_mau.1506.topface OR user_mau.1506.standalonetf)",0
"2017-01-01 00:00:00","first_app:topface AND platform:ok","_exists_:(user_mau.1507.topfacemobappandroid OR user_mau.1507.topfacemobappios OR user_mau.1507.topface OR user_mau.1507.standalonetf)",0
"2017-01-01 00:00:00","first_app:topface AND platform:ok","_exists_:(user_mau.1508.topfacemobappandroid OR user_mau.1508.topfacemobappios OR user_mau.1508.topface OR user_mau.1508.standalonetf)",0
"2017-01-01 00:00:00","first_app:topface AND platform:ok","_exists_:(user_mau.1509.topfacemobappandroid OR user_mau.1509.topfacemobappios OR user_mau.1509.topface OR user_mau.1509.standalonetf)",0
"2017-01-01 00:00:00","first_app:topface AND platform:ok","_exists_:(user_mau.1510.topfacemobappandroid OR user_mau.1510.topfacemobappios OR user_mau.1510.topface OR user_mau.1510.standalonetf)",0
"2017-01-01 00:00:00","first_app:topface AND platform:ok","_exists_:(user_mau.1511.topfacemobappandroid OR user_mau.1511.topfacemobappios OR user_mau.1511.topface OR user_mau.1511.standalonetf)",0
"2017-01-01 00:00:00","first_app:topface AND platform:ok","_exists_:(user_mau.1512.topfacemobappandroid OR user_mau.1512.topfacemobappios OR user_mau.1512.topface OR user_mau.1512.standalonetf)",0
"2017-01-01 00:00:00","first_app:topface AND platform:ok","_exists_:(user_mau.1601.topfacemobappandroid OR user_mau.1601.topfacemobappios OR user_mau.1601.topface OR user_mau.1601.standalonetf)",0
"2017-01-01 00:00:00","first_app:topface AND platform:ok","_exists_:(user_mau.1602.topfacemobappandroid OR user_mau.1602.topfacemobappios OR user_mau.1602.topface OR user_mau.1602.standalonetf)",0
"2017-01-01 00:00:00","first_app:topface AND platform:ok","_exists_:(user_mau.1603.topfacemobappandroid OR user_mau.1603.topfacemobappios OR user_mau.1603.topface OR user_mau.1603.standalonetf)",0
"2017-01-01 00:00:00","first_app:topface AND platform:ok","_exists_:(user_mau.1604.topfacemobappandroid OR user_mau.1604.topfacemobappios OR user_mau.1604.topface OR user_mau.1604.standalonetf)",0
"2017-01-01 00:00:00","first_app:topface AND platform:ok","_exists_:(user_mau.1605.topfacemobappandroid OR user_mau.1605.topfacemobappios OR user_mau.1605.topface OR user_mau.1605.standalonetf)",0
"2017-01-01 00:00:00","first_app:topface AND platform:ok","_exists_:(user_mau.1606.topfacemobappandroid OR user_mau.1606.topfacemobappios OR user_mau.1606.topface OR user_mau.1606.standalonetf)",0
"2017-01-01 00:00:00","first_app:topface AND platform:ok","_exists_:(user_mau.1607.topfacemobappandroid OR user_mau.1607.topfacemobappios OR user_mau.1607.topface OR user_mau.1607.standalonetf)",0
"2017-01-01 00:00:00","first_app:topface AND platform:ok","_exists_:(user_mau.1608.topfacemobappandroid OR user_mau.1608.topfacemobappios OR user_mau.1608.topface OR user_mau.1608.standalonetf)",0
"2017-01-01 00:00:00","first_app:topface AND platform:ok","_exists_:(user_mau.1609.topfacemobappandroid OR user_mau.1609.topfacemobappios OR user_mau.1609.topface OR user_mau.1609.standalonetf)",0
"2017-01-01 00:00:00","first_app:topface AND platform:ok","_exists_:(user_mau.1610.topfacemobappandroid OR user_mau.1610.topfacemobappios OR user_mau.1610.topface OR user_mau.1610.standalonetf)",0
"2017-01-01 00:00:00","first_app:topface AND platform:ok","_exists_:(user_mau.1611.topfacemobappandroid OR user_mau.1611.topfacemobappios OR user_mau.1611.topface OR user_mau.1611.standalonetf)",0
"2017-01-01 00:00:00","first_app:topface AND platform:ok","_exists_:(user_mau.1612.topfacemobappandroid OR user_mau.1612.topfacemobappios OR user_mau.1612.topface OR user_mau.1612.standalonetf)",0
"2017-01-01 00:00:00","first_app:topface AND platform:ok","_exists_:(user_mau.1701.topfacemobappandroid OR user_mau.1701.topfacemobappios OR user_mau.1701.topface OR user_mau.1701.standalonetf)",10
"2017-01-01 00:00:00","first_app:topface AND platform:ok","_exists_:(user_mau.1702.topfacemobappandroid OR user_mau.1702.topfacemobappios OR user_mau.1702.topface OR user_mau.1702.standalonetf)",4
"2017-01-01 00:00:00","first_app:topface AND platform:ok","_exists_:(user_mau.1703.topfacemobappandroid OR user_mau.1703.topfacemobappios OR user_mau.1703.topface OR user_mau.1703.standalonetf)",1
"2017-01-01 00:00:00","first_app:topface AND platform:ok","_exists_:(user_mau.1704.topfacemobappandroid OR user_mau.1704.topfacemobappios OR user_mau.1704.topface OR user_mau.1704.standalonetf)",2
"2017-01-01 00:00:00","first_app:topface AND platform:ok","_exists_:(user_mau.1705.topfacemobappandroid OR user_mau.1705.topfacemobappios OR user_mau.1705.topface OR user_mau.1705.standalonetf)",2
"2017-01-01 00:00:00","first_app:topface AND platform:ok","_exists_:(user_mau.1706.topfacemobappandroid OR user_mau.1706.topfacemobappios OR user_mau.1706.topface OR user_mau.1706.standalonetf)",0
"2017-01-01 00:00:00","first_app:topface AND platform:ok","_exists_:(user_mau.1707.topfacemobappandroid OR user_mau.1707.topfacemobappios OR user_mau.1707.topface OR user_mau.1707.standalonetf)",1
"2017-01-01 00:00:00","first_app:topface AND platform:ok","_exists_:(user_mau.1708.topfacemobappandroid OR user_mau.1708.topfacemobappios OR user_mau.1708.topface OR user_mau.1708.standalonetf)",2
"2017-01-01 00:00:00","first_app:topface AND platform:ok","_exists_:(user_mau.1709.topfacemobappandroid OR user_mau.1709.topfacemobappios OR user_mau.1709.topface OR user_mau.1709.standalonetf)",0
"2017-01-01 00:00:00","first_app:topface AND platform:ok","_exists_:(user_mau.1710.topfacemobappandroid OR user_mau.1710.topfacemobappios OR user_mau.1710.topface OR user_mau.1710.standalonetf)",0
"2017-01-01 00:00:00","first_app:topface AND platform:ok","_exists_:(user_mau.1711.topfacemobappandroid OR user_mau.1711.topfacemobappios OR user_mau.1711.topface OR user_mau.1711.standalonetf)",1
"2017-01-01 00:00:00","first_app:topface AND platform:ok","_exists_:(user_mau.1712.topfacemobappandroid OR user_mau.1712.topfacemobappios OR user_mau.1712.topface OR user_mau.1712.standalonetf)",1
"2017-01-01 00:00:00","first_app:topface AND platform:ok","_exists_:(user_mau.1801.topfacemobappandroid OR user_mau.1801.topfacemobappios OR user_mau.1801.topface OR user_mau.1801.standalonetf)",1
"2017-01-01 00:00:00","first_app:topface AND platform:ok","_exists_:(user_mau.1802.topfacemobappandroid OR user_mau.1802.topfacemobappios OR user_mau.1802.topface OR user_mau.1802.standalonetf)",0
"2017-01-01 00:00:00","first_app:topface AND platform:fb","*",17
"2017-01-01 00:00:00","first_app:topface AND platform:fb","_exists_:(user_mau.1501.topfacemobappandroid OR user_mau.1501.topfacemobappios OR user_mau.1501.topface OR user_mau.1501.standalonetf)",0
"2017-01-01 00:00:00","first_app:topface AND platform:fb","_exists_:(user_mau.1502.topfacemobappandroid OR user_mau.1502.topfacemobappios OR user_mau.1502.topface OR user_mau.1502.standalonetf)",0
"2017-01-01 00:00:00","first_app:topface AND platform:fb","_exists_:(user_mau.1503.topfacemobappandroid OR user_mau.1503.topfacemobappios OR user_mau.1503.topface OR user_mau.1503.standalonetf)",0
"2017-01-01 00:00:00","first_app:topface AND platform:fb","_exists_:(user_mau.1504.topfacemobappandroid OR user_mau.1504.topfacemobappios OR user_mau.1504.topface OR user_mau.1504.standalonetf)",0
"2017-01-01 00:00:00","first_app:topface AND platform:fb","_exists_:(user_mau.1505.topfacemobappandroid OR user_mau.1505.topfacemobappios OR user_mau.1505.topface OR user_mau.1505.standalonetf)",0
"2017-01-01 00:00:00","first_app:topface AND platform:fb","_exists_:(user_mau.1506.topfacemobappandroid OR user_mau.1506.topfacemobappios OR user_mau.1506.topface OR user_mau.1506.standalonetf)",0
"2017-01-01 00:00:00","first_app:topface AND platform:fb","_exists_:(user_mau.1507.topfacemobappandroid OR user_mau.1507.topfacemobappios OR user_mau.1507.topface OR user_mau.1507.standalonetf)",0
"2017-01-01 00:00:00","first_app:topface AND platform:fb","_exists_:(user_mau.1508.topfacemobappandroid OR user_mau.1508.topfacemobappios OR user_mau.1508.topface OR user_mau.1508.standalonetf)",0
"2017-01-01 00:00:00","first_app:topface AND platform:fb","_exists_:(user_mau.1509.topfacemobappandroid OR user_mau.1509.topfacemobappios OR user_mau.1509.topface OR user_mau.1509.standalonetf)",0
"2017-01-01 00:00:00","first_app:topface AND platform:fb","_exists_:(user_mau.1510.topfacemobappandroid OR user_mau.1510.topfacemobappios OR user_mau.1510.topface OR user_mau.1510.standalonetf)",0
"2017-01-01 00:00:00","first_app:topface AND platform:fb","_exists_:(user_mau.1511.topfacemobappandroid OR user_mau.1511.topfacemobappios OR user_mau.1511.topface OR user_mau.1511.standalonetf)",0
"2017-01-01 00:00:00","first_app:topface AND platform:fb","_exists_:(user_mau.1512.topfacemobappandroid OR user_mau.1512.topfacemobappios OR user_mau.1512.topface OR user_mau.1512.standalonetf)",0
"2017-01-01 00:00:00","first_app:topface AND platform:fb","_exists_:(user_mau.1601.topfacemobappandroid OR user_mau.1601.topfacemobappios OR user_mau.1601.topface OR user_mau.1601.standalonetf)",0
"2017-01-01 00:00:00","first_app:topface AND platform:fb","_exists_:(user_mau.1602.topfacemobappandroid OR user_mau.1602.topfacemobappios OR user_mau.1602.topface OR user_mau.1602.standalonetf)",0
"2017-01-01 00:00:00","first_app:topface AND platform:fb","_exists_:(user_mau.1603.topfacemobappandroid OR user_mau.1603.topfacemobappios OR user_mau.1603.topface OR user_mau.1603.standalonetf)",0
"2017-01-01 00:00:00","first_app:topface AND platform:fb","_exists_:(user_mau.1604.topfacemobappandroid OR user_mau.1604.topfacemobappios OR user_mau.1604.topface OR user_mau.1604.standalonetf)",0
"2017-01-01 00:00:00","first_app:topface AND platform:fb","_exists_:(user_mau.1605.topfacemobappandroid OR user_mau.1605.topfacemobappios OR user_mau.1605.topface OR user_mau.1605.standalonetf)",0
"2017-01-01 00:00:00","first_app:topface AND platform:fb","_exists_:(user_mau.1606.topfacemobappandroid OR user_mau.1606.topfacemobappios OR user_mau.1606.topface OR user_mau.1606.standalonetf)",0
"2017-01-01 00:00:00","first_app:topface AND platform:fb","_exists_:(user_mau.1607.topfacemobappandroid OR user_mau.1607.topfacemobappios OR user_mau.1607.topface OR user_mau.1607.standalonetf)",0
"2017-01-01 00:00:00","first_app:topface AND platform:fb","_exists_:(user_mau.1608.topfacemobappandroid OR user_mau.1608.topfacemobappios OR user_mau.1608.topface OR user_mau.1608.standalonetf)",0
"2017-01-01 00:00:00","first_app:topface AND platform:fb","_exists_:(user_mau.1609.topfacemobappandroid OR user_mau.1609.topfacemobappios OR user_mau.1609.topface OR user_mau.1609.standalonetf)",0
"2017-01-01 00:00:00","first_app:topface AND platform:fb","_exists_:(user_mau.1610.topfacemobappandroid OR user_mau.1610.topfacemobappios OR user_mau.1610.topface OR user_mau.1610.standalonetf)",0
"2017-01-01 00:00:00","first_app:topface AND platform:fb","_exists_:(user_mau.1611.topfacemobappandroid OR user_mau.1611.topfacemobappios OR user_mau.1611.topface OR user_mau.1611.standalonetf)",0
"2017-01-01 00:00:00","first_app:topface AND platform:fb","_exists_:(user_mau.1612.topfacemobappandroid OR user_mau.1612.topfacemobappios OR user_mau.1612.topface OR user_mau.1612.standalonetf)",0
"2017-01-01 00:00:00","first_app:topface AND platform:fb","_exists_:(user_mau.1701.topfacemobappandroid OR user_mau.1701.topfacemobappios OR user_mau.1701.topface OR user_mau.1701.standalonetf)",17
"2017-01-01 00:00:00","first_app:topface AND platform:fb","_exists_:(user_mau.1702.topfacemobappandroid OR user_mau.1702.topfacemobappios OR user_mau.1702.topface OR user_mau.1702.standalonetf)",3
"2017-01-01 00:00:00","first_app:topface AND platform:fb","_exists_:(user_mau.1703.topfacemobappandroid OR user_mau.1703.topfacemobappios OR user_mau.1703.topface OR user_mau.1703.standalonetf)",4
"2017-01-01 00:00:00","first_app:topface AND platform:fb","_exists_:(user_mau.1704.topfacemobappandroid OR user_mau.1704.topfacemobappios OR user_mau.1704.topface OR user_mau.1704.standalonetf)",2
"2017-01-01 00:00:00","first_app:topface AND platform:fb","_exists_:(user_mau.1705.topfacemobappandroid OR user_mau.1705.topfacemobappios OR user_mau.1705.topface OR user_mau.1705.standalonetf)",4
"2017-01-01 00:00:00","first_app:topface AND platform:fb","_exists_:(user_mau.1706.topfacemobappandroid OR user_mau.1706.topfacemobappios OR user_mau.1706.topface OR user_mau.1706.standalonetf)",3
"2017-01-01 00:00:00","first_app:topface AND platform:fb","_exists_:(user_mau.1707.topfacemobappandroid OR user_mau.1707.topfacemobappios OR user_mau.1707.topface OR user_mau.1707.standalonetf)",3
"2017-01-01 00:00:00","first_app:topface AND platform:fb","_exists_:(user_mau.1708.topfacemobappandroid OR user_mau.1708.topfacemobappios OR user_mau.1708.topface OR user_mau.1708.standalonetf)",1
"2017-01-01 00:00:00","first_app:topface AND platform:fb","_exists_:(user_mau.1709.topfacemobappandroid OR user_mau.1709.topfacemobappios OR user_mau.1709.topface OR user_mau.1709.standalonetf)",3
"2017-01-01 00:00:00","first_app:topface AND platform:fb","_exists_:(user_mau.1710.topfacemobappandroid OR user_mau.1710.topfacemobappios OR user_mau.1710.topface OR user_mau.1710.standalonetf)",2
"2017-01-01 00:00:00","first_app:topface AND platform:fb","_exists_:(user_mau.1711.topfacemobappandroid OR user_mau.1711.topfacemobappios OR user_mau.1711.topface OR user_mau.1711.standalonetf)",3
"2017-01-01 00:00:00","first_app:topface AND platform:fb","_exists_:(user_mau.1712.topfacemobappandroid OR user_mau.1712.topfacemobappios OR user_mau.1712.topface OR user_mau.1712.standalonetf)",2
"2017-01-01 00:00:00","first_app:topface AND platform:fb","_exists_:(user_mau.1801.topfacemobappandroid OR user_mau.1801.topfacemobappios OR user_mau.1801.topface OR user_mau.1801.standalonetf)",3
"2017-01-01 00:00:00","first_app:topface AND platform:fb","_exists_:(user_mau.1802.topfacemobappandroid OR user_mau.1802.topfacemobappios OR user_mau.1802.topface OR user_mau.1802.standalonetf)",4
"2017-02-01 00:00:00","first_app:topfacemobappandroid","*","55,836"
"2017-02-01 00:00:00","first_app:topfacemobappandroid","_exists_:(user_mau.1501.topfacemobappandroid OR user_mau.1501.topfacemobappios OR user_mau.1501.topface OR user_mau.1501.standalonetf)",0
"2017-02-01 00:00:00","first_app:topfacemobappandroid","_exists_:(user_mau.1502.topfacemobappandroid OR user_mau.1502.topfacemobappios OR user_mau.1502.topface OR user_mau.1502.standalonetf)",0
"2017-02-01 00:00:00","first_app:topfacemobappandroid","_exists_:(user_mau.1503.topfacemobappandroid OR user_mau.1503.topfacemobappios OR user_mau.1503.topface OR user_mau.1503.standalonetf)",0
"2017-02-01 00:00:00","first_app:topfacemobappandroid","_exists_:(user_mau.1504.topfacemobappandroid OR user_mau.1504.topfacemobappios OR user_mau.1504.topface OR user_mau.1504.standalonetf)",0
"2017-02-01 00:00:00","first_app:topfacemobappandroid","_exists_:(user_mau.1505.topfacemobappandroid OR user_mau.1505.topfacemobappios OR user_mau.1505.topface OR user_mau.1505.standalonetf)",0
"2017-02-01 00:00:00","first_app:topfacemobappandroid","_exists_:(user_mau.1506.topfacemobappandroid OR user_mau.1506.topfacemobappios OR user_mau.1506.topface OR user_mau.1506.standalonetf)",0
"2017-02-01 00:00:00","first_app:topfacemobappandroid","_exists_:(user_mau.1507.topfacemobappandroid OR user_mau.1507.topfacemobappios OR user_mau.1507.topface OR user_mau.1507.standalonetf)",0
"2017-02-01 00:00:00","first_app:topfacemobappandroid","_exists_:(user_mau.1508.topfacemobappandroid OR user_mau.1508.topfacemobappios OR user_mau.1508.topface OR user_mau.1508.standalonetf)",0
"2017-02-01 00:00:00","first_app:topfacemobappandroid","_exists_:(user_mau.1509.topfacemobappandroid OR user_mau.1509.topfacemobappios OR user_mau.1509.topface OR user_mau.1509.standalonetf)",0
"2017-02-01 00:00:00","first_app:topfacemobappandroid","_exists_:(user_mau.1510.topfacemobappandroid OR user_mau.1510.topfacemobappios OR user_mau.1510.topface OR user_mau.1510.standalonetf)",0
"2017-02-01 00:00:00","first_app:topfacemobappandroid","_exists_:(user_mau.1511.topfacemobappandroid OR user_mau.1511.topfacemobappios OR user_mau.1511.topface OR user_mau.1511.standalonetf)",0
"2017-02-01 00:00:00","first_app:topfacemobappandroid","_exists_:(user_mau.1512.topfacemobappandroid OR user_mau.1512.topfacemobappios OR user_mau.1512.topface OR user_mau.1512.standalonetf)",0
"2017-02-01 00:00:00","first_app:topfacemobappandroid","_exists_:(user_mau.1601.topfacemobappandroid OR user_mau.1601.topfacemobappios OR user_mau.1601.topface OR user_mau.1601.standalonetf)",0
"2017-02-01 00:00:00","first_app:topfacemobappandroid","_exists_:(user_mau.1602.topfacemobappandroid OR user_mau.1602.topfacemobappios OR user_mau.1602.topface OR user_mau.1602.standalonetf)",0
"2017-02-01 00:00:00","first_app:topfacemobappandroid","_exists_:(user_mau.1603.topfacemobappandroid OR user_mau.1603.topfacemobappios OR user_mau.1603.topface OR user_mau.1603.standalonetf)",0
"2017-02-01 00:00:00","first_app:topfacemobappandroid","_exists_:(user_mau.1604.topfacemobappandroid OR user_mau.1604.topfacemobappios OR user_mau.1604.topface OR user_mau.1604.standalonetf)",0
"2017-02-01 00:00:00","first_app:topfacemobappandroid","_exists_:(user_mau.1605.topfacemobappandroid OR user_mau.1605.topfacemobappios OR user_mau.1605.topface OR user_mau.1605.standalonetf)",0
"2017-02-01 00:00:00","first_app:topfacemobappandroid","_exists_:(user_mau.1606.topfacemobappandroid OR user_mau.1606.topfacemobappios OR user_mau.1606.topface OR user_mau.1606.standalonetf)",0
"2017-02-01 00:00:00","first_app:topfacemobappandroid","_exists_:(user_mau.1607.topfacemobappandroid OR user_mau.1607.topfacemobappios OR user_mau.1607.topface OR user_mau.1607.standalonetf)",0
"2017-02-01 00:00:00","first_app:topfacemobappandroid","_exists_:(user_mau.1608.topfacemobappandroid OR user_mau.1608.topfacemobappios OR user_mau.1608.topface OR user_mau.1608.standalonetf)",0
"2017-02-01 00:00:00","first_app:topfacemobappandroid","_exists_:(user_mau.1609.topfacemobappandroid OR user_mau.1609.topfacemobappios OR user_mau.1609.topface OR user_mau.1609.standalonetf)",0
"2017-02-01 00:00:00","first_app:topfacemobappandroid","_exists_:(user_mau.1610.topfacemobappandroid OR user_mau.1610.topfacemobappios OR user_mau.1610.topface OR user_mau.1610.standalonetf)",0
"2017-02-01 00:00:00","first_app:topfacemobappandroid","_exists_:(user_mau.1611.topfacemobappandroid OR user_mau.1611.topfacemobappios OR user_mau.1611.topface OR user_mau.1611.standalonetf)",0
"2017-02-01 00:00:00","first_app:topfacemobappandroid","_exists_:(user_mau.1612.topfacemobappandroid OR user_mau.1612.topfacemobappios OR user_mau.1612.topface OR user_mau.1612.standalonetf)",0
"2017-02-01 00:00:00","first_app:topfacemobappandroid","_exists_:(user_mau.1701.topfacemobappandroid OR user_mau.1701.topfacemobappios OR user_mau.1701.topface OR user_mau.1701.standalonetf)",0
"2017-02-01 00:00:00","first_app:topfacemobappandroid","_exists_:(user_mau.1702.topfacemobappandroid OR user_mau.1702.topfacemobappios OR user_mau.1702.topface OR user_mau.1702.standalonetf)","55,836"
"2017-02-01 00:00:00","first_app:topfacemobappandroid","_exists_:(user_mau.1703.topfacemobappandroid OR user_mau.1703.topfacemobappios OR user_mau.1703.topface OR user_mau.1703.standalonetf)","10,592"
"2017-02-01 00:00:00","first_app:topfacemobappandroid","_exists_:(user_mau.1704.topfacemobappandroid OR user_mau.1704.topfacemobappios OR user_mau.1704.topface OR user_mau.1704.standalonetf)","5,097"
"2017-02-01 00:00:00","first_app:topfacemobappandroid","_exists_:(user_mau.1705.topfacemobappandroid OR user_mau.1705.topfacemobappios OR user_mau.1705.topface OR user_mau.1705.standalonetf)","3,832"
"2017-02-01 00:00:00","first_app:topfacemobappandroid","_exists_:(user_mau.1706.topfacemobappandroid OR user_mau.1706.topfacemobappios OR user_mau.1706.topface OR user_mau.1706.standalonetf)","3,054"
"2017-02-01 00:00:00","first_app:topfacemobappandroid","_exists_:(user_mau.1707.topfacemobappandroid OR user_mau.1707.topfacemobappios OR user_mau.1707.topface OR user_mau.1707.standalonetf)","2,467"
"2017-02-01 00:00:00","first_app:topfacemobappandroid","_exists_:(user_mau.1708.topfacemobappandroid OR user_mau.1708.topfacemobappios OR user_mau.1708.topface OR user_mau.1708.standalonetf)","2,658"
"2017-02-01 00:00:00","first_app:topfacemobappandroid","_exists_:(user_mau.1709.topfacemobappandroid OR user_mau.1709.topfacemobappios OR user_mau.1709.topface OR user_mau.1709.standalonetf)","2,231"
"2017-02-01 00:00:00","first_app:topfacemobappandroid","_exists_:(user_mau.1710.topfacemobappandroid OR user_mau.1710.topfacemobappios OR user_mau.1710.topface OR user_mau.1710.standalonetf)","2,159"
"2017-02-01 00:00:00","first_app:topfacemobappandroid","_exists_:(user_mau.1711.topfacemobappandroid OR user_mau.1711.topfacemobappios OR user_mau.1711.topface OR user_mau.1711.standalonetf)","1,758"
"2017-02-01 00:00:00","first_app:topfacemobappandroid","_exists_:(user_mau.1712.topfacemobappandroid OR user_mau.1712.topfacemobappios OR user_mau.1712.topface OR user_mau.1712.standalonetf)","1,653"
"2017-02-01 00:00:00","first_app:topfacemobappandroid","_exists_:(user_mau.1801.topfacemobappandroid OR user_mau.1801.topfacemobappios OR user_mau.1801.topface OR user_mau.1801.standalonetf)","1,205"
"2017-02-01 00:00:00","first_app:topfacemobappandroid","_exists_:(user_mau.1802.topfacemobappandroid OR user_mau.1802.topfacemobappios OR user_mau.1802.topface OR user_mau.1802.standalonetf)","1,048"
"2017-02-01 00:00:00","first_app:topfacemobappios","*","80,584"
"2017-02-01 00:00:00","first_app:topfacemobappios","_exists_:(user_mau.1501.topfacemobappandroid OR user_mau.1501.topfacemobappios OR user_mau.1501.topface OR user_mau.1501.standalonetf)",0
"2017-02-01 00:00:00","first_app:topfacemobappios","_exists_:(user_mau.1502.topfacemobappandroid OR user_mau.1502.topfacemobappios OR user_mau.1502.topface OR user_mau.1502.standalonetf)",0
"2017-02-01 00:00:00","first_app:topfacemobappios","_exists_:(user_mau.1503.topfacemobappandroid OR user_mau.1503.topfacemobappios OR user_mau.1503.topface OR user_mau.1503.standalonetf)",0
"2017-02-01 00:00:00","first_app:topfacemobappios","_exists_:(user_mau.1504.topfacemobappandroid OR user_mau.1504.topfacemobappios OR user_mau.1504.topface OR user_mau.1504.standalonetf)",0
"2017-02-01 00:00:00","first_app:topfacemobappios","_exists_:(user_mau.1505.topfacemobappandroid OR user_mau.1505.topfacemobappios OR user_mau.1505.topface OR user_mau.1505.standalonetf)",0
"2017-02-01 00:00:00","first_app:topfacemobappios","_exists_:(user_mau.1506.topfacemobappandroid OR user_mau.1506.topfacemobappios OR user_mau.1506.topface OR user_mau.1506.standalonetf)",0
"2017-02-01 00:00:00","first_app:topfacemobappios","_exists_:(user_mau.1507.topfacemobappandroid OR user_mau.1507.topfacemobappios OR user_mau.1507.topface OR user_mau.1507.standalonetf)",0
"2017-02-01 00:00:00","first_app:topfacemobappios","_exists_:(user_mau.1508.topfacemobappandroid OR user_mau.1508.topfacemobappios OR user_mau.1508.topface OR user_mau.1508.standalonetf)",0
"2017-02-01 00:00:00","first_app:topfacemobappios","_exists_:(user_mau.1509.topfacemobappandroid OR user_mau.1509.topfacemobappios OR user_mau.1509.topface OR user_mau.1509.standalonetf)",0
"2017-02-01 00:00:00","first_app:topfacemobappios","_exists_:(user_mau.1510.topfacemobappandroid OR user_mau.1510.topfacemobappios OR user_mau.1510.topface OR user_mau.1510.standalonetf)",0
"2017-02-01 00:00:00","first_app:topfacemobappios","_exists_:(user_mau.1511.topfacemobappandroid OR user_mau.1511.topfacemobappios OR user_mau.1511.topface OR user_mau.1511.standalonetf)",0
"2017-02-01 00:00:00","first_app:topfacemobappios","_exists_:(user_mau.1512.topfacemobappandroid OR user_mau.1512.topfacemobappios OR user_mau.1512.topface OR user_mau.1512.standalonetf)",0
"2017-02-01 00:00:00","first_app:topfacemobappios","_exists_:(user_mau.1601.topfacemobappandroid OR user_mau.1601.topfacemobappios OR user_mau.1601.topface OR user_mau.1601.standalonetf)",0
"2017-02-01 00:00:00","first_app:topfacemobappios","_exists_:(user_mau.1602.topfacemobappandroid OR user_mau.1602.topfacemobappios OR user_mau.1602.topface OR user_mau.1602.standalonetf)",0
"2017-02-01 00:00:00","first_app:topfacemobappios","_exists_:(user_mau.1603.topfacemobappandroid OR user_mau.1603.topfacemobappios OR user_mau.1603.topface OR user_mau.1603.standalonetf)",0
"2017-02-01 00:00:00","first_app:topfacemobappios","_exists_:(user_mau.1604.topfacemobappandroid OR user_mau.1604.topfacemobappios OR user_mau.1604.topface OR user_mau.1604.standalonetf)",0
"2017-02-01 00:00:00","first_app:topfacemobappios","_exists_:(user_mau.1605.topfacemobappandroid OR user_mau.1605.topfacemobappios OR user_mau.1605.topface OR user_mau.1605.standalonetf)",0
"2017-02-01 00:00:00","first_app:topfacemobappios","_exists_:(user_mau.1606.topfacemobappandroid OR user_mau.1606.topfacemobappios OR user_mau.1606.topface OR user_mau.1606.standalonetf)",0
"2017-02-01 00:00:00","first_app:topfacemobappios","_exists_:(user_mau.1607.topfacemobappandroid OR user_mau.1607.topfacemobappios OR user_mau.1607.topface OR user_mau.1607.standalonetf)",0
"2017-02-01 00:00:00","first_app:topfacemobappios","_exists_:(user_mau.1608.topfacemobappandroid OR user_mau.1608.topfacemobappios OR user_mau.1608.topface OR user_mau.1608.standalonetf)",0
"2017-02-01 00:00:00","first_app:topfacemobappios","_exists_:(user_mau.1609.topfacemobappandroid OR user_mau.1609.topfacemobappios OR user_mau.1609.topface OR user_mau.1609.standalonetf)",0
"2017-02-01 00:00:00","first_app:topfacemobappios","_exists_:(user_mau.1610.topfacemobappandroid OR user_mau.1610.topfacemobappios OR user_mau.1610.topface OR user_mau.1610.standalonetf)",0
"2017-02-01 00:00:00","first_app:topfacemobappios","_exists_:(user_mau.1611.topfacemobappandroid OR user_mau.1611.topfacemobappios OR user_mau.1611.topface OR user_mau.1611.standalonetf)",0
"2017-02-01 00:00:00","first_app:topfacemobappios","_exists_:(user_mau.1612.topfacemobappandroid OR user_mau.1612.topfacemobappios OR user_mau.1612.topface OR user_mau.1612.standalonetf)",0
"2017-02-01 00:00:00","first_app:topfacemobappios","_exists_:(user_mau.1701.topfacemobappandroid OR user_mau.1701.topfacemobappios OR user_mau.1701.topface OR user_mau.1701.standalonetf)",0
"2017-02-01 00:00:00","first_app:topfacemobappios","_exists_:(user_mau.1702.topfacemobappandroid OR user_mau.1702.topfacemobappios OR user_mau.1702.topface OR user_mau.1702.standalonetf)","80,584"
"2017-02-01 00:00:00","first_app:topfacemobappios","_exists_:(user_mau.1703.topfacemobappandroid OR user_mau.1703.topfacemobappios OR user_mau.1703.topface OR user_mau.1703.standalonetf)","14,272"
"2017-02-01 00:00:00","first_app:topfacemobappios","_exists_:(user_mau.1704.topfacemobappandroid OR user_mau.1704.topfacemobappios OR user_mau.1704.topface OR user_mau.1704.standalonetf)","6,340"
"2017-02-01 00:00:00","first_app:topfacemobappios","_exists_:(user_mau.1705.topfacemobappandroid OR user_mau.1705.topfacemobappios OR user_mau.1705.topface OR user_mau.1705.standalonetf)","4,676"
"2017-02-01 00:00:00","first_app:topfacemobappios","_exists_:(user_mau.1706.topfacemobappandroid OR user_mau.1706.topfacemobappios OR user_mau.1706.topface OR user_mau.1706.standalonetf)","4,012"
"2017-02-01 00:00:00","first_app:topfacemobappios","_exists_:(user_mau.1707.topfacemobappandroid OR user_mau.1707.topfacemobappios OR user_mau.1707.topface OR user_mau.1707.standalonetf)","2,843"
"2017-02-01 00:00:00","first_app:topfacemobappios","_exists_:(user_mau.1708.topfacemobappandroid OR user_mau.1708.topfacemobappios OR user_mau.1708.topface OR user_mau.1708.standalonetf)","2,979"
"2017-02-01 00:00:00","first_app:topfacemobappios","_exists_:(user_mau.1709.topfacemobappandroid OR user_mau.1709.topfacemobappios OR user_mau.1709.topface OR user_mau.1709.standalonetf)","2,551"
"2017-02-01 00:00:00","first_app:topfacemobappios","_exists_:(user_mau.1710.topfacemobappandroid OR user_mau.1710.topfacemobappios OR user_mau.1710.topface OR user_mau.1710.standalonetf)","2,485"
"2017-02-01 00:00:00","first_app:topfacemobappios","_exists_:(user_mau.1711.topfacemobappandroid OR user_mau.1711.topfacemobappios OR user_mau.1711.topface OR user_mau.1711.standalonetf)","1,853"
"2017-02-01 00:00:00","first_app:topfacemobappios","_exists_:(user_mau.1712.topfacemobappandroid OR user_mau.1712.topfacemobappios OR user_mau.1712.topface OR user_mau.1712.standalonetf)","1,795"
"2017-02-01 00:00:00","first_app:topfacemobappios","_exists_:(user_mau.1801.topfacemobappandroid OR user_mau.1801.topfacemobappios OR user_mau.1801.topface OR user_mau.1801.standalonetf)","1,507"
"2017-02-01 00:00:00","first_app:topfacemobappios","_exists_:(user_mau.1802.topfacemobappandroid OR user_mau.1802.topfacemobappios OR user_mau.1802.topface OR user_mau.1802.standalonetf)","1,249"
"2017-02-01 00:00:00","first_app:standalonetf","*","2,259"
"2017-02-01 00:00:00","first_app:standalonetf","_exists_:(user_mau.1501.topfacemobappandroid OR user_mau.1501.topfacemobappios OR user_mau.1501.topface OR user_mau.1501.standalonetf)",0
"2017-02-01 00:00:00","first_app:standalonetf","_exists_:(user_mau.1502.topfacemobappandroid OR user_mau.1502.topfacemobappios OR user_mau.1502.topface OR user_mau.1502.standalonetf)",0
"2017-02-01 00:00:00","first_app:standalonetf","_exists_:(user_mau.1503.topfacemobappandroid OR user_mau.1503.topfacemobappios OR user_mau.1503.topface OR user_mau.1503.standalonetf)",0
"2017-02-01 00:00:00","first_app:standalonetf","_exists_:(user_mau.1504.topfacemobappandroid OR user_mau.1504.topfacemobappios OR user_mau.1504.topface OR user_mau.1504.standalonetf)",0
"2017-02-01 00:00:00","first_app:standalonetf","_exists_:(user_mau.1505.topfacemobappandroid OR user_mau.1505.topfacemobappios OR user_mau.1505.topface OR user_mau.1505.standalonetf)",0
"2017-02-01 00:00:00","first_app:standalonetf","_exists_:(user_mau.1506.topfacemobappandroid OR user_mau.1506.topfacemobappios OR user_mau.1506.topface OR user_mau.1506.standalonetf)",0
"2017-02-01 00:00:00","first_app:standalonetf","_exists_:(user_mau.1507.topfacemobappandroid OR user_mau.1507.topfacemobappios OR user_mau.1507.topface OR user_mau.1507.standalonetf)",0
"2017-02-01 00:00:00","first_app:standalonetf","_exists_:(user_mau.1508.topfacemobappandroid OR user_mau.1508.topfacemobappios OR user_mau.1508.topface OR user_mau.1508.standalonetf)",0
"2017-02-01 00:00:00","first_app:standalonetf","_exists_:(user_mau.1509.topfacemobappandroid OR user_mau.1509.topfacemobappios OR user_mau.1509.topface OR user_mau.1509.standalonetf)",0
"2017-02-01 00:00:00","first_app:standalonetf","_exists_:(user_mau.1510.topfacemobappandroid OR user_mau.1510.topfacemobappios OR user_mau.1510.topface OR user_mau.1510.standalonetf)",0
"2017-02-01 00:00:00","first_app:standalonetf","_exists_:(user_mau.1511.topfacemobappandroid OR user_mau.1511.topfacemobappios OR user_mau.1511.topface OR user_mau.1511.standalonetf)",0
"2017-02-01 00:00:00","first_app:standalonetf","_exists_:(user_mau.1512.topfacemobappandroid OR user_mau.1512.topfacemobappios OR user_mau.1512.topface OR user_mau.1512.standalonetf)",0
"2017-02-01 00:00:00","first_app:standalonetf","_exists_:(user_mau.1601.topfacemobappandroid OR user_mau.1601.topfacemobappios OR user_mau.1601.topface OR user_mau.1601.standalonetf)",0
"2017-02-01 00:00:00","first_app:standalonetf","_exists_:(user_mau.1602.topfacemobappandroid OR user_mau.1602.topfacemobappios OR user_mau.1602.topface OR user_mau.1602.standalonetf)",0
"2017-02-01 00:00:00","first_app:standalonetf","_exists_:(user_mau.1603.topfacemobappandroid OR user_mau.1603.topfacemobappios OR user_mau.1603.topface OR user_mau.1603.standalonetf)",0
"2017-02-01 00:00:00","first_app:standalonetf","_exists_:(user_mau.1604.topfacemobappandroid OR user_mau.1604.topfacemobappios OR user_mau.1604.topface OR user_mau.1604.standalonetf)",0
"2017-02-01 00:00:00","first_app:standalonetf","_exists_:(user_mau.1605.topfacemobappandroid OR user_mau.1605.topfacemobappios OR user_mau.1605.topface OR user_mau.1605.standalonetf)",0
"2017-02-01 00:00:00","first_app:standalonetf","_exists_:(user_mau.1606.topfacemobappandroid OR user_mau.1606.topfacemobappios OR user_mau.1606.topface OR user_mau.1606.standalonetf)",0
"2017-02-01 00:00:00","first_app:standalonetf","_exists_:(user_mau.1607.topfacemobappandroid OR user_mau.1607.topfacemobappios OR user_mau.1607.topface OR user_mau.1607.standalonetf)",0
"2017-02-01 00:00:00","first_app:standalonetf","_exists_:(user_mau.1608.topfacemobappandroid OR user_mau.1608.topfacemobappios OR user_mau.1608.topface OR user_mau.1608.standalonetf)",0
"2017-02-01 00:00:00","first_app:standalonetf","_exists_:(user_mau.1609.topfacemobappandroid OR user_mau.1609.topfacemobappios OR user_mau.1609.topface OR user_mau.1609.standalonetf)",0
"2017-02-01 00:00:00","first_app:standalonetf","_exists_:(user_mau.1610.topfacemobappandroid OR user_mau.1610.topfacemobappios OR user_mau.1610.topface OR user_mau.1610.standalonetf)",0
"2017-02-01 00:00:00","first_app:standalonetf","_exists_:(user_mau.1611.topfacemobappandroid OR user_mau.1611.topfacemobappios OR user_mau.1611.topface OR user_mau.1611.standalonetf)",0
"2017-02-01 00:00:00","first_app:standalonetf","_exists_:(user_mau.1612.topfacemobappandroid OR user_mau.1612.topfacemobappios OR user_mau.1612.topface OR user_mau.1612.standalonetf)",0
"2017-02-01 00:00:00","first_app:standalonetf","_exists_:(user_mau.1701.topfacemobappandroid OR user_mau.1701.topfacemobappios OR user_mau.1701.topface OR user_mau.1701.standalonetf)",0
"2017-02-01 00:00:00","first_app:standalonetf","_exists_:(user_mau.1702.topfacemobappandroid OR user_mau.1702.topfacemobappios OR user_mau.1702.topface OR user_mau.1702.standalonetf)","1,965"
"2017-02-01 00:00:00","first_app:standalonetf","_exists_:(user_mau.1703.topfacemobappandroid OR user_mau.1703.topfacemobappios OR user_mau.1703.topface OR user_mau.1703.standalonetf)",425
"2017-02-01 00:00:00","first_app:standalonetf","_exists_:(user_mau.1704.topfacemobappandroid OR user_mau.1704.topfacemobappios OR user_mau.1704.topface OR user_mau.1704.standalonetf)",235
"2017-02-01 00:00:00","first_app:standalonetf","_exists_:(user_mau.1705.topfacemobappandroid OR user_mau.1705.topfacemobappios OR user_mau.1705.topface OR user_mau.1705.standalonetf)",189
"2017-02-01 00:00:00","first_app:standalonetf","_exists_:(user_mau.1706.topfacemobappandroid OR user_mau.1706.topfacemobappios OR user_mau.1706.topface OR user_mau.1706.standalonetf)",151
"2017-02-01 00:00:00","first_app:standalonetf","_exists_:(user_mau.1707.topfacemobappandroid OR user_mau.1707.topfacemobappios OR user_mau.1707.topface OR user_mau.1707.standalonetf)",128
"2017-02-01 00:00:00","first_app:standalonetf","_exists_:(user_mau.1708.topfacemobappandroid OR user_mau.1708.topfacemobappios OR user_mau.1708.topface OR user_mau.1708.standalonetf)",121
"2017-02-01 00:00:00","first_app:standalonetf","_exists_:(user_mau.1709.topfacemobappandroid OR user_mau.1709.topfacemobappios OR user_mau.1709.topface OR user_mau.1709.standalonetf)",110
"2017-02-01 00:00:00","first_app:standalonetf","_exists_:(user_mau.1710.topfacemobappandroid OR user_mau.1710.topfacemobappios OR user_mau.1710.topface OR user_mau.1710.standalonetf)",98
"2017-02-01 00:00:00","first_app:standalonetf","_exists_:(user_mau.1711.topfacemobappandroid OR user_mau.1711.topfacemobappios OR user_mau.1711.topface OR user_mau.1711.standalonetf)",92
"2017-02-01 00:00:00","first_app:standalonetf","_exists_:(user_mau.1712.topfacemobappandroid OR user_mau.1712.topfacemobappios OR user_mau.1712.topface OR user_mau.1712.standalonetf)",82
"2017-02-01 00:00:00","first_app:standalonetf","_exists_:(user_mau.1801.topfacemobappandroid OR user_mau.1801.topfacemobappios OR user_mau.1801.topface OR user_mau.1801.standalonetf)",77
"2017-02-01 00:00:00","first_app:standalonetf","_exists_:(user_mau.1802.topfacemobappandroid OR user_mau.1802.topfacemobappios OR user_mau.1802.topface OR user_mau.1802.standalonetf)",67
"2017-02-01 00:00:00","first_app:topface AND platform:vk","*",77
"2017-02-01 00:00:00","first_app:topface AND platform:vk","_exists_:(user_mau.1501.topfacemobappandroid OR user_mau.1501.topfacemobappios OR user_mau.1501.topface OR user_mau.1501.standalonetf)",0
"2017-02-01 00:00:00","first_app:topface AND platform:vk","_exists_:(user_mau.1502.topfacemobappandroid OR user_mau.1502.topfacemobappios OR user_mau.1502.topface OR user_mau.1502.standalonetf)",0
"2017-02-01 00:00:00","first_app:topface AND platform:vk","_exists_:(user_mau.1503.topfacemobappandroid OR user_mau.1503.topfacemobappios OR user_mau.1503.topface OR user_mau.1503.standalonetf)",0
"2017-02-01 00:00:00","first_app:topface AND platform:vk","_exists_:(user_mau.1504.topfacemobappandroid OR user_mau.1504.topfacemobappios OR user_mau.1504.topface OR user_mau.1504.standalonetf)",0
"2017-02-01 00:00:00","first_app:topface AND platform:vk","_exists_:(user_mau.1505.topfacemobappandroid OR user_mau.1505.topfacemobappios OR user_mau.1505.topface OR user_mau.1505.standalonetf)",0
"2017-02-01 00:00:00","first_app:topface AND platform:vk","_exists_:(user_mau.1506.topfacemobappandroid OR user_mau.1506.topfacemobappios OR user_mau.1506.topface OR user_mau.1506.standalonetf)",0
"2017-02-01 00:00:00","first_app:topface AND platform:vk","_exists_:(user_mau.1507.topfacemobappandroid OR user_mau.1507.topfacemobappios OR user_mau.1507.topface OR user_mau.1507.standalonetf)",0
"2017-02-01 00:00:00","first_app:topface AND platform:vk","_exists_:(user_mau.1508.topfacemobappandroid OR user_mau.1508.topfacemobappios OR user_mau.1508.topface OR user_mau.1508.standalonetf)",0
"2017-02-01 00:00:00","first_app:topface AND platform:vk","_exists_:(user_mau.1509.topfacemobappandroid OR user_mau.1509.topfacemobappios OR user_mau.1509.topface OR user_mau.1509.standalonetf)",0
"2017-02-01 00:00:00","first_app:topface AND platform:vk","_exists_:(user_mau.1510.topfacemobappandroid OR user_mau.1510.topfacemobappios OR user_mau.1510.topface OR user_mau.1510.standalonetf)",0
"2017-02-01 00:00:00","first_app:topface AND platform:vk","_exists_:(user_mau.1511.topfacemobappandroid OR user_mau.1511.topfacemobappios OR user_mau.1511.topface OR user_mau.1511.standalonetf)",0
"2017-02-01 00:00:00","first_app:topface AND platform:vk","_exists_:(user_mau.1512.topfacemobappandroid OR user_mau.1512.topfacemobappios OR user_mau.1512.topface OR user_mau.1512.standalonetf)",0
"2017-02-01 00:00:00","first_app:topface AND platform:vk","_exists_:(user_mau.1601.topfacemobappandroid OR user_mau.1601.topfacemobappios OR user_mau.1601.topface OR user_mau.1601.standalonetf)",0
"2017-02-01 00:00:00","first_app:topface AND platform:vk","_exists_:(user_mau.1602.topfacemobappandroid OR user_mau.1602.topfacemobappios OR user_mau.1602.topface OR user_mau.1602.standalonetf)",0
"2017-02-01 00:00:00","first_app:topface AND platform:vk","_exists_:(user_mau.1603.topfacemobappandroid OR user_mau.1603.topfacemobappios OR user_mau.1603.topface OR user_mau.1603.standalonetf)",0
"2017-02-01 00:00:00","first_app:topface AND platform:vk","_exists_:(user_mau.1604.topfacemobappandroid OR user_mau.1604.topfacemobappios OR user_mau.1604.topface OR user_mau.1604.standalonetf)",0
"2017-02-01 00:00:00","first_app:topface AND platform:vk","_exists_:(user_mau.1605.topfacemobappandroid OR user_mau.1605.topfacemobappios OR user_mau.1605.topface OR user_mau.1605.standalonetf)",0
"2017-02-01 00:00:00","first_app:topface AND platform:vk","_exists_:(user_mau.1606.topfacemobappandroid OR user_mau.1606.topfacemobappios OR user_mau.1606.topface OR user_mau.1606.standalonetf)",0
"2017-02-01 00:00:00","first_app:topface AND platform:vk","_exists_:(user_mau.1607.topfacemobappandroid OR user_mau.1607.topfacemobappios OR user_mau.1607.topface OR user_mau.1607.standalonetf)",0
"2017-02-01 00:00:00","first_app:topface AND platform:vk","_exists_:(user_mau.1608.topfacemobappandroid OR user_mau.1608.topfacemobappios OR user_mau.1608.topface OR user_mau.1608.standalonetf)",0
"2017-02-01 00:00:00","first_app:topface AND platform:vk","_exists_:(user_mau.1609.topfacemobappandroid OR user_mau.1609.topfacemobappios OR user_mau.1609.topface OR user_mau.1609.standalonetf)",0
"2017-02-01 00:00:00","first_app:topface AND platform:vk","_exists_:(user_mau.1610.topfacemobappandroid OR user_mau.1610.topfacemobappios OR user_mau.1610.topface OR user_mau.1610.standalonetf)",0
"2017-02-01 00:00:00","first_app:topface AND platform:vk","_exists_:(user_mau.1611.topfacemobappandroid OR user_mau.1611.topfacemobappios OR user_mau.1611.topface OR user_mau.1611.standalonetf)",0
"2017-02-01 00:00:00","first_app:topface AND platform:vk","_exists_:(user_mau.1612.topfacemobappandroid OR user_mau.1612.topfacemobappios OR user_mau.1612.topface OR user_mau.1612.standalonetf)",0
"2017-02-01 00:00:00","first_app:topface AND platform:vk","_exists_:(user_mau.1701.topfacemobappandroid OR user_mau.1701.topfacemobappios OR user_mau.1701.topface OR user_mau.1701.standalonetf)",0
"2017-02-01 00:00:00","first_app:topface AND platform:vk","_exists_:(user_mau.1702.topfacemobappandroid OR user_mau.1702.topfacemobappios OR user_mau.1702.topface OR user_mau.1702.standalonetf)",77
"2017-02-01 00:00:00","first_app:topface AND platform:vk","_exists_:(user_mau.1703.topfacemobappandroid OR user_mau.1703.topfacemobappios OR user_mau.1703.topface OR user_mau.1703.standalonetf)",31
"2017-02-01 00:00:00","first_app:topface AND platform:vk","_exists_:(user_mau.1704.topfacemobappandroid OR user_mau.1704.topfacemobappios OR user_mau.1704.topface OR user_mau.1704.standalonetf)",17
"2017-02-01 00:00:00","first_app:topface AND platform:vk","_exists_:(user_mau.1705.topfacemobappandroid OR user_mau.1705.topfacemobappios OR user_mau.1705.topface OR user_mau.1705.standalonetf)",14
"2017-02-01 00:00:00","first_app:topface AND platform:vk","_exists_:(user_mau.1706.topfacemobappandroid OR user_mau.1706.topfacemobappios OR user_mau.1706.topface OR user_mau.1706.standalonetf)",15
"2017-02-01 00:00:00","first_app:topface AND platform:vk","_exists_:(user_mau.1707.topfacemobappandroid OR user_mau.1707.topfacemobappios OR user_mau.1707.topface OR user_mau.1707.standalonetf)",10
"2017-02-01 00:00:00","first_app:topface AND platform:vk","_exists_:(user_mau.1708.topfacemobappandroid OR user_mau.1708.topfacemobappios OR user_mau.1708.topface OR user_mau.1708.standalonetf)",9
"2017-02-01 00:00:00","first_app:topface AND platform:vk","_exists_:(user_mau.1709.topfacemobappandroid OR user_mau.1709.topfacemobappios OR user_mau.1709.topface OR user_mau.1709.standalonetf)",7
"2017-02-01 00:00:00","first_app:topface AND platform:vk","_exists_:(user_mau.1710.topfacemobappandroid OR user_mau.1710.topfacemobappios OR user_mau.1710.topface OR user_mau.1710.standalonetf)",7
"2017-02-01 00:00:00","first_app:topface AND platform:vk","_exists_:(user_mau.1711.topfacemobappandroid OR user_mau.1711.topfacemobappios OR user_mau.1711.topface OR user_mau.1711.standalonetf)",7
"2017-02-01 00:00:00","first_app:topface AND platform:vk","_exists_:(user_mau.1712.topfacemobappandroid OR user_mau.1712.topfacemobappios OR user_mau.1712.topface OR user_mau.1712.standalonetf)",9
"2017-02-01 00:00:00","first_app:topface AND platform:vk","_exists_:(user_mau.1801.topfacemobappandroid OR user_mau.1801.topfacemobappios OR user_mau.1801.topface OR user_mau.1801.standalonetf)",6
"2017-02-01 00:00:00","first_app:topface AND platform:vk","_exists_:(user_mau.1802.topfacemobappandroid OR user_mau.1802.topfacemobappios OR user_mau.1802.topface OR user_mau.1802.standalonetf)",5
"2017-02-01 00:00:00","first_app:topface AND platform:ok","*",12
"2017-02-01 00:00:00","first_app:topface AND platform:ok","_exists_:(user_mau.1501.topfacemobappandroid OR user_mau.1501.topfacemobappios OR user_mau.1501.topface OR user_mau.1501.standalonetf)",0
"2017-02-01 00:00:00","first_app:topface AND platform:ok","_exists_:(user_mau.1502.topfacemobappandroid OR user_mau.1502.topfacemobappios OR user_mau.1502.topface OR user_mau.1502.standalonetf)",0
"2017-02-01 00:00:00","first_app:topface AND platform:ok","_exists_:(user_mau.1503.topfacemobappandroid OR user_mau.1503.topfacemobappios OR user_mau.1503.topface OR user_mau.1503.standalonetf)",0
"2017-02-01 00:00:00","first_app:topface AND platform:ok","_exists_:(user_mau.1504.topfacemobappandroid OR user_mau.1504.topfacemobappios OR user_mau.1504.topface OR user_mau.1504.standalonetf)",0
"2017-02-01 00:00:00","first_app:topface AND platform:ok","_exists_:(user_mau.1505.topfacemobappandroid OR user_mau.1505.topfacemobappios OR user_mau.1505.topface OR user_mau.1505.standalonetf)",0
"2017-02-01 00:00:00","first_app:topface AND platform:ok","_exists_:(user_mau.1506.topfacemobappandroid OR user_mau.1506.topfacemobappios OR user_mau.1506.topface OR user_mau.1506.standalonetf)",0
"2017-02-01 00:00:00","first_app:topface AND platform:ok","_exists_:(user_mau.1507.topfacemobappandroid OR user_mau.1507.topfacemobappios OR user_mau.1507.topface OR user_mau.1507.standalonetf)",0
"2017-02-01 00:00:00","first_app:topface AND platform:ok","_exists_:(user_mau.1508.topfacemobappandroid OR user_mau.1508.topfacemobappios OR user_mau.1508.topface OR user_mau.1508.standalonetf)",0
"2017-02-01 00:00:00","first_app:topface AND platform:ok","_exists_:(user_mau.1509.topfacemobappandroid OR user_mau.1509.topfacemobappios OR user_mau.1509.topface OR user_mau.1509.standalonetf)",0
"2017-02-01 00:00:00","first_app:topface AND platform:ok","_exists_:(user_mau.1510.topfacemobappandroid OR user_mau.1510.topfacemobappios OR user_mau.1510.topface OR user_mau.1510.standalonetf)",0
"2017-02-01 00:00:00","first_app:topface AND platform:ok","_exists_:(user_mau.1511.topfacemobappandroid OR user_mau.1511.topfacemobappios OR user_mau.1511.topface OR user_mau.1511.standalonetf)",0
"2017-02-01 00:00:00","first_app:topface AND platform:ok","_exists_:(user_mau.1512.topfacemobappandroid OR user_mau.1512.topfacemobappios OR user_mau.1512.topface OR user_mau.1512.standalonetf)",0
"2017-02-01 00:00:00","first_app:topface AND platform:ok","_exists_:(user_mau.1601.topfacemobappandroid OR user_mau.1601.topfacemobappios OR user_mau.1601.topface OR user_mau.1601.standalonetf)",0
"2017-02-01 00:00:00","first_app:topface AND platform:ok","_exists_:(user_mau.1602.topfacemobappandroid OR user_mau.1602.topfacemobappios OR user_mau.1602.topface OR user_mau.1602.standalonetf)",0
"2017-02-01 00:00:00","first_app:topface AND platform:ok","_exists_:(user_mau.1603.topfacemobappandroid OR user_mau.1603.topfacemobappios OR user_mau.1603.topface OR user_mau.1603.standalonetf)",0
"2017-02-01 00:00:00","first_app:topface AND platform:ok","_exists_:(user_mau.1604.topfacemobappandroid OR user_mau.1604.topfacemobappios OR user_mau.1604.topface OR user_mau.1604.standalonetf)",0
"2017-02-01 00:00:00","first_app:topface AND platform:ok","_exists_:(user_mau.1605.topfacemobappandroid OR user_mau.1605.topfacemobappios OR user_mau.1605.topface OR user_mau.1605.standalonetf)",0
"2017-02-01 00:00:00","first_app:topface AND platform:ok","_exists_:(user_mau.1606.topfacemobappandroid OR user_mau.1606.topfacemobappios OR user_mau.1606.topface OR user_mau.1606.standalonetf)",0
"2017-02-01 00:00:00","first_app:topface AND platform:ok","_exists_:(user_mau.1607.topfacemobappandroid OR user_mau.1607.topfacemobappios OR user_mau.1607.topface OR user_mau.1607.standalonetf)",0
"2017-02-01 00:00:00","first_app:topface AND platform:ok","_exists_:(user_mau.1608.topfacemobappandroid OR user_mau.1608.topfacemobappios OR user_mau.1608.topface OR user_mau.1608.standalonetf)",0
"2017-02-01 00:00:00","first_app:topface AND platform:ok","_exists_:(user_mau.1609.topfacemobappandroid OR user_mau.1609.topfacemobappios OR user_mau.1609.topface OR user_mau.1609.standalonetf)",0
"2017-02-01 00:00:00","first_app:topface AND platform:ok","_exists_:(user_mau.1610.topfacemobappandroid OR user_mau.1610.topfacemobappios OR user_mau.1610.topface OR user_mau.1610.standalonetf)",0
"2017-02-01 00:00:00","first_app:topface AND platform:ok","_exists_:(user_mau.1611.topfacemobappandroid OR user_mau.1611.topfacemobappios OR user_mau.1611.topface OR user_mau.1611.standalonetf)",0
"2017-02-01 00:00:00","first_app:topface AND platform:ok","_exists_:(user_mau.1612.topfacemobappandroid OR user_mau.1612.topfacemobappios OR user_mau.1612.topface OR user_mau.1612.standalonetf)",0
"2017-02-01 00:00:00","first_app:topface AND platform:ok","_exists_:(user_mau.1701.topfacemobappandroid OR user_mau.1701.topfacemobappios OR user_mau.1701.topface OR user_mau.1701.standalonetf)",0
"2017-02-01 00:00:00","first_app:topface AND platform:ok","_exists_:(user_mau.1702.topfacemobappandroid OR user_mau.1702.topfacemobappios OR user_mau.1702.topface OR user_mau.1702.standalonetf)",12
"2017-02-01 00:00:00","first_app:topface AND platform:ok","_exists_:(user_mau.1703.topfacemobappandroid OR user_mau.1703.topfacemobappios OR user_mau.1703.topface OR user_mau.1703.standalonetf)",3
"2017-02-01 00:00:00","first_app:topface AND platform:ok","_exists_:(user_mau.1704.topfacemobappandroid OR user_mau.1704.topfacemobappios OR user_mau.1704.topface OR user_mau.1704.standalonetf)",2
"2017-02-01 00:00:00","first_app:topface AND platform:ok","_exists_:(user_mau.1705.topfacemobappandroid OR user_mau.1705.topfacemobappios OR user_mau.1705.topface OR user_mau.1705.standalonetf)",3
"2017-02-01 00:00:00","first_app:topface AND platform:ok","_exists_:(user_mau.1706.topfacemobappandroid OR user_mau.1706.topfacemobappios OR user_mau.1706.topface OR user_mau.1706.standalonetf)",1
"2017-02-01 00:00:00","first_app:topface AND platform:ok","_exists_:(user_mau.1707.topfacemobappandroid OR user_mau.1707.topfacemobappios OR user_mau.1707.topface OR user_mau.1707.standalonetf)",1
"2017-02-01 00:00:00","first_app:topface AND platform:ok","_exists_:(user_mau.1708.topfacemobappandroid OR user_mau.1708.topfacemobappios OR user_mau.1708.topface OR user_mau.1708.standalonetf)",1
"2017-02-01 00:00:00","first_app:topface AND platform:ok","_exists_:(user_mau.1709.topfacemobappandroid OR user_mau.1709.topfacemobappios OR user_mau.1709.topface OR user_mau.1709.standalonetf)",2
"2017-02-01 00:00:00","first_app:topface AND platform:ok","_exists_:(user_mau.1710.topfacemobappandroid OR user_mau.1710.topfacemobappios OR user_mau.1710.topface OR user_mau.1710.standalonetf)",1
"2017-02-01 00:00:00","first_app:topface AND platform:ok","_exists_:(user_mau.1711.topfacemobappandroid OR user_mau.1711.topfacemobappios OR user_mau.1711.topface OR user_mau.1711.standalonetf)",2
"2017-02-01 00:00:00","first_app:topface AND platform:ok","_exists_:(user_mau.1712.topfacemobappandroid OR user_mau.1712.topfacemobappios OR user_mau.1712.topface OR user_mau.1712.standalonetf)",2
"2017-02-01 00:00:00","first_app:topface AND platform:ok","_exists_:(user_mau.1801.topfacemobappandroid OR user_mau.1801.topfacemobappios OR user_mau.1801.topface OR user_mau.1801.standalonetf)",2
"2017-02-01 00:00:00","first_app:topface AND platform:ok","_exists_:(user_mau.1802.topfacemobappandroid OR user_mau.1802.topfacemobappios OR user_mau.1802.topface OR user_mau.1802.standalonetf)",1
"2017-02-01 00:00:00","first_app:topface AND platform:fb","*",5
"2017-02-01 00:00:00","first_app:topface AND platform:fb","_exists_:(user_mau.1501.topfacemobappandroid OR user_mau.1501.topfacemobappios OR user_mau.1501.topface OR user_mau.1501.standalonetf)",0
"2017-02-01 00:00:00","first_app:topface AND platform:fb","_exists_:(user_mau.1502.topfacemobappandroid OR user_mau.1502.topfacemobappios OR user_mau.1502.topface OR user_mau.1502.standalonetf)",0
"2017-02-01 00:00:00","first_app:topface AND platform:fb","_exists_:(user_mau.1503.topfacemobappandroid OR user_mau.1503.topfacemobappios OR user_mau.1503.topface OR user_mau.1503.standalonetf)",0
"2017-02-01 00:00:00","first_app:topface AND platform:fb","_exists_:(user_mau.1504.topfacemobappandroid OR user_mau.1504.topfacemobappios OR user_mau.1504.topface OR user_mau.1504.standalonetf)",0
"2017-02-01 00:00:00","first_app:topface AND platform:fb","_exists_:(user_mau.1505.topfacemobappandroid OR user_mau.1505.topfacemobappios OR user_mau.1505.topface OR user_mau.1505.standalonetf)",0
"2017-02-01 00:00:00","first_app:topface AND platform:fb","_exists_:(user_mau.1506.topfacemobappandroid OR user_mau.1506.topfacemobappios OR user_mau.1506.topface OR user_mau.1506.standalonetf)",0
"2017-02-01 00:00:00","first_app:topface AND platform:fb","_exists_:(user_mau.1507.topfacemobappandroid OR user_mau.1507.topfacemobappios OR user_mau.1507.topface OR user_mau.1507.standalonetf)",0
"2017-02-01 00:00:00","first_app:topface AND platform:fb","_exists_:(user_mau.1508.topfacemobappandroid OR user_mau.1508.topfacemobappios OR user_mau.1508.topface OR user_mau.1508.standalonetf)",0
"2017-02-01 00:00:00","first_app:topface AND platform:fb","_exists_:(user_mau.1509.topfacemobappandroid OR user_mau.1509.topfacemobappios OR user_mau.1509.topface OR user_mau.1509.standalonetf)",0
"2017-02-01 00:00:00","first_app:topface AND platform:fb","_exists_:(user_mau.1510.topfacemobappandroid OR user_mau.1510.topfacemobappios OR user_mau.1510.topface OR user_mau.1510.standalonetf)",0
"2017-02-01 00:00:00","first_app:topface AND platform:fb","_exists_:(user_mau.1511.topfacemobappandroid OR user_mau.1511.topfacemobappios OR user_mau.1511.topface OR user_mau.1511.standalonetf)",0
"2017-02-01 00:00:00","first_app:topface AND platform:fb","_exists_:(user_mau.1512.topfacemobappandroid OR user_mau.1512.topfacemobappios OR user_mau.1512.topface OR user_mau.1512.standalonetf)",0
"2017-02-01 00:00:00","first_app:topface AND platform:fb","_exists_:(user_mau.1601.topfacemobappandroid OR user_mau.1601.topfacemobappios OR user_mau.1601.topface OR user_mau.1601.standalonetf)",0
"2017-02-01 00:00:00","first_app:topface AND platform:fb","_exists_:(user_mau.1602.topfacemobappandroid OR user_mau.1602.topfacemobappios OR user_mau.1602.topface OR user_mau.1602.standalonetf)",0
"2017-02-01 00:00:00","first_app:topface AND platform:fb","_exists_:(user_mau.1603.topfacemobappandroid OR user_mau.1603.topfacemobappios OR user_mau.1603.topface OR user_mau.1603.standalonetf)",0
"2017-02-01 00:00:00","first_app:topface AND platform:fb","_exists_:(user_mau.1604.topfacemobappandroid OR user_mau.1604.topfacemobappios OR user_mau.1604.topface OR user_mau.1604.standalonetf)",0
"2017-02-01 00:00:00","first_app:topface AND platform:fb","_exists_:(user_mau.1605.topfacemobappandroid OR user_mau.1605.topfacemobappios OR user_mau.1605.topface OR user_mau.1605.standalonetf)",0
"2017-02-01 00:00:00","first_app:topface AND platform:fb","_exists_:(user_mau.1606.topfacemobappandroid OR user_mau.1606.topfacemobappios OR user_mau.1606.topface OR user_mau.1606.standalonetf)",0
"2017-02-01 00:00:00","first_app:topface AND platform:fb","_exists_:(user_mau.1607.topfacemobappandroid OR user_mau.1607.topfacemobappios OR user_mau.1607.topface OR user_mau.1607.standalonetf)",0
"2017-02-01 00:00:00","first_app:topface AND platform:fb","_exists_:(user_mau.1608.topfacemobappandroid OR user_mau.1608.topfacemobappios OR user_mau.1608.topface OR user_mau.1608.standalonetf)",0
"2017-02-01 00:00:00","first_app:topface AND platform:fb","_exists_:(user_mau.1609.topfacemobappandroid OR user_mau.1609.topfacemobappios OR user_mau.1609.topface OR user_mau.1609.standalonetf)",0
"2017-02-01 00:00:00","first_app:topface AND platform:fb","_exists_:(user_mau.1610.topfacemobappandroid OR user_mau.1610.topfacemobappios OR user_mau.1610.topface OR user_mau.1610.standalonetf)",0
"2017-02-01 00:00:00","first_app:topface AND platform:fb","_exists_:(user_mau.1611.topfacemobappandroid OR user_mau.1611.topfacemobappios OR user_mau.1611.topface OR user_mau.1611.standalonetf)",0
"2017-02-01 00:00:00","first_app:topface AND platform:fb","_exists_:(user_mau.1612.topfacemobappandroid OR user_mau.1612.topfacemobappios OR user_mau.1612.topface OR user_mau.1612.standalonetf)",0
"2017-02-01 00:00:00","first_app:topface AND platform:fb","_exists_:(user_mau.1701.topfacemobappandroid OR user_mau.1701.topfacemobappios OR user_mau.1701.topface OR user_mau.1701.standalonetf)",0
"2017-02-01 00:00:00","first_app:topface AND platform:fb","_exists_:(user_mau.1702.topfacemobappandroid OR user_mau.1702.topfacemobappios OR user_mau.1702.topface OR user_mau.1702.standalonetf)",5
"2017-02-01 00:00:00","first_app:topface AND platform:fb","_exists_:(user_mau.1703.topfacemobappandroid OR user_mau.1703.topfacemobappios OR user_mau.1703.topface OR user_mau.1703.standalonetf)",1
"2017-02-01 00:00:00","first_app:topface AND platform:fb","_exists_:(user_mau.1704.topfacemobappandroid OR user_mau.1704.topfacemobappios OR user_mau.1704.topface OR user_mau.1704.standalonetf)",0
"2017-02-01 00:00:00","first_app:topface AND platform:fb","_exists_:(user_mau.1705.topfacemobappandroid OR user_mau.1705.topfacemobappios OR user_mau.1705.topface OR user_mau.1705.standalonetf)",2
"2017-02-01 00:00:00","first_app:topface AND platform:fb","_exists_:(user_mau.1706.topfacemobappandroid OR user_mau.1706.topfacemobappios OR user_mau.1706.topface OR user_mau.1706.standalonetf)",0
"2017-02-01 00:00:00","first_app:topface AND platform:fb","_exists_:(user_mau.1707.topfacemobappandroid OR user_mau.1707.topfacemobappios OR user_mau.1707.topface OR user_mau.1707.standalonetf)",0
"2017-02-01 00:00:00","first_app:topface AND platform:fb","_exists_:(user_mau.1708.topfacemobappandroid OR user_mau.1708.topfacemobappios OR user_mau.1708.topface OR user_mau.1708.standalonetf)",0
"2017-02-01 00:00:00","first_app:topface AND platform:fb","_exists_:(user_mau.1709.topfacemobappandroid OR user_mau.1709.topfacemobappios OR user_mau.1709.topface OR user_mau.1709.standalonetf)",1
"2017-02-01 00:00:00","first_app:topface AND platform:fb","_exists_:(user_mau.1710.topfacemobappandroid OR user_mau.1710.topfacemobappios OR user_mau.1710.topface OR user_mau.1710.standalonetf)",0
"2017-02-01 00:00:00","first_app:topface AND platform:fb","_exists_:(user_mau.1711.topfacemobappandroid OR user_mau.1711.topfacemobappios OR user_mau.1711.topface OR user_mau.1711.standalonetf)",0
"2017-02-01 00:00:00","first_app:topface AND platform:fb","_exists_:(user_mau.1712.topfacemobappandroid OR user_mau.1712.topfacemobappios OR user_mau.1712.topface OR user_mau.1712.standalonetf)",0
"2017-02-01 00:00:00","first_app:topface AND platform:fb","_exists_:(user_mau.1801.topfacemobappandroid OR user_mau.1801.topfacemobappios OR user_mau.1801.topface OR user_mau.1801.standalonetf)",0
"2017-02-01 00:00:00","first_app:topface AND platform:fb","_exists_:(user_mau.1802.topfacemobappandroid OR user_mau.1802.topfacemobappios OR user_mau.1802.topface OR user_mau.1802.standalonetf)",0
"2017-03-01 00:00:00","first_app:topfacemobappandroid","*","80,617"
"2017-03-01 00:00:00","first_app:topfacemobappandroid","_exists_:(user_mau.1501.topfacemobappandroid OR user_mau.1501.topfacemobappios OR user_mau.1501.topface OR user_mau.1501.standalonetf)",0
"2017-03-01 00:00:00","first_app:topfacemobappandroid","_exists_:(user_mau.1502.topfacemobappandroid OR user_mau.1502.topfacemobappios OR user_mau.1502.topface OR user_mau.1502.standalonetf)",0
"2017-03-01 00:00:00","first_app:topfacemobappandroid","_exists_:(user_mau.1503.topfacemobappandroid OR user_mau.1503.topfacemobappios OR user_mau.1503.topface OR user_mau.1503.standalonetf)",0
"2017-03-01 00:00:00","first_app:topfacemobappandroid","_exists_:(user_mau.1504.topfacemobappandroid OR user_mau.1504.topfacemobappios OR user_mau.1504.topface OR user_mau.1504.standalonetf)",0
"2017-03-01 00:00:00","first_app:topfacemobappandroid","_exists_:(user_mau.1505.topfacemobappandroid OR user_mau.1505.topfacemobappios OR user_mau.1505.topface OR user_mau.1505.standalonetf)",0
"2017-03-01 00:00:00","first_app:topfacemobappandroid","_exists_:(user_mau.1506.topfacemobappandroid OR user_mau.1506.topfacemobappios OR user_mau.1506.topface OR user_mau.1506.standalonetf)",0
"2017-03-01 00:00:00","first_app:topfacemobappandroid","_exists_:(user_mau.1507.topfacemobappandroid OR user_mau.1507.topfacemobappios OR user_mau.1507.topface OR user_mau.1507.standalonetf)",0
"2017-03-01 00:00:00","first_app:topfacemobappandroid","_exists_:(user_mau.1508.topfacemobappandroid OR user_mau.1508.topfacemobappios OR user_mau.1508.topface OR user_mau.1508.standalonetf)",0
"2017-03-01 00:00:00","first_app:topfacemobappandroid","_exists_:(user_mau.1509.topfacemobappandroid OR user_mau.1509.topfacemobappios OR user_mau.1509.topface OR user_mau.1509.standalonetf)",0
"2017-03-01 00:00:00","first_app:topfacemobappandroid","_exists_:(user_mau.1510.topfacemobappandroid OR user_mau.1510.topfacemobappios OR user_mau.1510.topface OR user_mau.1510.standalonetf)",0
"2017-03-01 00:00:00","first_app:topfacemobappandroid","_exists_:(user_mau.1511.topfacemobappandroid OR user_mau.1511.topfacemobappios OR user_mau.1511.topface OR user_mau.1511.standalonetf)",0
"2017-03-01 00:00:00","first_app:topfacemobappandroid","_exists_:(user_mau.1512.topfacemobappandroid OR user_mau.1512.topfacemobappios OR user_mau.1512.topface OR user_mau.1512.standalonetf)",0
"2017-03-01 00:00:00","first_app:topfacemobappandroid","_exists_:(user_mau.1601.topfacemobappandroid OR user_mau.1601.topfacemobappios OR user_mau.1601.topface OR user_mau.1601.standalonetf)",0
"2017-03-01 00:00:00","first_app:topfacemobappandroid","_exists_:(user_mau.1602.topfacemobappandroid OR user_mau.1602.topfacemobappios OR user_mau.1602.topface OR user_mau.1602.standalonetf)",0
"2017-03-01 00:00:00","first_app:topfacemobappandroid","_exists_:(user_mau.1603.topfacemobappandroid OR user_mau.1603.topfacemobappios OR user_mau.1603.topface OR user_mau.1603.standalonetf)",0
"2017-03-01 00:00:00","first_app:topfacemobappandroid","_exists_:(user_mau.1604.topfacemobappandroid OR user_mau.1604.topfacemobappios OR user_mau.1604.topface OR user_mau.1604.standalonetf)",0
"2017-03-01 00:00:00","first_app:topfacemobappandroid","_exists_:(user_mau.1605.topfacemobappandroid OR user_mau.1605.topfacemobappios OR user_mau.1605.topface OR user_mau.1605.standalonetf)",0
"2017-03-01 00:00:00","first_app:topfacemobappandroid","_exists_:(user_mau.1606.topfacemobappandroid OR user_mau.1606.topfacemobappios OR user_mau.1606.topface OR user_mau.1606.standalonetf)",0
"2017-03-01 00:00:00","first_app:topfacemobappandroid","_exists_:(user_mau.1607.topfacemobappandroid OR user_mau.1607.topfacemobappios OR user_mau.1607.topface OR user_mau.1607.standalonetf)",0
"2017-03-01 00:00:00","first_app:topfacemobappandroid","_exists_:(user_mau.1608.topfacemobappandroid OR user_mau.1608.topfacemobappios OR user_mau.1608.topface OR user_mau.1608.standalonetf)",0
"2017-03-01 00:00:00","first_app:topfacemobappandroid","_exists_:(user_mau.1609.topfacemobappandroid OR user_mau.1609.topfacemobappios OR user_mau.1609.topface OR user_mau.1609.standalonetf)",0
"2017-03-01 00:00:00","first_app:topfacemobappandroid","_exists_:(user_mau.1610.topfacemobappandroid OR user_mau.1610.topfacemobappios OR user_mau.1610.topface OR user_mau.1610.standalonetf)",0
"2017-03-01 00:00:00","first_app:topfacemobappandroid","_exists_:(user_mau.1611.topfacemobappandroid OR user_mau.1611.topfacemobappios OR user_mau.1611.topface OR user_mau.1611.standalonetf)",0
"2017-03-01 00:00:00","first_app:topfacemobappandroid","_exists_:(user_mau.1612.topfacemobappandroid OR user_mau.1612.topfacemobappios OR user_mau.1612.topface OR user_mau.1612.standalonetf)",0
"2017-03-01 00:00:00","first_app:topfacemobappandroid","_exists_:(user_mau.1701.topfacemobappandroid OR user_mau.1701.topfacemobappios OR user_mau.1701.topface OR user_mau.1701.standalonetf)",0
"2017-03-01 00:00:00","first_app:topfacemobappandroid","_exists_:(user_mau.1702.topfacemobappandroid OR user_mau.1702.topfacemobappios OR user_mau.1702.topface OR user_mau.1702.standalonetf)",0
"2017-03-01 00:00:00","first_app:topfacemobappandroid","_exists_:(user_mau.1703.topfacemobappandroid OR user_mau.1703.topfacemobappios OR user_mau.1703.topface OR user_mau.1703.standalonetf)","80,617"
"2017-03-01 00:00:00","first_app:topfacemobappandroid","_exists_:(user_mau.1704.topfacemobappandroid OR user_mau.1704.topfacemobappios OR user_mau.1704.topface OR user_mau.1704.standalonetf)","13,790"
"2017-03-01 00:00:00","first_app:topfacemobappandroid","_exists_:(user_mau.1705.topfacemobappandroid OR user_mau.1705.topfacemobappios OR user_mau.1705.topface OR user_mau.1705.standalonetf)","7,706"
"2017-03-01 00:00:00","first_app:topfacemobappandroid","_exists_:(user_mau.1706.topfacemobappandroid OR user_mau.1706.topfacemobappios OR user_mau.1706.topface OR user_mau.1706.standalonetf)","5,462"
"2017-03-01 00:00:00","first_app:topfacemobappandroid","_exists_:(user_mau.1707.topfacemobappandroid OR user_mau.1707.topfacemobappios OR user_mau.1707.topface OR user_mau.1707.standalonetf)","4,413"
"2017-03-01 00:00:00","first_app:topfacemobappandroid","_exists_:(user_mau.1708.topfacemobappandroid OR user_mau.1708.topfacemobappios OR user_mau.1708.topface OR user_mau.1708.standalonetf)","3,981"
"2017-03-01 00:00:00","first_app:topfacemobappandroid","_exists_:(user_mau.1709.topfacemobappandroid OR user_mau.1709.topfacemobappios OR user_mau.1709.topface OR user_mau.1709.standalonetf)","3,598"
"2017-03-01 00:00:00","first_app:topfacemobappandroid","_exists_:(user_mau.1710.topfacemobappandroid OR user_mau.1710.topfacemobappios OR user_mau.1710.topface OR user_mau.1710.standalonetf)","3,323"
"2017-03-01 00:00:00","first_app:topfacemobappandroid","_exists_:(user_mau.1711.topfacemobappandroid OR user_mau.1711.topfacemobappios OR user_mau.1711.topface OR user_mau.1711.standalonetf)","2,811"
"2017-03-01 00:00:00","first_app:topfacemobappandroid","_exists_:(user_mau.1712.topfacemobappandroid OR user_mau.1712.topfacemobappios OR user_mau.1712.topface OR user_mau.1712.standalonetf)","2,457"
"2017-03-01 00:00:00","first_app:topfacemobappandroid","_exists_:(user_mau.1801.topfacemobappandroid OR user_mau.1801.topfacemobappios OR user_mau.1801.topface OR user_mau.1801.standalonetf)","1,839"
"2017-03-01 00:00:00","first_app:topfacemobappandroid","_exists_:(user_mau.1802.topfacemobappandroid OR user_mau.1802.topfacemobappios OR user_mau.1802.topface OR user_mau.1802.standalonetf)","1,605"
"2017-03-01 00:00:00","first_app:topfacemobappios","*","74,650"
"2017-03-01 00:00:00","first_app:topfacemobappios","_exists_:(user_mau.1501.topfacemobappandroid OR user_mau.1501.topfacemobappios OR user_mau.1501.topface OR user_mau.1501.standalonetf)",0
"2017-03-01 00:00:00","first_app:topfacemobappios","_exists_:(user_mau.1502.topfacemobappandroid OR user_mau.1502.topfacemobappios OR user_mau.1502.topface OR user_mau.1502.standalonetf)",0
"2017-03-01 00:00:00","first_app:topfacemobappios","_exists_:(user_mau.1503.topfacemobappandroid OR user_mau.1503.topfacemobappios OR user_mau.1503.topface OR user_mau.1503.standalonetf)",0
"2017-03-01 00:00:00","first_app:topfacemobappios","_exists_:(user_mau.1504.topfacemobappandroid OR user_mau.1504.topfacemobappios OR user_mau.1504.topface OR user_mau.1504.standalonetf)",0
"2017-03-01 00:00:00","first_app:topfacemobappios","_exists_:(user_mau.1505.topfacemobappandroid OR user_mau.1505.topfacemobappios OR user_mau.1505.topface OR user_mau.1505.standalonetf)",0
"2017-03-01 00:00:00","first_app:topfacemobappios","_exists_:(user_mau.1506.topfacemobappandroid OR user_mau.1506.topfacemobappios OR user_mau.1506.topface OR user_mau.1506.standalonetf)",0
"2017-03-01 00:00:00","first_app:topfacemobappios","_exists_:(user_mau.1507.topfacemobappandroid OR user_mau.1507.topfacemobappios OR user_mau.1507.topface OR user_mau.1507.standalonetf)",0
"2017-03-01 00:00:00","first_app:topfacemobappios","_exists_:(user_mau.1508.topfacemobappandroid OR user_mau.1508.topfacemobappios OR user_mau.1508.topface OR user_mau.1508.standalonetf)",0
"2017-03-01 00:00:00","first_app:topfacemobappios","_exists_:(user_mau.1509.topfacemobappandroid OR user_mau.1509.topfacemobappios OR user_mau.1509.topface OR user_mau.1509.standalonetf)",0
"2017-03-01 00:00:00","first_app:topfacemobappios","_exists_:(user_mau.1510.topfacemobappandroid OR user_mau.1510.topfacemobappios OR user_mau.1510.topface OR user_mau.1510.standalonetf)",0
"2017-03-01 00:00:00","first_app:topfacemobappios","_exists_:(user_mau.1511.topfacemobappandroid OR user_mau.1511.topfacemobappios OR user_mau.1511.topface OR user_mau.1511.standalonetf)",0
"2017-03-01 00:00:00","first_app:topfacemobappios","_exists_:(user_mau.1512.topfacemobappandroid OR user_mau.1512.topfacemobappios OR user_mau.1512.topface OR user_mau.1512.standalonetf)",0
"2017-03-01 00:00:00","first_app:topfacemobappios","_exists_:(user_mau.1601.topfacemobappandroid OR user_mau.1601.topfacemobappios OR user_mau.1601.topface OR user_mau.1601.standalonetf)",0
"2017-03-01 00:00:00","first_app:topfacemobappios","_exists_:(user_mau.1602.topfacemobappandroid OR user_mau.1602.topfacemobappios OR user_mau.1602.topface OR user_mau.1602.standalonetf)",0
"2017-03-01 00:00:00","first_app:topfacemobappios","_exists_:(user_mau.1603.topfacemobappandroid OR user_mau.1603.topfacemobappios OR user_mau.1603.topface OR user_mau.1603.standalonetf)",0
"2017-03-01 00:00:00","first_app:topfacemobappios","_exists_:(user_mau.1604.topfacemobappandroid OR user_mau.1604.topfacemobappios OR user_mau.1604.topface OR user_mau.1604.standalonetf)",0
"2017-03-01 00:00:00","first_app:topfacemobappios","_exists_:(user_mau.1605.topfacemobappandroid OR user_mau.1605.topfacemobappios OR user_mau.1605.topface OR user_mau.1605.standalonetf)",0
"2017-03-01 00:00:00","first_app:topfacemobappios","_exists_:(user_mau.1606.topfacemobappandroid OR user_mau.1606.topfacemobappios OR user_mau.1606.topface OR user_mau.1606.standalonetf)",0
"2017-03-01 00:00:00","first_app:topfacemobappios","_exists_:(user_mau.1607.topfacemobappandroid OR user_mau.1607.topfacemobappios OR user_mau.1607.topface OR user_mau.1607.standalonetf)",0
"2017-03-01 00:00:00","first_app:topfacemobappios","_exists_:(user_mau.1608.topfacemobappandroid OR user_mau.1608.topfacemobappios OR user_mau.1608.topface OR user_mau.1608.standalonetf)",0
"2017-03-01 00:00:00","first_app:topfacemobappios","_exists_:(user_mau.1609.topfacemobappandroid OR user_mau.1609.topfacemobappios OR user_mau.1609.topface OR user_mau.1609.standalonetf)",0
"2017-03-01 00:00:00","first_app:topfacemobappios","_exists_:(user_mau.1610.topfacemobappandroid OR user_mau.1610.topfacemobappios OR user_mau.1610.topface OR user_mau.1610.standalonetf)",0
"2017-03-01 00:00:00","first_app:topfacemobappios","_exists_:(user_mau.1611.topfacemobappandroid OR user_mau.1611.topfacemobappios OR user_mau.1611.topface OR user_mau.1611.standalonetf)",0
"2017-03-01 00:00:00","first_app:topfacemobappios","_exists_:(user_mau.1612.topfacemobappandroid OR user_mau.1612.topfacemobappios OR user_mau.1612.topface OR user_mau.1612.standalonetf)",0
"2017-03-01 00:00:00","first_app:topfacemobappios","_exists_:(user_mau.1701.topfacemobappandroid OR user_mau.1701.topfacemobappios OR user_mau.1701.topface OR user_mau.1701.standalonetf)",0
"2017-03-01 00:00:00","first_app:topfacemobappios","_exists_:(user_mau.1702.topfacemobappandroid OR user_mau.1702.topfacemobappios OR user_mau.1702.topface OR user_mau.1702.standalonetf)",0
"2017-03-01 00:00:00","first_app:topfacemobappios","_exists_:(user_mau.1703.topfacemobappandroid OR user_mau.1703.topfacemobappios OR user_mau.1703.topface OR user_mau.1703.standalonetf)","74,650"
"2017-03-01 00:00:00","first_app:topfacemobappios","_exists_:(user_mau.1704.topfacemobappandroid OR user_mau.1704.topfacemobappios OR user_mau.1704.topface OR user_mau.1704.standalonetf)","11,560"
"2017-03-01 00:00:00","first_app:topfacemobappios","_exists_:(user_mau.1705.topfacemobappandroid OR user_mau.1705.topfacemobappios OR user_mau.1705.topface OR user_mau.1705.standalonetf)","6,654"
"2017-03-01 00:00:00","first_app:topfacemobappios","_exists_:(user_mau.1706.topfacemobappandroid OR user_mau.1706.topfacemobappios OR user_mau.1706.topface OR user_mau.1706.standalonetf)","4,935"
"2017-03-01 00:00:00","first_app:topfacemobappios","_exists_:(user_mau.1707.topfacemobappandroid OR user_mau.1707.topfacemobappios OR user_mau.1707.topface OR user_mau.1707.standalonetf)","3,743"
"2017-03-01 00:00:00","first_app:topfacemobappios","_exists_:(user_mau.1708.topfacemobappandroid OR user_mau.1708.topfacemobappios OR user_mau.1708.topface OR user_mau.1708.standalonetf)","3,250"
"2017-03-01 00:00:00","first_app:topfacemobappios","_exists_:(user_mau.1709.topfacemobappandroid OR user_mau.1709.topfacemobappios OR user_mau.1709.topface OR user_mau.1709.standalonetf)","3,179"
"2017-03-01 00:00:00","first_app:topfacemobappios","_exists_:(user_mau.1710.topfacemobappandroid OR user_mau.1710.topfacemobappios OR user_mau.1710.topface OR user_mau.1710.standalonetf)","2,691"
"2017-03-01 00:00:00","first_app:topfacemobappios","_exists_:(user_mau.1711.topfacemobappandroid OR user_mau.1711.topfacemobappios OR user_mau.1711.topface OR user_mau.1711.standalonetf)","2,133"
"2017-03-01 00:00:00","first_app:topfacemobappios","_exists_:(user_mau.1712.topfacemobappandroid OR user_mau.1712.topfacemobappios OR user_mau.1712.topface OR user_mau.1712.standalonetf)","1,980"
"2017-03-01 00:00:00","first_app:topfacemobappios","_exists_:(user_mau.1801.topfacemobappandroid OR user_mau.1801.topfacemobappios OR user_mau.1801.topface OR user_mau.1801.standalonetf)","1,636"
"2017-03-01 00:00:00","first_app:topfacemobappios","_exists_:(user_mau.1802.topfacemobappandroid OR user_mau.1802.topfacemobappios OR user_mau.1802.topface OR user_mau.1802.standalonetf)","1,404"
"2017-03-01 00:00:00","first_app:standalonetf","*","1,882"
"2017-03-01 00:00:00","first_app:standalonetf","_exists_:(user_mau.1501.topfacemobappandroid OR user_mau.1501.topfacemobappios OR user_mau.1501.topface OR user_mau.1501.standalonetf)",0
"2017-03-01 00:00:00","first_app:standalonetf","_exists_:(user_mau.1502.topfacemobappandroid OR user_mau.1502.topfacemobappios OR user_mau.1502.topface OR user_mau.1502.standalonetf)",0
"2017-03-01 00:00:00","first_app:standalonetf","_exists_:(user_mau.1503.topfacemobappandroid OR user_mau.1503.topfacemobappios OR user_mau.1503.topface OR user_mau.1503.standalonetf)",0
"2017-03-01 00:00:00","first_app:standalonetf","_exists_:(user_mau.1504.topfacemobappandroid OR user_mau.1504.topfacemobappios OR user_mau.1504.topface OR user_mau.1504.standalonetf)",0
"2017-03-01 00:00:00","first_app:standalonetf","_exists_:(user_mau.1505.topfacemobappandroid OR user_mau.1505.topfacemobappios OR user_mau.1505.topface OR user_mau.1505.standalonetf)",0
"2017-03-01 00:00:00","first_app:standalonetf","_exists_:(user_mau.1506.topfacemobappandroid OR user_mau.1506.topfacemobappios OR user_mau.1506.topface OR user_mau.1506.standalonetf)",0
"2017-03-01 00:00:00","first_app:standalonetf","_exists_:(user_mau.1507.topfacemobappandroid OR user_mau.1507.topfacemobappios OR user_mau.1507.topface OR user_mau.1507.standalonetf)",0
"2017-03-01 00:00:00","first_app:standalonetf","_exists_:(user_mau.1508.topfacemobappandroid OR user_mau.1508.topfacemobappios OR user_mau.1508.topface OR user_mau.1508.standalonetf)",0
"2017-03-01 00:00:00","first_app:standalonetf","_exists_:(user_mau.1509.topfacemobappandroid OR user_mau.1509.topfacemobappios OR user_mau.1509.topface OR user_mau.1509.standalonetf)",0
"2017-03-01 00:00:00","first_app:standalonetf","_exists_:(user_mau.1510.topfacemobappandroid OR user_mau.1510.topfacemobappios OR user_mau.1510.topface OR user_mau.1510.standalonetf)",0
"2017-03-01 00:00:00","first_app:standalonetf","_exists_:(user_mau.1511.topfacemobappandroid OR user_mau.1511.topfacemobappios OR user_mau.1511.topface OR user_mau.1511.standalonetf)",0
"2017-03-01 00:00:00","first_app:standalonetf","_exists_:(user_mau.1512.topfacemobappandroid OR user_mau.1512.topfacemobappios OR user_mau.1512.topface OR user_mau.1512.standalonetf)",0
"2017-03-01 00:00:00","first_app:standalonetf","_exists_:(user_mau.1601.topfacemobappandroid OR user_mau.1601.topfacemobappios OR user_mau.1601.topface OR user_mau.1601.standalonetf)",0
"2017-03-01 00:00:00","first_app:standalonetf","_exists_:(user_mau.1602.topfacemobappandroid OR user_mau.1602.topfacemobappios OR user_mau.1602.topface OR user_mau.1602.standalonetf)",0
"2017-03-01 00:00:00","first_app:standalonetf","_exists_:(user_mau.1603.topfacemobappandroid OR user_mau.1603.topfacemobappios OR user_mau.1603.topface OR user_mau.1603.standalonetf)",0
"2017-03-01 00:00:00","first_app:standalonetf","_exists_:(user_mau.1604.topfacemobappandroid OR user_mau.1604.topfacemobappios OR user_mau.1604.topface OR user_mau.1604.standalonetf)",0
"2017-03-01 00:00:00","first_app:standalonetf","_exists_:(user_mau.1605.topfacemobappandroid OR user_mau.1605.topfacemobappios OR user_mau.1605.topface OR user_mau.1605.standalonetf)",0
"2017-03-01 00:00:00","first_app:standalonetf","_exists_:(user_mau.1606.topfacemobappandroid OR user_mau.1606.topfacemobappios OR user_mau.1606.topface OR user_mau.1606.standalonetf)",0
"2017-03-01 00:00:00","first_app:standalonetf","_exists_:(user_mau.1607.topfacemobappandroid OR user_mau.1607.topfacemobappios OR user_mau.1607.topface OR user_mau.1607.standalonetf)",0
"2017-03-01 00:00:00","first_app:standalonetf","_exists_:(user_mau.1608.topfacemobappandroid OR user_mau.1608.topfacemobappios OR user_mau.1608.topface OR user_mau.1608.standalonetf)",0
"2017-03-01 00:00:00","first_app:standalonetf","_exists_:(user_mau.1609.topfacemobappandroid OR user_mau.1609.topfacemobappios OR user_mau.1609.topface OR user_mau.1609.standalonetf)",0
"2017-03-01 00:00:00","first_app:standalonetf","_exists_:(user_mau.1610.topfacemobappandroid OR user_mau.1610.topfacemobappios OR user_mau.1610.topface OR user_mau.1610.standalonetf)",0
"2017-03-01 00:00:00","first_app:standalonetf","_exists_:(user_mau.1611.topfacemobappandroid OR user_mau.1611.topfacemobappios OR user_mau.1611.topface OR user_mau.1611.standalonetf)",0
"2017-03-01 00:00:00","first_app:standalonetf","_exists_:(user_mau.1612.topfacemobappandroid OR user_mau.1612.topfacemobappios OR user_mau.1612.topface OR user_mau.1612.standalonetf)",0
"2017-03-01 00:00:00","first_app:standalonetf","_exists_:(user_mau.1701.topfacemobappandroid OR user_mau.1701.topfacemobappios OR user_mau.1701.topface OR user_mau.1701.standalonetf)",0
"2017-03-01 00:00:00","first_app:standalonetf","_exists_:(user_mau.1702.topfacemobappandroid OR user_mau.1702.topfacemobappios OR user_mau.1702.topface OR user_mau.1702.standalonetf)",0
"2017-03-01 00:00:00","first_app:standalonetf","_exists_:(user_mau.1703.topfacemobappandroid OR user_mau.1703.topfacemobappios OR user_mau.1703.topface OR user_mau.1703.standalonetf)","1,689"
"2017-03-01 00:00:00","first_app:standalonetf","_exists_:(user_mau.1704.topfacemobappandroid OR user_mau.1704.topfacemobappios OR user_mau.1704.topface OR user_mau.1704.standalonetf)",354
"2017-03-01 00:00:00","first_app:standalonetf","_exists_:(user_mau.1705.topfacemobappandroid OR user_mau.1705.topfacemobappios OR user_mau.1705.topface OR user_mau.1705.standalonetf)",216
"2017-03-01 00:00:00","first_app:standalonetf","_exists_:(user_mau.1706.topfacemobappandroid OR user_mau.1706.topfacemobappios OR user_mau.1706.topface OR user_mau.1706.standalonetf)",164
"2017-03-01 00:00:00","first_app:standalonetf","_exists_:(user_mau.1707.topfacemobappandroid OR user_mau.1707.topfacemobappios OR user_mau.1707.topface OR user_mau.1707.standalonetf)",140
"2017-03-01 00:00:00","first_app:standalonetf","_exists_:(user_mau.1708.topfacemobappandroid OR user_mau.1708.topfacemobappios OR user_mau.1708.topface OR user_mau.1708.standalonetf)",114
"2017-03-01 00:00:00","first_app:standalonetf","_exists_:(user_mau.1709.topfacemobappandroid OR user_mau.1709.topfacemobappios OR user_mau.1709.topface OR user_mau.1709.standalonetf)",114
"2017-03-01 00:00:00","first_app:standalonetf","_exists_:(user_mau.1710.topfacemobappandroid OR user_mau.1710.topfacemobappios OR user_mau.1710.topface OR user_mau.1710.standalonetf)",94
"2017-03-01 00:00:00","first_app:standalonetf","_exists_:(user_mau.1711.topfacemobappandroid OR user_mau.1711.topfacemobappios OR user_mau.1711.topface OR user_mau.1711.standalonetf)",82
"2017-03-01 00:00:00","first_app:standalonetf","_exists_:(user_mau.1712.topfacemobappandroid OR user_mau.1712.topfacemobappios OR user_mau.1712.topface OR user_mau.1712.standalonetf)",65
"2017-03-01 00:00:00","first_app:standalonetf","_exists_:(user_mau.1801.topfacemobappandroid OR user_mau.1801.topfacemobappios OR user_mau.1801.topface OR user_mau.1801.standalonetf)",64
"2017-03-01 00:00:00","first_app:standalonetf","_exists_:(user_mau.1802.topfacemobappandroid OR user_mau.1802.topfacemobappios OR user_mau.1802.topface OR user_mau.1802.standalonetf)",53
"2017-03-01 00:00:00","first_app:topface AND platform:vk","*",65
"2017-03-01 00:00:00","first_app:topface AND platform:vk","_exists_:(user_mau.1501.topfacemobappandroid OR user_mau.1501.topfacemobappios OR user_mau.1501.topface OR user_mau.1501.standalonetf)",0
"2017-03-01 00:00:00","first_app:topface AND platform:vk","_exists_:(user_mau.1502.topfacemobappandroid OR user_mau.1502.topfacemobappios OR user_mau.1502.topface OR user_mau.1502.standalonetf)",0
"2017-03-01 00:00:00","first_app:topface AND platform:vk","_exists_:(user_mau.1503.topfacemobappandroid OR user_mau.1503.topfacemobappios OR user_mau.1503.topface OR user_mau.1503.standalonetf)",0
"2017-03-01 00:00:00","first_app:topface AND platform:vk","_exists_:(user_mau.1504.topfacemobappandroid OR user_mau.1504.topfacemobappios OR user_mau.1504.topface OR user_mau.1504.standalonetf)",0
"2017-03-01 00:00:00","first_app:topface AND platform:vk","_exists_:(user_mau.1505.topfacemobappandroid OR user_mau.1505.topfacemobappios OR user_mau.1505.topface OR user_mau.1505.standalonetf)",0
"2017-03-01 00:00:00","first_app:topface AND platform:vk","_exists_:(user_mau.1506.topfacemobappandroid OR user_mau.1506.topfacemobappios OR user_mau.1506.topface OR user_mau.1506.standalonetf)",0
"2017-03-01 00:00:00","first_app:topface AND platform:vk","_exists_:(user_mau.1507.topfacemobappandroid OR user_mau.1507.topfacemobappios OR user_mau.1507.topface OR user_mau.1507.standalonetf)",0
"2017-03-01 00:00:00","first_app:topface AND platform:vk","_exists_:(user_mau.1508.topfacemobappandroid OR user_mau.1508.topfacemobappios OR user_mau.1508.topface OR user_mau.1508.standalonetf)",0
"2017-03-01 00:00:00","first_app:topface AND platform:vk","_exists_:(user_mau.1509.topfacemobappandroid OR user_mau.1509.topfacemobappios OR user_mau.1509.topface OR user_mau.1509.standalonetf)",0
"2017-03-01 00:00:00","first_app:topface AND platform:vk","_exists_:(user_mau.1510.topfacemobappandroid OR user_mau.1510.topfacemobappios OR user_mau.1510.topface OR user_mau.1510.standalonetf)",0
"2017-03-01 00:00:00","first_app:topface AND platform:vk","_exists_:(user_mau.1511.topfacemobappandroid OR user_mau.1511.topfacemobappios OR user_mau.1511.topface OR user_mau.1511.standalonetf)",0
"2017-03-01 00:00:00","first_app:topface AND platform:vk","_exists_:(user_mau.1512.topfacemobappandroid OR user_mau.1512.topfacemobappios OR user_mau.1512.topface OR user_mau.1512.standalonetf)",0
"2017-03-01 00:00:00","first_app:topface AND platform:vk","_exists_:(user_mau.1601.topfacemobappandroid OR user_mau.1601.topfacemobappios OR user_mau.1601.topface OR user_mau.1601.standalonetf)",0
"2017-03-01 00:00:00","first_app:topface AND platform:vk","_exists_:(user_mau.1602.topfacemobappandroid OR user_mau.1602.topfacemobappios OR user_mau.1602.topface OR user_mau.1602.standalonetf)",0
"2017-03-01 00:00:00","first_app:topface AND platform:vk","_exists_:(user_mau.1603.topfacemobappandroid OR user_mau.1603.topfacemobappios OR user_mau.1603.topface OR user_mau.1603.standalonetf)",0
"2017-03-01 00:00:00","first_app:topface AND platform:vk","_exists_:(user_mau.1604.topfacemobappandroid OR user_mau.1604.topfacemobappios OR user_mau.1604.topface OR user_mau.1604.standalonetf)",0
"2017-03-01 00:00:00","first_app:topface AND platform:vk","_exists_:(user_mau.1605.topfacemobappandroid OR user_mau.1605.topfacemobappios OR user_mau.1605.topface OR user_mau.1605.standalonetf)",0
"2017-03-01 00:00:00","first_app:topface AND platform:vk","_exists_:(user_mau.1606.topfacemobappandroid OR user_mau.1606.topfacemobappios OR user_mau.1606.topface OR user_mau.1606.standalonetf)",0
"2017-03-01 00:00:00","first_app:topface AND platform:vk","_exists_:(user_mau.1607.topfacemobappandroid OR user_mau.1607.topfacemobappios OR user_mau.1607.topface OR user_mau.1607.standalonetf)",0
"2017-03-01 00:00:00","first_app:topface AND platform:vk","_exists_:(user_mau.1608.topfacemobappandroid OR user_mau.1608.topfacemobappios OR user_mau.1608.topface OR user_mau.1608.standalonetf)",0
"2017-03-01 00:00:00","first_app:topface AND platform:vk","_exists_:(user_mau.1609.topfacemobappandroid OR user_mau.1609.topfacemobappios OR user_mau.1609.topface OR user_mau.1609.standalonetf)",0
"2017-03-01 00:00:00","first_app:topface AND platform:vk","_exists_:(user_mau.1610.topfacemobappandroid OR user_mau.1610.topfacemobappios OR user_mau.1610.topface OR user_mau.1610.standalonetf)",0
"2017-03-01 00:00:00","first_app:topface AND platform:vk","_exists_:(user_mau.1611.topfacemobappandroid OR user_mau.1611.topfacemobappios OR user_mau.1611.topface OR user_mau.1611.standalonetf)",0
"2017-03-01 00:00:00","first_app:topface AND platform:vk","_exists_:(user_mau.1612.topfacemobappandroid OR user_mau.1612.topfacemobappios OR user_mau.1612.topface OR user_mau.1612.standalonetf)",0
"2017-03-01 00:00:00","first_app:topface AND platform:vk","_exists_:(user_mau.1701.topfacemobappandroid OR user_mau.1701.topfacemobappios OR user_mau.1701.topface OR user_mau.1701.standalonetf)",0
"2017-03-01 00:00:00","first_app:topface AND platform:vk","_exists_:(user_mau.1702.topfacemobappandroid OR user_mau.1702.topfacemobappios OR user_mau.1702.topface OR user_mau.1702.standalonetf)",0
"2017-03-01 00:00:00","first_app:topface AND platform:vk","_exists_:(user_mau.1703.topfacemobappandroid OR user_mau.1703.topfacemobappios OR user_mau.1703.topface OR user_mau.1703.standalonetf)",64
"2017-03-01 00:00:00","first_app:topface AND platform:vk","_exists_:(user_mau.1704.topfacemobappandroid OR user_mau.1704.topfacemobappios OR user_mau.1704.topface OR user_mau.1704.standalonetf)",19
"2017-03-01 00:00:00","first_app:topface AND platform:vk","_exists_:(user_mau.1705.topfacemobappandroid OR user_mau.1705.topfacemobappios OR user_mau.1705.topface OR user_mau.1705.standalonetf)",13
"2017-03-01 00:00:00","first_app:topface AND platform:vk","_exists_:(user_mau.1706.topfacemobappandroid OR user_mau.1706.topfacemobappios OR user_mau.1706.topface OR user_mau.1706.standalonetf)",12
"2017-03-01 00:00:00","first_app:topface AND platform:vk","_exists_:(user_mau.1707.topfacemobappandroid OR user_mau.1707.topfacemobappios OR user_mau.1707.topface OR user_mau.1707.standalonetf)",10
"2017-03-01 00:00:00","first_app:topface AND platform:vk","_exists_:(user_mau.1708.topfacemobappandroid OR user_mau.1708.topfacemobappios OR user_mau.1708.topface OR user_mau.1708.standalonetf)",11
"2017-03-01 00:00:00","first_app:topface AND platform:vk","_exists_:(user_mau.1709.topfacemobappandroid OR user_mau.1709.topfacemobappios OR user_mau.1709.topface OR user_mau.1709.standalonetf)",8
"2017-03-01 00:00:00","first_app:topface AND platform:vk","_exists_:(user_mau.1710.topfacemobappandroid OR user_mau.1710.topfacemobappios OR user_mau.1710.topface OR user_mau.1710.standalonetf)",8
"2017-03-01 00:00:00","first_app:topface AND platform:vk","_exists_:(user_mau.1711.topfacemobappandroid OR user_mau.1711.topfacemobappios OR user_mau.1711.topface OR user_mau.1711.standalonetf)",5
"2017-03-01 00:00:00","first_app:topface AND platform:vk","_exists_:(user_mau.1712.topfacemobappandroid OR user_mau.1712.topfacemobappios OR user_mau.1712.topface OR user_mau.1712.standalonetf)",5
"2017-03-01 00:00:00","first_app:topface AND platform:vk","_exists_:(user_mau.1801.topfacemobappandroid OR user_mau.1801.topfacemobappios OR user_mau.1801.topface OR user_mau.1801.standalonetf)",6
"2017-03-01 00:00:00","first_app:topface AND platform:vk","_exists_:(user_mau.1802.topfacemobappandroid OR user_mau.1802.topfacemobappios OR user_mau.1802.topface OR user_mau.1802.standalonetf)",7
"2017-03-01 00:00:00","first_app:topface AND platform:ok","*",7
"2017-03-01 00:00:00","first_app:topface AND platform:ok","_exists_:(user_mau.1501.topfacemobappandroid OR user_mau.1501.topfacemobappios OR user_mau.1501.topface OR user_mau.1501.standalonetf)",0
"2017-03-01 00:00:00","first_app:topface AND platform:ok","_exists_:(user_mau.1502.topfacemobappandroid OR user_mau.1502.topfacemobappios OR user_mau.1502.topface OR user_mau.1502.standalonetf)",0
"2017-03-01 00:00:00","first_app:topface AND platform:ok","_exists_:(user_mau.1503.topfacemobappandroid OR user_mau.1503.topfacemobappios OR user_mau.1503.topface OR user_mau.1503.standalonetf)",0
"2017-03-01 00:00:00","first_app:topface AND platform:ok","_exists_:(user_mau.1504.topfacemobappandroid OR user_mau.1504.topfacemobappios OR user_mau.1504.topface OR user_mau.1504.standalonetf)",0
"2017-03-01 00:00:00","first_app:topface AND platform:ok","_exists_:(user_mau.1505.topfacemobappandroid OR user_mau.1505.topfacemobappios OR user_mau.1505.topface OR user_mau.1505.standalonetf)",0
"2017-03-01 00:00:00","first_app:topface AND platform:ok","_exists_:(user_mau.1506.topfacemobappandroid OR user_mau.1506.topfacemobappios OR user_mau.1506.topface OR user_mau.1506.standalonetf)",0
"2017-03-01 00:00:00","first_app:topface AND platform:ok","_exists_:(user_mau.1507.topfacemobappandroid OR user_mau.1507.topfacemobappios OR user_mau.1507.topface OR user_mau.1507.standalonetf)",0
"2017-03-01 00:00:00","first_app:topface AND platform:ok","_exists_:(user_mau.1508.topfacemobappandroid OR user_mau.1508.topfacemobappios OR user_mau.1508.topface OR user_mau.1508.standalonetf)",0
"2017-03-01 00:00:00","first_app:topface AND platform:ok","_exists_:(user_mau.1509.topfacemobappandroid OR user_mau.1509.topfacemobappios OR user_mau.1509.topface OR user_mau.1509.standalonetf)",0
"2017-03-01 00:00:00","first_app:topface AND platform:ok","_exists_:(user_mau.1510.topfacemobappandroid OR user_mau.1510.topfacemobappios OR user_mau.1510.topface OR user_mau.1510.standalonetf)",0
"2017-03-01 00:00:00","first_app:topface AND platform:ok","_exists_:(user_mau.1511.topfacemobappandroid OR user_mau.1511.topfacemobappios OR user_mau.1511.topface OR user_mau.1511.standalonetf)",0
"2017-03-01 00:00:00","first_app:topface AND platform:ok","_exists_:(user_mau.1512.topfacemobappandroid OR user_mau.1512.topfacemobappios OR user_mau.1512.topface OR user_mau.1512.standalonetf)",0
"2017-03-01 00:00:00","first_app:topface AND platform:ok","_exists_:(user_mau.1601.topfacemobappandroid OR user_mau.1601.topfacemobappios OR user_mau.1601.topface OR user_mau.1601.standalonetf)",0
"2017-03-01 00:00:00","first_app:topface AND platform:ok","_exists_:(user_mau.1602.topfacemobappandroid OR user_mau.1602.topfacemobappios OR user_mau.1602.topface OR user_mau.1602.standalonetf)",0
"2017-03-01 00:00:00","first_app:topface AND platform:ok","_exists_:(user_mau.1603.topfacemobappandroid OR user_mau.1603.topfacemobappios OR user_mau.1603.topface OR user_mau.1603.standalonetf)",0
"2017-03-01 00:00:00","first_app:topface AND platform:ok","_exists_:(user_mau.1604.topfacemobappandroid OR user_mau.1604.topfacemobappios OR user_mau.1604.topface OR user_mau.1604.standalonetf)",0
"2017-03-01 00:00:00","first_app:topface AND platform:ok","_exists_:(user_mau.1605.topfacemobappandroid OR user_mau.1605.topfacemobappios OR user_mau.1605.topface OR user_mau.1605.standalonetf)",0
"2017-03-01 00:00:00","first_app:topface AND platform:ok","_exists_:(user_mau.1606.topfacemobappandroid OR user_mau.1606.topfacemobappios OR user_mau.1606.topface OR user_mau.1606.standalonetf)",0
"2017-03-01 00:00:00","first_app:topface AND platform:ok","_exists_:(user_mau.1607.topfacemobappandroid OR user_mau.1607.topfacemobappios OR user_mau.1607.topface OR user_mau.1607.standalonetf)",0
"2017-03-01 00:00:00","first_app:topface AND platform:ok","_exists_:(user_mau.1608.topfacemobappandroid OR user_mau.1608.topfacemobappios OR user_mau.1608.topface OR user_mau.1608.standalonetf)",0
"2017-03-01 00:00:00","first_app:topface AND platform:ok","_exists_:(user_mau.1609.topfacemobappandroid OR user_mau.1609.topfacemobappios OR user_mau.1609.topface OR user_mau.1609.standalonetf)",0
"2017-03-01 00:00:00","first_app:topface AND platform:ok","_exists_:(user_mau.1610.topfacemobappandroid OR user_mau.1610.topfacemobappios OR user_mau.1610.topface OR user_mau.1610.standalonetf)",0
"2017-03-01 00:00:00","first_app:topface AND platform:ok","_exists_:(user_mau.1611.topfacemobappandroid OR user_mau.1611.topfacemobappios OR user_mau.1611.topface OR user_mau.1611.standalonetf)",0
"2017-03-01 00:00:00","first_app:topface AND platform:ok","_exists_:(user_mau.1612.topfacemobappandroid OR user_mau.1612.topfacemobappios OR user_mau.1612.topface OR user_mau.1612.standalonetf)",0
"2017-03-01 00:00:00","first_app:topface AND platform:ok","_exists_:(user_mau.1701.topfacemobappandroid OR user_mau.1701.topfacemobappios OR user_mau.1701.topface OR user_mau.1701.standalonetf)",0
"2017-03-01 00:00:00","first_app:topface AND platform:ok","_exists_:(user_mau.1702.topfacemobappandroid OR user_mau.1702.topfacemobappios OR user_mau.1702.topface OR user_mau.1702.standalonetf)",0
"2017-03-01 00:00:00","first_app:topface AND platform:ok","_exists_:(user_mau.1703.topfacemobappandroid OR user_mau.1703.topfacemobappios OR user_mau.1703.topface OR user_mau.1703.standalonetf)",7
"2017-03-01 00:00:00","first_app:topface AND platform:ok","_exists_:(user_mau.1704.topfacemobappandroid OR user_mau.1704.topfacemobappios OR user_mau.1704.topface OR user_mau.1704.standalonetf)",3
"2017-03-01 00:00:00","first_app:topface AND platform:ok","_exists_:(user_mau.1705.topfacemobappandroid OR user_mau.1705.topfacemobappios OR user_mau.1705.topface OR user_mau.1705.standalonetf)",1
"2017-03-01 00:00:00","first_app:topface AND platform:ok","_exists_:(user_mau.1706.topfacemobappandroid OR user_mau.1706.topfacemobappios OR user_mau.1706.topface OR user_mau.1706.standalonetf)",0
"2017-03-01 00:00:00","first_app:topface AND platform:ok","_exists_:(user_mau.1707.topfacemobappandroid OR user_mau.1707.topfacemobappios OR user_mau.1707.topface OR user_mau.1707.standalonetf)",0
"2017-03-01 00:00:00","first_app:topface AND platform:ok","_exists_:(user_mau.1708.topfacemobappandroid OR user_mau.1708.topfacemobappios OR user_mau.1708.topface OR user_mau.1708.standalonetf)",0
"2017-03-01 00:00:00","first_app:topface AND platform:ok","_exists_:(user_mau.1709.topfacemobappandroid OR user_mau.1709.topfacemobappios OR user_mau.1709.topface OR user_mau.1709.standalonetf)",0
"2017-03-01 00:00:00","first_app:topface AND platform:ok","_exists_:(user_mau.1710.topfacemobappandroid OR user_mau.1710.topfacemobappios OR user_mau.1710.topface OR user_mau.1710.standalonetf)",0
"2017-03-01 00:00:00","first_app:topface AND platform:ok","_exists_:(user_mau.1711.topfacemobappandroid OR user_mau.1711.topfacemobappios OR user_mau.1711.topface OR user_mau.1711.standalonetf)",0
"2017-03-01 00:00:00","first_app:topface AND platform:ok","_exists_:(user_mau.1712.topfacemobappandroid OR user_mau.1712.topfacemobappios OR user_mau.1712.topface OR user_mau.1712.standalonetf)",0
"2017-03-01 00:00:00","first_app:topface AND platform:ok","_exists_:(user_mau.1801.topfacemobappandroid OR user_mau.1801.topfacemobappios OR user_mau.1801.topface OR user_mau.1801.standalonetf)",0
"2017-03-01 00:00:00","first_app:topface AND platform:ok","_exists_:(user_mau.1802.topfacemobappandroid OR user_mau.1802.topfacemobappios OR user_mau.1802.topface OR user_mau.1802.standalonetf)",0
"2017-03-01 00:00:00","first_app:topface AND platform:fb","*",6
"2017-03-01 00:00:00","first_app:topface AND platform:fb","_exists_:(user_mau.1501.topfacemobappandroid OR user_mau.1501.topfacemobappios OR user_mau.1501.topface OR user_mau.1501.standalonetf)",0
"2017-03-01 00:00:00","first_app:topface AND platform:fb","_exists_:(user_mau.1502.topfacemobappandroid OR user_mau.1502.topfacemobappios OR user_mau.1502.topface OR user_mau.1502.standalonetf)",0
"2017-03-01 00:00:00","first_app:topface AND platform:fb","_exists_:(user_mau.1503.topfacemobappandroid OR user_mau.1503.topfacemobappios OR user_mau.1503.topface OR user_mau.1503.standalonetf)",0
"2017-03-01 00:00:00","first_app:topface AND platform:fb","_exists_:(user_mau.1504.topfacemobappandroid OR user_mau.1504.topfacemobappios OR user_mau.1504.topface OR user_mau.1504.standalonetf)",0
"2017-03-01 00:00:00","first_app:topface AND platform:fb","_exists_:(user_mau.1505.topfacemobappandroid OR user_mau.1505.topfacemobappios OR user_mau.1505.topface OR user_mau.1505.standalonetf)",0
"2017-03-01 00:00:00","first_app:topface AND platform:fb","_exists_:(user_mau.1506.topfacemobappandroid OR user_mau.1506.topfacemobappios OR user_mau.1506.topface OR user_mau.1506.standalonetf)",0
"2017-03-01 00:00:00","first_app:topface AND platform:fb","_exists_:(user_mau.1507.topfacemobappandroid OR user_mau.1507.topfacemobappios OR user_mau.1507.topface OR user_mau.1507.standalonetf)",0
"2017-03-01 00:00:00","first_app:topface AND platform:fb","_exists_:(user_mau.1508.topfacemobappandroid OR user_mau.1508.topfacemobappios OR user_mau.1508.topface OR user_mau.1508.standalonetf)",0
"2017-03-01 00:00:00","first_app:topface AND platform:fb","_exists_:(user_mau.1509.topfacemobappandroid OR user_mau.1509.topfacemobappios OR user_mau.1509.topface OR user_mau.1509.standalonetf)",0
"2017-03-01 00:00:00","first_app:topface AND platform:fb","_exists_:(user_mau.1510.topfacemobappandroid OR user_mau.1510.topfacemobappios OR user_mau.1510.topface OR user_mau.1510.standalonetf)",0
"2017-03-01 00:00:00","first_app:topface AND platform:fb","_exists_:(user_mau.1511.topfacemobappandroid OR user_mau.1511.topfacemobappios OR user_mau.1511.topface OR user_mau.1511.standalonetf)",0
"2017-03-01 00:00:00","first_app:topface AND platform:fb","_exists_:(user_mau.1512.topfacemobappandroid OR user_mau.1512.topfacemobappios OR user_mau.1512.topface OR user_mau.1512.standalonetf)",0
"2017-03-01 00:00:00","first_app:topface AND platform:fb","_exists_:(user_mau.1601.topfacemobappandroid OR user_mau.1601.topfacemobappios OR user_mau.1601.topface OR user_mau.1601.standalonetf)",0
"2017-03-01 00:00:00","first_app:topface AND platform:fb","_exists_:(user_mau.1602.topfacemobappandroid OR user_mau.1602.topfacemobappios OR user_mau.1602.topface OR user_mau.1602.standalonetf)",0
"2017-03-01 00:00:00","first_app:topface AND platform:fb","_exists_:(user_mau.1603.topfacemobappandroid OR user_mau.1603.topfacemobappios OR user_mau.1603.topface OR user_mau.1603.standalonetf)",0
"2017-03-01 00:00:00","first_app:topface AND platform:fb","_exists_:(user_mau.1604.topfacemobappandroid OR user_mau.1604.topfacemobappios OR user_mau.1604.topface OR user_mau.1604.standalonetf)",0
"2017-03-01 00:00:00","first_app:topface AND platform:fb","_exists_:(user_mau.1605.topfacemobappandroid OR user_mau.1605.topfacemobappios OR user_mau.1605.topface OR user_mau.1605.standalonetf)",0
"2017-03-01 00:00:00","first_app:topface AND platform:fb","_exists_:(user_mau.1606.topfacemobappandroid OR user_mau.1606.topfacemobappios OR user_mau.1606.topface OR user_mau.1606.standalonetf)",0
"2017-03-01 00:00:00","first_app:topface AND platform:fb","_exists_:(user_mau.1607.topfacemobappandroid OR user_mau.1607.topfacemobappios OR user_mau.1607.topface OR user_mau.1607.standalonetf)",0
"2017-03-01 00:00:00","first_app:topface AND platform:fb","_exists_:(user_mau.1608.topfacemobappandroid OR user_mau.1608.topfacemobappios OR user_mau.1608.topface OR user_mau.1608.standalonetf)",0
"2017-03-01 00:00:00","first_app:topface AND platform:fb","_exists_:(user_mau.1609.topfacemobappandroid OR user_mau.1609.topfacemobappios OR user_mau.1609.topface OR user_mau.1609.standalonetf)",0
"2017-03-01 00:00:00","first_app:topface AND platform:fb","_exists_:(user_mau.1610.topfacemobappandroid OR user_mau.1610.topfacemobappios OR user_mau.1610.topface OR user_mau.1610.standalonetf)",0
"2017-03-01 00:00:00","first_app:topface AND platform:fb","_exists_:(user_mau.1611.topfacemobappandroid OR user_mau.1611.topfacemobappios OR user_mau.1611.topface OR user_mau.1611.standalonetf)",0
"2017-03-01 00:00:00","first_app:topface AND platform:fb","_exists_:(user_mau.1612.topfacemobappandroid OR user_mau.1612.topfacemobappios OR user_mau.1612.topface OR user_mau.1612.standalonetf)",0
"2017-03-01 00:00:00","first_app:topface AND platform:fb","_exists_:(user_mau.1701.topfacemobappandroid OR user_mau.1701.topfacemobappios OR user_mau.1701.topface OR user_mau.1701.standalonetf)",0
"2017-03-01 00:00:00","first_app:topface AND platform:fb","_exists_:(user_mau.1702.topfacemobappandroid OR user_mau.1702.topfacemobappios OR user_mau.1702.topface OR user_mau.1702.standalonetf)",0
"2017-03-01 00:00:00","first_app:topface AND platform:fb","_exists_:(user_mau.1703.topfacemobappandroid OR user_mau.1703.topfacemobappios OR user_mau.1703.topface OR user_mau.1703.standalonetf)",6
"2017-03-01 00:00:00","first_app:topface AND platform:fb","_exists_:(user_mau.1704.topfacemobappandroid OR user_mau.1704.topfacemobappios OR user_mau.1704.topface OR user_mau.1704.standalonetf)",3
"2017-03-01 00:00:00","first_app:topface AND platform:fb","_exists_:(user_mau.1705.topfacemobappandroid OR user_mau.1705.topfacemobappios OR user_mau.1705.topface OR user_mau.1705.standalonetf)",1
"2017-03-01 00:00:00","first_app:topface AND platform:fb","_exists_:(user_mau.1706.topfacemobappandroid OR user_mau.1706.topfacemobappios OR user_mau.1706.topface OR user_mau.1706.standalonetf)",2
"2017-03-01 00:00:00","first_app:topface AND platform:fb","_exists_:(user_mau.1707.topfacemobappandroid OR user_mau.1707.topfacemobappios OR user_mau.1707.topface OR user_mau.1707.standalonetf)",0
"2017-03-01 00:00:00","first_app:topface AND platform:fb","_exists_:(user_mau.1708.topfacemobappandroid OR user_mau.1708.topfacemobappios OR user_mau.1708.topface OR user_mau.1708.standalonetf)",0
"2017-03-01 00:00:00","first_app:topface AND platform:fb","_exists_:(user_mau.1709.topfacemobappandroid OR user_mau.1709.topfacemobappios OR user_mau.1709.topface OR user_mau.1709.standalonetf)",0
"2017-03-01 00:00:00","first_app:topface AND platform:fb","_exists_:(user_mau.1710.topfacemobappandroid OR user_mau.1710.topfacemobappios OR user_mau.1710.topface OR user_mau.1710.standalonetf)",0
"2017-03-01 00:00:00","first_app:topface AND platform:fb","_exists_:(user_mau.1711.topfacemobappandroid OR user_mau.1711.topfacemobappios OR user_mau.1711.topface OR user_mau.1711.standalonetf)",0
"2017-03-01 00:00:00","first_app:topface AND platform:fb","_exists_:(user_mau.1712.topfacemobappandroid OR user_mau.1712.topfacemobappios OR user_mau.1712.topface OR user_mau.1712.standalonetf)",0
"2017-03-01 00:00:00","first_app:topface AND platform:fb","_exists_:(user_mau.1801.topfacemobappandroid OR user_mau.1801.topfacemobappios OR user_mau.1801.topface OR user_mau.1801.standalonetf)",1
"2017-03-01 00:00:00","first_app:topface AND platform:fb","_exists_:(user_mau.1802.topfacemobappandroid OR user_mau.1802.topfacemobappios OR user_mau.1802.topface OR user_mau.1802.standalonetf)",1
"2017-04-01 00:00:00","first_app:topfacemobappandroid","*","110,616"
"2017-04-01 00:00:00","first_app:topfacemobappandroid","_exists_:(user_mau.1501.topfacemobappandroid OR user_mau.1501.topfacemobappios OR user_mau.1501.topface OR user_mau.1501.standalonetf)",0
"2017-04-01 00:00:00","first_app:topfacemobappandroid","_exists_:(user_mau.1502.topfacemobappandroid OR user_mau.1502.topfacemobappios OR user_mau.1502.topface OR user_mau.1502.standalonetf)",0
"2017-04-01 00:00:00","first_app:topfacemobappandroid","_exists_:(user_mau.1503.topfacemobappandroid OR user_mau.1503.topfacemobappios OR user_mau.1503.topface OR user_mau.1503.standalonetf)",0
"2017-04-01 00:00:00","first_app:topfacemobappandroid","_exists_:(user_mau.1504.topfacemobappandroid OR user_mau.1504.topfacemobappios OR user_mau.1504.topface OR user_mau.1504.standalonetf)",0
"2017-04-01 00:00:00","first_app:topfacemobappandroid","_exists_:(user_mau.1505.topfacemobappandroid OR user_mau.1505.topfacemobappios OR user_mau.1505.topface OR user_mau.1505.standalonetf)",0
"2017-04-01 00:00:00","first_app:topfacemobappandroid","_exists_:(user_mau.1506.topfacemobappandroid OR user_mau.1506.topfacemobappios OR user_mau.1506.topface OR user_mau.1506.standalonetf)",0
"2017-04-01 00:00:00","first_app:topfacemobappandroid","_exists_:(user_mau.1507.topfacemobappandroid OR user_mau.1507.topfacemobappios OR user_mau.1507.topface OR user_mau.1507.standalonetf)",0
"2017-04-01 00:00:00","first_app:topfacemobappandroid","_exists_:(user_mau.1508.topfacemobappandroid OR user_mau.1508.topfacemobappios OR user_mau.1508.topface OR user_mau.1508.standalonetf)",0
"2017-04-01 00:00:00","first_app:topfacemobappandroid","_exists_:(user_mau.1509.topfacemobappandroid OR user_mau.1509.topfacemobappios OR user_mau.1509.topface OR user_mau.1509.standalonetf)",0
"2017-04-01 00:00:00","first_app:topfacemobappandroid","_exists_:(user_mau.1510.topfacemobappandroid OR user_mau.1510.topfacemobappios OR user_mau.1510.topface OR user_mau.1510.standalonetf)",0
"2017-04-01 00:00:00","first_app:topfacemobappandroid","_exists_:(user_mau.1511.topfacemobappandroid OR user_mau.1511.topfacemobappios OR user_mau.1511.topface OR user_mau.1511.standalonetf)",0
"2017-04-01 00:00:00","first_app:topfacemobappandroid","_exists_:(user_mau.1512.topfacemobappandroid OR user_mau.1512.topfacemobappios OR user_mau.1512.topface OR user_mau.1512.standalonetf)",0
"2017-04-01 00:00:00","first_app:topfacemobappandroid","_exists_:(user_mau.1601.topfacemobappandroid OR user_mau.1601.topfacemobappios OR user_mau.1601.topface OR user_mau.1601.standalonetf)",0
"2017-04-01 00:00:00","first_app:topfacemobappandroid","_exists_:(user_mau.1602.topfacemobappandroid OR user_mau.1602.topfacemobappios OR user_mau.1602.topface OR user_mau.1602.standalonetf)",0
"2017-04-01 00:00:00","first_app:topfacemobappandroid","_exists_:(user_mau.1603.topfacemobappandroid OR user_mau.1603.topfacemobappios OR user_mau.1603.topface OR user_mau.1603.standalonetf)",0
"2017-04-01 00:00:00","first_app:topfacemobappandroid","_exists_:(user_mau.1604.topfacemobappandroid OR user_mau.1604.topfacemobappios OR user_mau.1604.topface OR user_mau.1604.standalonetf)",0
"2017-04-01 00:00:00","first_app:topfacemobappandroid","_exists_:(user_mau.1605.topfacemobappandroid OR user_mau.1605.topfacemobappios OR user_mau.1605.topface OR user_mau.1605.standalonetf)",0
"2017-04-01 00:00:00","first_app:topfacemobappandroid","_exists_:(user_mau.1606.topfacemobappandroid OR user_mau.1606.topfacemobappios OR user_mau.1606.topface OR user_mau.1606.standalonetf)",0
"2017-04-01 00:00:00","first_app:topfacemobappandroid","_exists_:(user_mau.1607.topfacemobappandroid OR user_mau.1607.topfacemobappios OR user_mau.1607.topface OR user_mau.1607.standalonetf)",0
"2017-04-01 00:00:00","first_app:topfacemobappandroid","_exists_:(user_mau.1608.topfacemobappandroid OR user_mau.1608.topfacemobappios OR user_mau.1608.topface OR user_mau.1608.standalonetf)",0
"2017-04-01 00:00:00","first_app:topfacemobappandroid","_exists_:(user_mau.1609.topfacemobappandroid OR user_mau.1609.topfacemobappios OR user_mau.1609.topface OR user_mau.1609.standalonetf)",0
"2017-04-01 00:00:00","first_app:topfacemobappandroid","_exists_:(user_mau.1610.topfacemobappandroid OR user_mau.1610.topfacemobappios OR user_mau.1610.topface OR user_mau.1610.standalonetf)",0
"2017-04-01 00:00:00","first_app:topfacemobappandroid","_exists_:(user_mau.1611.topfacemobappandroid OR user_mau.1611.topfacemobappios OR user_mau.1611.topface OR user_mau.1611.standalonetf)",0
"2017-04-01 00:00:00","first_app:topfacemobappandroid","_exists_:(user_mau.1612.topfacemobappandroid OR user_mau.1612.topfacemobappios OR user_mau.1612.topface OR user_mau.1612.standalonetf)",0
"2017-04-01 00:00:00","first_app:topfacemobappandroid","_exists_:(user_mau.1701.topfacemobappandroid OR user_mau.1701.topfacemobappios OR user_mau.1701.topface OR user_mau.1701.standalonetf)",0
"2017-04-01 00:00:00","first_app:topfacemobappandroid","_exists_:(user_mau.1702.topfacemobappandroid OR user_mau.1702.topfacemobappios OR user_mau.1702.topface OR user_mau.1702.standalonetf)",0
"2017-04-01 00:00:00","first_app:topfacemobappandroid","_exists_:(user_mau.1703.topfacemobappandroid OR user_mau.1703.topfacemobappios OR user_mau.1703.topface OR user_mau.1703.standalonetf)",0
"2017-04-01 00:00:00","first_app:topfacemobappandroid","_exists_:(user_mau.1704.topfacemobappandroid OR user_mau.1704.topfacemobappios OR user_mau.1704.topface OR user_mau.1704.standalonetf)","110,616"
"2017-04-01 00:00:00","first_app:topfacemobappandroid","_exists_:(user_mau.1705.topfacemobappandroid OR user_mau.1705.topfacemobappios OR user_mau.1705.topface OR user_mau.1705.standalonetf)","20,324"
"2017-04-01 00:00:00","first_app:topfacemobappandroid","_exists_:(user_mau.1706.topfacemobappandroid OR user_mau.1706.topfacemobappios OR user_mau.1706.topface OR user_mau.1706.standalonetf)","10,763"
"2017-04-01 00:00:00","first_app:topfacemobappandroid","_exists_:(user_mau.1707.topfacemobappandroid OR user_mau.1707.topfacemobappios OR user_mau.1707.topface OR user_mau.1707.standalonetf)","6,922"
"2017-04-01 00:00:00","first_app:topfacemobappandroid","_exists_:(user_mau.1708.topfacemobappandroid OR user_mau.1708.topfacemobappios OR user_mau.1708.topface OR user_mau.1708.standalonetf)","6,170"
"2017-04-01 00:00:00","first_app:topfacemobappandroid","_exists_:(user_mau.1709.topfacemobappandroid OR user_mau.1709.topfacemobappios OR user_mau.1709.topface OR user_mau.1709.standalonetf)","5,348"
"2017-04-01 00:00:00","first_app:topfacemobappandroid","_exists_:(user_mau.1710.topfacemobappandroid OR user_mau.1710.topfacemobappios OR user_mau.1710.topface OR user_mau.1710.standalonetf)","4,951"
"2017-04-01 00:00:00","first_app:topfacemobappandroid","_exists_:(user_mau.1711.topfacemobappandroid OR user_mau.1711.topfacemobappios OR user_mau.1711.topface OR user_mau.1711.standalonetf)","4,371"
"2017-04-01 00:00:00","first_app:topfacemobappandroid","_exists_:(user_mau.1712.topfacemobappandroid OR user_mau.1712.topfacemobappios OR user_mau.1712.topface OR user_mau.1712.standalonetf)","3,762"
"2017-04-01 00:00:00","first_app:topfacemobappandroid","_exists_:(user_mau.1801.topfacemobappandroid OR user_mau.1801.topfacemobappios OR user_mau.1801.topface OR user_mau.1801.standalonetf)","2,737"
"2017-04-01 00:00:00","first_app:topfacemobappandroid","_exists_:(user_mau.1802.topfacemobappandroid OR user_mau.1802.topfacemobappios OR user_mau.1802.topface OR user_mau.1802.standalonetf)","2,321"
"2017-04-01 00:00:00","first_app:topfacemobappios","*","30,055"
"2017-04-01 00:00:00","first_app:topfacemobappios","_exists_:(user_mau.1501.topfacemobappandroid OR user_mau.1501.topfacemobappios OR user_mau.1501.topface OR user_mau.1501.standalonetf)",0
"2017-04-01 00:00:00","first_app:topfacemobappios","_exists_:(user_mau.1502.topfacemobappandroid OR user_mau.1502.topfacemobappios OR user_mau.1502.topface OR user_mau.1502.standalonetf)",0
"2017-04-01 00:00:00","first_app:topfacemobappios","_exists_:(user_mau.1503.topfacemobappandroid OR user_mau.1503.topfacemobappios OR user_mau.1503.topface OR user_mau.1503.standalonetf)",0
"2017-04-01 00:00:00","first_app:topfacemobappios","_exists_:(user_mau.1504.topfacemobappandroid OR user_mau.1504.topfacemobappios OR user_mau.1504.topface OR user_mau.1504.standalonetf)",0
"2017-04-01 00:00:00","first_app:topfacemobappios","_exists_:(user_mau.1505.topfacemobappandroid OR user_mau.1505.topfacemobappios OR user_mau.1505.topface OR user_mau.1505.standalonetf)",0
"2017-04-01 00:00:00","first_app:topfacemobappios","_exists_:(user_mau.1506.topfacemobappandroid OR user_mau.1506.topfacemobappios OR user_mau.1506.topface OR user_mau.1506.standalonetf)",0
"2017-04-01 00:00:00","first_app:topfacemobappios","_exists_:(user_mau.1507.topfacemobappandroid OR user_mau.1507.topfacemobappios OR user_mau.1507.topface OR user_mau.1507.standalonetf)",0
"2017-04-01 00:00:00","first_app:topfacemobappios","_exists_:(user_mau.1508.topfacemobappandroid OR user_mau.1508.topfacemobappios OR user_mau.1508.topface OR user_mau.1508.standalonetf)",0
"2017-04-01 00:00:00","first_app:topfacemobappios","_exists_:(user_mau.1509.topfacemobappandroid OR user_mau.1509.topfacemobappios OR user_mau.1509.topface OR user_mau.1509.standalonetf)",0
"2017-04-01 00:00:00","first_app:topfacemobappios","_exists_:(user_mau.1510.topfacemobappandroid OR user_mau.1510.topfacemobappios OR user_mau.1510.topface OR user_mau.1510.standalonetf)",0
"2017-04-01 00:00:00","first_app:topfacemobappios","_exists_:(user_mau.1511.topfacemobappandroid OR user_mau.1511.topfacemobappios OR user_mau.1511.topface OR user_mau.1511.standalonetf)",0
"2017-04-01 00:00:00","first_app:topfacemobappios","_exists_:(user_mau.1512.topfacemobappandroid OR user_mau.1512.topfacemobappios OR user_mau.1512.topface OR user_mau.1512.standalonetf)",0
"2017-04-01 00:00:00","first_app:topfacemobappios","_exists_:(user_mau.1601.topfacemobappandroid OR user_mau.1601.topfacemobappios OR user_mau.1601.topface OR user_mau.1601.standalonetf)",0
"2017-04-01 00:00:00","first_app:topfacemobappios","_exists_:(user_mau.1602.topfacemobappandroid OR user_mau.1602.topfacemobappios OR user_mau.1602.topface OR user_mau.1602.standalonetf)",0
"2017-04-01 00:00:00","first_app:topfacemobappios","_exists_:(user_mau.1603.topfacemobappandroid OR user_mau.1603.topfacemobappios OR user_mau.1603.topface OR user_mau.1603.standalonetf)",0
"2017-04-01 00:00:00","first_app:topfacemobappios","_exists_:(user_mau.1604.topfacemobappandroid OR user_mau.1604.topfacemobappios OR user_mau.1604.topface OR user_mau.1604.standalonetf)",0
"2017-04-01 00:00:00","first_app:topfacemobappios","_exists_:(user_mau.1605.topfacemobappandroid OR user_mau.1605.topfacemobappios OR user_mau.1605.topface OR user_mau.1605.standalonetf)",0
"2017-04-01 00:00:00","first_app:topfacemobappios","_exists_:(user_mau.1606.topfacemobappandroid OR user_mau.1606.topfacemobappios OR user_mau.1606.topface OR user_mau.1606.standalonetf)",0
"2017-04-01 00:00:00","first_app:topfacemobappios","_exists_:(user_mau.1607.topfacemobappandroid OR user_mau.1607.topfacemobappios OR user_mau.1607.topface OR user_mau.1607.standalonetf)",0
"2017-04-01 00:00:00","first_app:topfacemobappios","_exists_:(user_mau.1608.topfacemobappandroid OR user_mau.1608.topfacemobappios OR user_mau.1608.topface OR user_mau.1608.standalonetf)",0
"2017-04-01 00:00:00","first_app:topfacemobappios","_exists_:(user_mau.1609.topfacemobappandroid OR user_mau.1609.topfacemobappios OR user_mau.1609.topface OR user_mau.1609.standalonetf)",0
"2017-04-01 00:00:00","first_app:topfacemobappios","_exists_:(user_mau.1610.topfacemobappandroid OR user_mau.1610.topfacemobappios OR user_mau.1610.topface OR user_mau.1610.standalonetf)",0
"2017-04-01 00:00:00","first_app:topfacemobappios","_exists_:(user_mau.1611.topfacemobappandroid OR user_mau.1611.topfacemobappios OR user_mau.1611.topface OR user_mau.1611.standalonetf)",0
"2017-04-01 00:00:00","first_app:topfacemobappios","_exists_:(user_mau.1612.topfacemobappandroid OR user_mau.1612.topfacemobappios OR user_mau.1612.topface OR user_mau.1612.standalonetf)",0
"2017-04-01 00:00:00","first_app:topfacemobappios","_exists_:(user_mau.1701.topfacemobappandroid OR user_mau.1701.topfacemobappios OR user_mau.1701.topface OR user_mau.1701.standalonetf)",0
"2017-04-01 00:00:00","first_app:topfacemobappios","_exists_:(user_mau.1702.topfacemobappandroid OR user_mau.1702.topfacemobappios OR user_mau.1702.topface OR user_mau.1702.standalonetf)",0
"2017-04-01 00:00:00","first_app:topfacemobappios","_exists_:(user_mau.1703.topfacemobappandroid OR user_mau.1703.topfacemobappios OR user_mau.1703.topface OR user_mau.1703.standalonetf)",0
"2017-04-01 00:00:00","first_app:topfacemobappios","_exists_:(user_mau.1704.topfacemobappandroid OR user_mau.1704.topfacemobappios OR user_mau.1704.topface OR user_mau.1704.standalonetf)","30,055"
"2017-04-01 00:00:00","first_app:topfacemobappios","_exists_:(user_mau.1705.topfacemobappandroid OR user_mau.1705.topfacemobappios OR user_mau.1705.topface OR user_mau.1705.standalonetf)","5,398"
"2017-04-01 00:00:00","first_app:topfacemobappios","_exists_:(user_mau.1706.topfacemobappandroid OR user_mau.1706.topfacemobappios OR user_mau.1706.topface OR user_mau.1706.standalonetf)","2,902"
"2017-04-01 00:00:00","first_app:topfacemobappios","_exists_:(user_mau.1707.topfacemobappandroid OR user_mau.1707.topfacemobappios OR user_mau.1707.topface OR user_mau.1707.standalonetf)","1,824"
"2017-04-01 00:00:00","first_app:topfacemobappios","_exists_:(user_mau.1708.topfacemobappandroid OR user_mau.1708.topfacemobappios OR user_mau.1708.topface OR user_mau.1708.standalonetf)","1,510"
"2017-04-01 00:00:00","first_app:topfacemobappios","_exists_:(user_mau.1709.topfacemobappandroid OR user_mau.1709.topfacemobappios OR user_mau.1709.topface OR user_mau.1709.standalonetf)","1,311"
"2017-04-01 00:00:00","first_app:topfacemobappios","_exists_:(user_mau.1710.topfacemobappandroid OR user_mau.1710.topfacemobappios OR user_mau.1710.topface OR user_mau.1710.standalonetf)","1,177"
"2017-04-01 00:00:00","first_app:topfacemobappios","_exists_:(user_mau.1711.topfacemobappandroid OR user_mau.1711.topfacemobappios OR user_mau.1711.topface OR user_mau.1711.standalonetf)",874
"2017-04-01 00:00:00","first_app:topfacemobappios","_exists_:(user_mau.1712.topfacemobappandroid OR user_mau.1712.topfacemobappios OR user_mau.1712.topface OR user_mau.1712.standalonetf)",818
"2017-04-01 00:00:00","first_app:topfacemobappios","_exists_:(user_mau.1801.topfacemobappandroid OR user_mau.1801.topfacemobappios OR user_mau.1801.topface OR user_mau.1801.standalonetf)",684
"2017-04-01 00:00:00","first_app:topfacemobappios","_exists_:(user_mau.1802.topfacemobappandroid OR user_mau.1802.topfacemobappios OR user_mau.1802.topface OR user_mau.1802.standalonetf)",565
"2017-04-01 00:00:00","first_app:standalonetf","*","2,013"
"2017-04-01 00:00:00","first_app:standalonetf","_exists_:(user_mau.1501.topfacemobappandroid OR user_mau.1501.topfacemobappios OR user_mau.1501.topface OR user_mau.1501.standalonetf)",0
"2017-04-01 00:00:00","first_app:standalonetf","_exists_:(user_mau.1502.topfacemobappandroid OR user_mau.1502.topfacemobappios OR user_mau.1502.topface OR user_mau.1502.standalonetf)",0
"2017-04-01 00:00:00","first_app:standalonetf","_exists_:(user_mau.1503.topfacemobappandroid OR user_mau.1503.topfacemobappios OR user_mau.1503.topface OR user_mau.1503.standalonetf)",0
"2017-04-01 00:00:00","first_app:standalonetf","_exists_:(user_mau.1504.topfacemobappandroid OR user_mau.1504.topfacemobappios OR user_mau.1504.topface OR user_mau.1504.standalonetf)",0
"2017-04-01 00:00:00","first_app:standalonetf","_exists_:(user_mau.1505.topfacemobappandroid OR user_mau.1505.topfacemobappios OR user_mau.1505.topface OR user_mau.1505.standalonetf)",0
"2017-04-01 00:00:00","first_app:standalonetf","_exists_:(user_mau.1506.topfacemobappandroid OR user_mau.1506.topfacemobappios OR user_mau.1506.topface OR user_mau.1506.standalonetf)",0
"2017-04-01 00:00:00","first_app:standalonetf","_exists_:(user_mau.1507.topfacemobappandroid OR user_mau.1507.topfacemobappios OR user_mau.1507.topface OR user_mau.1507.standalonetf)",0
"2017-04-01 00:00:00","first_app:standalonetf","_exists_:(user_mau.1508.topfacemobappandroid OR user_mau.1508.topfacemobappios OR user_mau.1508.topface OR user_mau.1508.standalonetf)",0
"2017-04-01 00:00:00","first_app:standalonetf","_exists_:(user_mau.1509.topfacemobappandroid OR user_mau.1509.topfacemobappios OR user_mau.1509.topface OR user_mau.1509.standalonetf)",0
"2017-04-01 00:00:00","first_app:standalonetf","_exists_:(user_mau.1510.topfacemobappandroid OR user_mau.1510.topfacemobappios OR user_mau.1510.topface OR user_mau.1510.standalonetf)",0
"2017-04-01 00:00:00","first_app:standalonetf","_exists_:(user_mau.1511.topfacemobappandroid OR user_mau.1511.topfacemobappios OR user_mau.1511.topface OR user_mau.1511.standalonetf)",0
"2017-04-01 00:00:00","first_app:standalonetf","_exists_:(user_mau.1512.topfacemobappandroid OR user_mau.1512.topfacemobappios OR user_mau.1512.topface OR user_mau.1512.standalonetf)",0
"2017-04-01 00:00:00","first_app:standalonetf","_exists_:(user_mau.1601.topfacemobappandroid OR user_mau.1601.topfacemobappios OR user_mau.1601.topface OR user_mau.1601.standalonetf)",0
"2017-04-01 00:00:00","first_app:standalonetf","_exists_:(user_mau.1602.topfacemobappandroid OR user_mau.1602.topfacemobappios OR user_mau.1602.topface OR user_mau.1602.standalonetf)",0
"2017-04-01 00:00:00","first_app:standalonetf","_exists_:(user_mau.1603.topfacemobappandroid OR user_mau.1603.topfacemobappios OR user_mau.1603.topface OR user_mau.1603.standalonetf)",0
"2017-04-01 00:00:00","first_app:standalonetf","_exists_:(user_mau.1604.topfacemobappandroid OR user_mau.1604.topfacemobappios OR user_mau.1604.topface OR user_mau.1604.standalonetf)",0
"2017-04-01 00:00:00","first_app:standalonetf","_exists_:(user_mau.1605.topfacemobappandroid OR user_mau.1605.topfacemobappios OR user_mau.1605.topface OR user_mau.1605.standalonetf)",0
"2017-04-01 00:00:00","first_app:standalonetf","_exists_:(user_mau.1606.topfacemobappandroid OR user_mau.1606.topfacemobappios OR user_mau.1606.topface OR user_mau.1606.standalonetf)",0
"2017-04-01 00:00:00","first_app:standalonetf","_exists_:(user_mau.1607.topfacemobappandroid OR user_mau.1607.topfacemobappios OR user_mau.1607.topface OR user_mau.1607.standalonetf)",0
"2017-04-01 00:00:00","first_app:standalonetf","_exists_:(user_mau.1608.topfacemobappandroid OR user_mau.1608.topfacemobappios OR user_mau.1608.topface OR user_mau.1608.standalonetf)",0
"2017-04-01 00:00:00","first_app:standalonetf","_exists_:(user_mau.1609.topfacemobappandroid OR user_mau.1609.topfacemobappios OR user_mau.1609.topface OR user_mau.1609.standalonetf)",0
"2017-04-01 00:00:00","first_app:standalonetf","_exists_:(user_mau.1610.topfacemobappandroid OR user_mau.1610.topfacemobappios OR user_mau.1610.topface OR user_mau.1610.standalonetf)",0
"2017-04-01 00:00:00","first_app:standalonetf","_exists_:(user_mau.1611.topfacemobappandroid OR user_mau.1611.topfacemobappios OR user_mau.1611.topface OR user_mau.1611.standalonetf)",0
"2017-04-01 00:00:00","first_app:standalonetf","_exists_:(user_mau.1612.topfacemobappandroid OR user_mau.1612.topfacemobappios OR user_mau.1612.topface OR user_mau.1612.standalonetf)",0
"2017-04-01 00:00:00","first_app:standalonetf","_exists_:(user_mau.1701.topfacemobappandroid OR user_mau.1701.topfacemobappios OR user_mau.1701.topface OR user_mau.1701.standalonetf)",0
"2017-04-01 00:00:00","first_app:standalonetf","_exists_:(user_mau.1702.topfacemobappandroid OR user_mau.1702.topfacemobappios OR user_mau.1702.topface OR user_mau.1702.standalonetf)",0
"2017-04-01 00:00:00","first_app:standalonetf","_exists_:(user_mau.1703.topfacemobappandroid OR user_mau.1703.topfacemobappios OR user_mau.1703.topface OR user_mau.1703.standalonetf)",0
"2017-04-01 00:00:00","first_app:standalonetf","_exists_:(user_mau.1704.topfacemobappandroid OR user_mau.1704.topfacemobappios OR user_mau.1704.topface OR user_mau.1704.standalonetf)","1,754"
"2017-04-01 00:00:00","first_app:standalonetf","_exists_:(user_mau.1705.topfacemobappandroid OR user_mau.1705.topfacemobappios OR user_mau.1705.topface OR user_mau.1705.standalonetf)",407
"2017-04-01 00:00:00","first_app:standalonetf","_exists_:(user_mau.1706.topfacemobappandroid OR user_mau.1706.topfacemobappios OR user_mau.1706.topface OR user_mau.1706.standalonetf)",210
"2017-04-01 00:00:00","first_app:standalonetf","_exists_:(user_mau.1707.topfacemobappandroid OR user_mau.1707.topfacemobappios OR user_mau.1707.topface OR user_mau.1707.standalonetf)",157
"2017-04-01 00:00:00","first_app:standalonetf","_exists_:(user_mau.1708.topfacemobappandroid OR user_mau.1708.topfacemobappios OR user_mau.1708.topface OR user_mau.1708.standalonetf)",149
"2017-04-01 00:00:00","first_app:standalonetf","_exists_:(user_mau.1709.topfacemobappandroid OR user_mau.1709.topfacemobappios OR user_mau.1709.topface OR user_mau.1709.standalonetf)",138
"2017-04-01 00:00:00","first_app:standalonetf","_exists_:(user_mau.1710.topfacemobappandroid OR user_mau.1710.topfacemobappios OR user_mau.1710.topface OR user_mau.1710.standalonetf)",113
"2017-04-01 00:00:00","first_app:standalonetf","_exists_:(user_mau.1711.topfacemobappandroid OR user_mau.1711.topfacemobappios OR user_mau.1711.topface OR user_mau.1711.standalonetf)",99
"2017-04-01 00:00:00","first_app:standalonetf","_exists_:(user_mau.1712.topfacemobappandroid OR user_mau.1712.topfacemobappios OR user_mau.1712.topface OR user_mau.1712.standalonetf)",87
"2017-04-01 00:00:00","first_app:standalonetf","_exists_:(user_mau.1801.topfacemobappandroid OR user_mau.1801.topfacemobappios OR user_mau.1801.topface OR user_mau.1801.standalonetf)",77
"2017-04-01 00:00:00","first_app:standalonetf","_exists_:(user_mau.1802.topfacemobappandroid OR user_mau.1802.topfacemobappios OR user_mau.1802.topface OR user_mau.1802.standalonetf)",65
"2017-04-01 00:00:00","first_app:topface AND platform:vk","*",52
"2017-04-01 00:00:00","first_app:topface AND platform:vk","_exists_:(user_mau.1501.topfacemobappandroid OR user_mau.1501.topfacemobappios OR user_mau.1501.topface OR user_mau.1501.standalonetf)",0
"2017-04-01 00:00:00","first_app:topface AND platform:vk","_exists_:(user_mau.1502.topfacemobappandroid OR user_mau.1502.topfacemobappios OR user_mau.1502.topface OR user_mau.1502.standalonetf)",0
"2017-04-01 00:00:00","first_app:topface AND platform:vk","_exists_:(user_mau.1503.topfacemobappandroid OR user_mau.1503.topfacemobappios OR user_mau.1503.topface OR user_mau.1503.standalonetf)",0
"2017-04-01 00:00:00","first_app:topface AND platform:vk","_exists_:(user_mau.1504.topfacemobappandroid OR user_mau.1504.topfacemobappios OR user_mau.1504.topface OR user_mau.1504.standalonetf)",0
"2017-04-01 00:00:00","first_app:topface AND platform:vk","_exists_:(user_mau.1505.topfacemobappandroid OR user_mau.1505.topfacemobappios OR user_mau.1505.topface OR user_mau.1505.standalonetf)",0
"2017-04-01 00:00:00","first_app:topface AND platform:vk","_exists_:(user_mau.1506.topfacemobappandroid OR user_mau.1506.topfacemobappios OR user_mau.1506.topface OR user_mau.1506.standalonetf)",0
"2017-04-01 00:00:00","first_app:topface AND platform:vk","_exists_:(user_mau.1507.topfacemobappandroid OR user_mau.1507.topfacemobappios OR user_mau.1507.topface OR user_mau.1507.standalonetf)",0
"2017-04-01 00:00:00","first_app:topface AND platform:vk","_exists_:(user_mau.1508.topfacemobappandroid OR user_mau.1508.topfacemobappios OR user_mau.1508.topface OR user_mau.1508.standalonetf)",0
"2017-04-01 00:00:00","first_app:topface AND platform:vk","_exists_:(user_mau.1509.topfacemobappandroid OR user_mau.1509.topfacemobappios OR user_mau.1509.topface OR user_mau.1509.standalonetf)",0
"2017-04-01 00:00:00","first_app:topface AND platform:vk","_exists_:(user_mau.1510.topfacemobappandroid OR user_mau.1510.topfacemobappios OR user_mau.1510.topface OR user_mau.1510.standalonetf)",0
"2017-04-01 00:00:00","first_app:topface AND platform:vk","_exists_:(user_mau.1511.topfacemobappandroid OR user_mau.1511.topfacemobappios OR user_mau.1511.topface OR user_mau.1511.standalonetf)",0
"2017-04-01 00:00:00","first_app:topface AND platform:vk","_exists_:(user_mau.1512.topfacemobappandroid OR user_mau.1512.topfacemobappios OR user_mau.1512.topface OR user_mau.1512.standalonetf)",0
"2017-04-01 00:00:00","first_app:topface AND platform:vk","_exists_:(user_mau.1601.topfacemobappandroid OR user_mau.1601.topfacemobappios OR user_mau.1601.topface OR user_mau.1601.standalonetf)",0
"2017-04-01 00:00:00","first_app:topface AND platform:vk","_exists_:(user_mau.1602.topfacemobappandroid OR user_mau.1602.topfacemobappios OR user_mau.1602.topface OR user_mau.1602.standalonetf)",0
"2017-04-01 00:00:00","first_app:topface AND platform:vk","_exists_:(user_mau.1603.topfacemobappandroid OR user_mau.1603.topfacemobappios OR user_mau.1603.topface OR user_mau.1603.standalonetf)",0
"2017-04-01 00:00:00","first_app:topface AND platform:vk","_exists_:(user_mau.1604.topfacemobappandroid OR user_mau.1604.topfacemobappios OR user_mau.1604.topface OR user_mau.1604.standalonetf)",0
"2017-04-01 00:00:00","first_app:topface AND platform:vk","_exists_:(user_mau.1605.topfacemobappandroid OR user_mau.1605.topfacemobappios OR user_mau.1605.topface OR user_mau.1605.standalonetf)",0
"2017-04-01 00:00:00","first_app:topface AND platform:vk","_exists_:(user_mau.1606.topfacemobappandroid OR user_mau.1606.topfacemobappios OR user_mau.1606.topface OR user_mau.1606.standalonetf)",0
"2017-04-01 00:00:00","first_app:topface AND platform:vk","_exists_:(user_mau.1607.topfacemobappandroid OR user_mau.1607.topfacemobappios OR user_mau.1607.topface OR user_mau.1607.standalonetf)",0
"2017-04-01 00:00:00","first_app:topface AND platform:vk","_exists_:(user_mau.1608.topfacemobappandroid OR user_mau.1608.topfacemobappios OR user_mau.1608.topface OR user_mau.1608.standalonetf)",0
"2017-04-01 00:00:00","first_app:topface AND platform:vk","_exists_:(user_mau.1609.topfacemobappandroid OR user_mau.1609.topfacemobappios OR user_mau.1609.topface OR user_mau.1609.standalonetf)",0
"2017-04-01 00:00:00","first_app:topface AND platform:vk","_exists_:(user_mau.1610.topfacemobappandroid OR user_mau.1610.topfacemobappios OR user_mau.1610.topface OR user_mau.1610.standalonetf)",0
"2017-04-01 00:00:00","first_app:topface AND platform:vk","_exists_:(user_mau.1611.topfacemobappandroid OR user_mau.1611.topfacemobappios OR user_mau.1611.topface OR user_mau.1611.standalonetf)",0
"2017-04-01 00:00:00","first_app:topface AND platform:vk","_exists_:(user_mau.1612.topfacemobappandroid OR user_mau.1612.topfacemobappios OR user_mau.1612.topface OR user_mau.1612.standalonetf)",0
"2017-04-01 00:00:00","first_app:topface AND platform:vk","_exists_:(user_mau.1701.topfacemobappandroid OR user_mau.1701.topfacemobappios OR user_mau.1701.topface OR user_mau.1701.standalonetf)",0
"2017-04-01 00:00:00","first_app:topface AND platform:vk","_exists_:(user_mau.1702.topfacemobappandroid OR user_mau.1702.topfacemobappios OR user_mau.1702.topface OR user_mau.1702.standalonetf)",0
"2017-04-01 00:00:00","first_app:topface AND platform:vk","_exists_:(user_mau.1703.topfacemobappandroid OR user_mau.1703.topfacemobappios OR user_mau.1703.topface OR user_mau.1703.standalonetf)",0
"2017-04-01 00:00:00","first_app:topface AND platform:vk","_exists_:(user_mau.1704.topfacemobappandroid OR user_mau.1704.topfacemobappios OR user_mau.1704.topface OR user_mau.1704.standalonetf)",52
"2017-04-01 00:00:00","first_app:topface AND platform:vk","_exists_:(user_mau.1705.topfacemobappandroid OR user_mau.1705.topfacemobappios OR user_mau.1705.topface OR user_mau.1705.standalonetf)",22
"2017-04-01 00:00:00","first_app:topface AND platform:vk","_exists_:(user_mau.1706.topfacemobappandroid OR user_mau.1706.topfacemobappios OR user_mau.1706.topface OR user_mau.1706.standalonetf)",16
"2017-04-01 00:00:00","first_app:topface AND platform:vk","_exists_:(user_mau.1707.topfacemobappandroid OR user_mau.1707.topfacemobappios OR user_mau.1707.topface OR user_mau.1707.standalonetf)",13
"2017-04-01 00:00:00","first_app:topface AND platform:vk","_exists_:(user_mau.1708.topfacemobappandroid OR user_mau.1708.topfacemobappios OR user_mau.1708.topface OR user_mau.1708.standalonetf)",12
"2017-04-01 00:00:00","first_app:topface AND platform:vk","_exists_:(user_mau.1709.topfacemobappandroid OR user_mau.1709.topfacemobappios OR user_mau.1709.topface OR user_mau.1709.standalonetf)",9
"2017-04-01 00:00:00","first_app:topface AND platform:vk","_exists_:(user_mau.1710.topfacemobappandroid OR user_mau.1710.topfacemobappios OR user_mau.1710.topface OR user_mau.1710.standalonetf)",8
"2017-04-01 00:00:00","first_app:topface AND platform:vk","_exists_:(user_mau.1711.topfacemobappandroid OR user_mau.1711.topfacemobappios OR user_mau.1711.topface OR user_mau.1711.standalonetf)",6
"2017-04-01 00:00:00","first_app:topface AND platform:vk","_exists_:(user_mau.1712.topfacemobappandroid OR user_mau.1712.topfacemobappios OR user_mau.1712.topface OR user_mau.1712.standalonetf)",4
"2017-04-01 00:00:00","first_app:topface AND platform:vk","_exists_:(user_mau.1801.topfacemobappandroid OR user_mau.1801.topfacemobappios OR user_mau.1801.topface OR user_mau.1801.standalonetf)",4
"2017-04-01 00:00:00","first_app:topface AND platform:vk","_exists_:(user_mau.1802.topfacemobappandroid OR user_mau.1802.topfacemobappios OR user_mau.1802.topface OR user_mau.1802.standalonetf)",4
"2017-04-01 00:00:00","first_app:topface AND platform:ok","*",9
"2017-04-01 00:00:00","first_app:topface AND platform:ok","_exists_:(user_mau.1501.topfacemobappandroid OR user_mau.1501.topfacemobappios OR user_mau.1501.topface OR user_mau.1501.standalonetf)",0
"2017-04-01 00:00:00","first_app:topface AND platform:ok","_exists_:(user_mau.1502.topfacemobappandroid OR user_mau.1502.topfacemobappios OR user_mau.1502.topface OR user_mau.1502.standalonetf)",0
"2017-04-01 00:00:00","first_app:topface AND platform:ok","_exists_:(user_mau.1503.topfacemobappandroid OR user_mau.1503.topfacemobappios OR user_mau.1503.topface OR user_mau.1503.standalonetf)",0
"2017-04-01 00:00:00","first_app:topface AND platform:ok","_exists_:(user_mau.1504.topfacemobappandroid OR user_mau.1504.topfacemobappios OR user_mau.1504.topface OR user_mau.1504.standalonetf)",0
"2017-04-01 00:00:00","first_app:topface AND platform:ok","_exists_:(user_mau.1505.topfacemobappandroid OR user_mau.1505.topfacemobappios OR user_mau.1505.topface OR user_mau.1505.standalonetf)",0
"2017-04-01 00:00:00","first_app:topface AND platform:ok","_exists_:(user_mau.1506.topfacemobappandroid OR user_mau.1506.topfacemobappios OR user_mau.1506.topface OR user_mau.1506.standalonetf)",0
"2017-04-01 00:00:00","first_app:topface AND platform:ok","_exists_:(user_mau.1507.topfacemobappandroid OR user_mau.1507.topfacemobappios OR user_mau.1507.topface OR user_mau.1507.standalonetf)",0
"2017-04-01 00:00:00","first_app:topface AND platform:ok","_exists_:(user_mau.1508.topfacemobappandroid OR user_mau.1508.topfacemobappios OR user_mau.1508.topface OR user_mau.1508.standalonetf)",0
"2017-04-01 00:00:00","first_app:topface AND platform:ok","_exists_:(user_mau.1509.topfacemobappandroid OR user_mau.1509.topfacemobappios OR user_mau.1509.topface OR user_mau.1509.standalonetf)",0
"2017-04-01 00:00:00","first_app:topface AND platform:ok","_exists_:(user_mau.1510.topfacemobappandroid OR user_mau.1510.topfacemobappios OR user_mau.1510.topface OR user_mau.1510.standalonetf)",0
"2017-04-01 00:00:00","first_app:topface AND platform:ok","_exists_:(user_mau.1511.topfacemobappandroid OR user_mau.1511.topfacemobappios OR user_mau.1511.topface OR user_mau.1511.standalonetf)",0
"2017-04-01 00:00:00","first_app:topface AND platform:ok","_exists_:(user_mau.1512.topfacemobappandroid OR user_mau.1512.topfacemobappios OR user_mau.1512.topface OR user_mau.1512.standalonetf)",0
"2017-04-01 00:00:00","first_app:topface AND platform:ok","_exists_:(user_mau.1601.topfacemobappandroid OR user_mau.1601.topfacemobappios OR user_mau.1601.topface OR user_mau.1601.standalonetf)",0
"2017-04-01 00:00:00","first_app:topface AND platform:ok","_exists_:(user_mau.1602.topfacemobappandroid OR user_mau.1602.topfacemobappios OR user_mau.1602.topface OR user_mau.1602.standalonetf)",0
"2017-04-01 00:00:00","first_app:topface AND platform:ok","_exists_:(user_mau.1603.topfacemobappandroid OR user_mau.1603.topfacemobappios OR user_mau.1603.topface OR user_mau.1603.standalonetf)",0
"2017-04-01 00:00:00","first_app:topface AND platform:ok","_exists_:(user_mau.1604.topfacemobappandroid OR user_mau.1604.topfacemobappios OR user_mau.1604.topface OR user_mau.1604.standalonetf)",0
"2017-04-01 00:00:00","first_app:topface AND platform:ok","_exists_:(user_mau.1605.topfacemobappandroid OR user_mau.1605.topfacemobappios OR user_mau.1605.topface OR user_mau.1605.standalonetf)",0
"2017-04-01 00:00:00","first_app:topface AND platform:ok","_exists_:(user_mau.1606.topfacemobappandroid OR user_mau.1606.topfacemobappios OR user_mau.1606.topface OR user_mau.1606.standalonetf)",0
"2017-04-01 00:00:00","first_app:topface AND platform:ok","_exists_:(user_mau.1607.topfacemobappandroid OR user_mau.1607.topfacemobappios OR user_mau.1607.topface OR user_mau.1607.standalonetf)",0
"2017-04-01 00:00:00","first_app:topface AND platform:ok","_exists_:(user_mau.1608.topfacemobappandroid OR user_mau.1608.topfacemobappios OR user_mau.1608.topface OR user_mau.1608.standalonetf)",0
"2017-04-01 00:00:00","first_app:topface AND platform:ok","_exists_:(user_mau.1609.topfacemobappandroid OR user_mau.1609.topfacemobappios OR user_mau.1609.topface OR user_mau.1609.standalonetf)",0
"2017-04-01 00:00:00","first_app:topface AND platform:ok","_exists_:(user_mau.1610.topfacemobappandroid OR user_mau.1610.topfacemobappios OR user_mau.1610.topface OR user_mau.1610.standalonetf)",0
"2017-04-01 00:00:00","first_app:topface AND platform:ok","_exists_:(user_mau.1611.topfacemobappandroid OR user_mau.1611.topfacemobappios OR user_mau.1611.topface OR user_mau.1611.standalonetf)",0
"2017-04-01 00:00:00","first_app:topface AND platform:ok","_exists_:(user_mau.1612.topfacemobappandroid OR user_mau.1612.topfacemobappios OR user_mau.1612.topface OR user_mau.1612.standalonetf)",0
"2017-04-01 00:00:00","first_app:topface AND platform:ok","_exists_:(user_mau.1701.topfacemobappandroid OR user_mau.1701.topfacemobappios OR user_mau.1701.topface OR user_mau.1701.standalonetf)",0
"2017-04-01 00:00:00","first_app:topface AND platform:ok","_exists_:(user_mau.1702.topfacemobappandroid OR user_mau.1702.topfacemobappios OR user_mau.1702.topface OR user_mau.1702.standalonetf)",0
"2017-04-01 00:00:00","first_app:topface AND platform:ok","_exists_:(user_mau.1703.topfacemobappandroid OR user_mau.1703.topfacemobappios OR user_mau.1703.topface OR user_mau.1703.standalonetf)",0
"2017-04-01 00:00:00","first_app:topface AND platform:ok","_exists_:(user_mau.1704.topfacemobappandroid OR user_mau.1704.topfacemobappios OR user_mau.1704.topface OR user_mau.1704.standalonetf)",9
"2017-04-01 00:00:00","first_app:topface AND platform:ok","_exists_:(user_mau.1705.topfacemobappandroid OR user_mau.1705.topfacemobappios OR user_mau.1705.topface OR user_mau.1705.standalonetf)",3
"2017-04-01 00:00:00","first_app:topface AND platform:ok","_exists_:(user_mau.1706.topfacemobappandroid OR user_mau.1706.topfacemobappios OR user_mau.1706.topface OR user_mau.1706.standalonetf)",2
"2017-04-01 00:00:00","first_app:topface AND platform:ok","_exists_:(user_mau.1707.topfacemobappandroid OR user_mau.1707.topfacemobappios OR user_mau.1707.topface OR user_mau.1707.standalonetf)",1
"2017-04-01 00:00:00","first_app:topface AND platform:ok","_exists_:(user_mau.1708.topfacemobappandroid OR user_mau.1708.topfacemobappios OR user_mau.1708.topface OR user_mau.1708.standalonetf)",2
"2017-04-01 00:00:00","first_app:topface AND platform:ok","_exists_:(user_mau.1709.topfacemobappandroid OR user_mau.1709.topfacemobappios OR user_mau.1709.topface OR user_mau.1709.standalonetf)",3
"2017-04-01 00:00:00","first_app:topface AND platform:ok","_exists_:(user_mau.1710.topfacemobappandroid OR user_mau.1710.topfacemobappios OR user_mau.1710.topface OR user_mau.1710.standalonetf)",2
"2017-04-01 00:00:00","first_app:topface AND platform:ok","_exists_:(user_mau.1711.topfacemobappandroid OR user_mau.1711.topfacemobappios OR user_mau.1711.topface OR user_mau.1711.standalonetf)",1
"2017-04-01 00:00:00","first_app:topface AND platform:ok","_exists_:(user_mau.1712.topfacemobappandroid OR user_mau.1712.topfacemobappios OR user_mau.1712.topface OR user_mau.1712.standalonetf)",1
"2017-04-01 00:00:00","first_app:topface AND platform:ok","_exists_:(user_mau.1801.topfacemobappandroid OR user_mau.1801.topfacemobappios OR user_mau.1801.topface OR user_mau.1801.standalonetf)",1
"2017-04-01 00:00:00","first_app:topface AND platform:ok","_exists_:(user_mau.1802.topfacemobappandroid OR user_mau.1802.topfacemobappios OR user_mau.1802.topface OR user_mau.1802.standalonetf)",0
"2017-04-01 00:00:00","first_app:topface AND platform:fb","*",10
"2017-04-01 00:00:00","first_app:topface AND platform:fb","_exists_:(user_mau.1501.topfacemobappandroid OR user_mau.1501.topfacemobappios OR user_mau.1501.topface OR user_mau.1501.standalonetf)",0
"2017-04-01 00:00:00","first_app:topface AND platform:fb","_exists_:(user_mau.1502.topfacemobappandroid OR user_mau.1502.topfacemobappios OR user_mau.1502.topface OR user_mau.1502.standalonetf)",0
"2017-04-01 00:00:00","first_app:topface AND platform:fb","_exists_:(user_mau.1503.topfacemobappandroid OR user_mau.1503.topfacemobappios OR user_mau.1503.topface OR user_mau.1503.standalonetf)",0
"2017-04-01 00:00:00","first_app:topface AND platform:fb","_exists_:(user_mau.1504.topfacemobappandroid OR user_mau.1504.topfacemobappios OR user_mau.1504.topface OR user_mau.1504.standalonetf)",0
"2017-04-01 00:00:00","first_app:topface AND platform:fb","_exists_:(user_mau.1505.topfacemobappandroid OR user_mau.1505.topfacemobappios OR user_mau.1505.topface OR user_mau.1505.standalonetf)",0
"2017-04-01 00:00:00","first_app:topface AND platform:fb","_exists_:(user_mau.1506.topfacemobappandroid OR user_mau.1506.topfacemobappios OR user_mau.1506.topface OR user_mau.1506.standalonetf)",0
"2017-04-01 00:00:00","first_app:topface AND platform:fb","_exists_:(user_mau.1507.topfacemobappandroid OR user_mau.1507.topfacemobappios OR user_mau.1507.topface OR user_mau.1507.standalonetf)",0
"2017-04-01 00:00:00","first_app:topface AND platform:fb","_exists_:(user_mau.1508.topfacemobappandroid OR user_mau.1508.topfacemobappios OR user_mau.1508.topface OR user_mau.1508.standalonetf)",0
"2017-04-01 00:00:00","first_app:topface AND platform:fb","_exists_:(user_mau.1509.topfacemobappandroid OR user_mau.1509.topfacemobappios OR user_mau.1509.topface OR user_mau.1509.standalonetf)",0
"2017-04-01 00:00:00","first_app:topface AND platform:fb","_exists_:(user_mau.1510.topfacemobappandroid OR user_mau.1510.topfacemobappios OR user_mau.1510.topface OR user_mau.1510.standalonetf)",0
"2017-04-01 00:00:00","first_app:topface AND platform:fb","_exists_:(user_mau.1511.topfacemobappandroid OR user_mau.1511.topfacemobappios OR user_mau.1511.topface OR user_mau.1511.standalonetf)",0
"2017-04-01 00:00:00","first_app:topface AND platform:fb","_exists_:(user_mau.1512.topfacemobappandroid OR user_mau.1512.topfacemobappios OR user_mau.1512.topface OR user_mau.1512.standalonetf)",0
"2017-04-01 00:00:00","first_app:topface AND platform:fb","_exists_:(user_mau.1601.topfacemobappandroid OR user_mau.1601.topfacemobappios OR user_mau.1601.topface OR user_mau.1601.standalonetf)",0
"2017-04-01 00:00:00","first_app:topface AND platform:fb","_exists_:(user_mau.1602.topfacemobappandroid OR user_mau.1602.topfacemobappios OR user_mau.1602.topface OR user_mau.1602.standalonetf)",0
"2017-04-01 00:00:00","first_app:topface AND platform:fb","_exists_:(user_mau.1603.topfacemobappandroid OR user_mau.1603.topfacemobappios OR user_mau.1603.topface OR user_mau.1603.standalonetf)",0
"2017-04-01 00:00:00","first_app:topface AND platform:fb","_exists_:(user_mau.1604.topfacemobappandroid OR user_mau.1604.topfacemobappios OR user_mau.1604.topface OR user_mau.1604.standalonetf)",0
"2017-04-01 00:00:00","first_app:topface AND platform:fb","_exists_:(user_mau.1605.topfacemobappandroid OR user_mau.1605.topfacemobappios OR user_mau.1605.topface OR user_mau.1605.standalonetf)",0
"2017-04-01 00:00:00","first_app:topface AND platform:fb","_exists_:(user_mau.1606.topfacemobappandroid OR user_mau.1606.topfacemobappios OR user_mau.1606.topface OR user_mau.1606.standalonetf)",0
"2017-04-01 00:00:00","first_app:topface AND platform:fb","_exists_:(user_mau.1607.topfacemobappandroid OR user_mau.1607.topfacemobappios OR user_mau.1607.topface OR user_mau.1607.standalonetf)",0
"2017-04-01 00:00:00","first_app:topface AND platform:fb","_exists_:(user_mau.1608.topfacemobappandroid OR user_mau.1608.topfacemobappios OR user_mau.1608.topface OR user_mau.1608.standalonetf)",0
"2017-04-01 00:00:00","first_app:topface AND platform:fb","_exists_:(user_mau.1609.topfacemobappandroid OR user_mau.1609.topfacemobappios OR user_mau.1609.topface OR user_mau.1609.standalonetf)",0
"2017-04-01 00:00:00","first_app:topface AND platform:fb","_exists_:(user_mau.1610.topfacemobappandroid OR user_mau.1610.topfacemobappios OR user_mau.1610.topface OR user_mau.1610.standalonetf)",0
"2017-04-01 00:00:00","first_app:topface AND platform:fb","_exists_:(user_mau.1611.topfacemobappandroid OR user_mau.1611.topfacemobappios OR user_mau.1611.topface OR user_mau.1611.standalonetf)",0
"2017-04-01 00:00:00","first_app:topface AND platform:fb","_exists_:(user_mau.1612.topfacemobappandroid OR user_mau.1612.topfacemobappios OR user_mau.1612.topface OR user_mau.1612.standalonetf)",0
"2017-04-01 00:00:00","first_app:topface AND platform:fb","_exists_:(user_mau.1701.topfacemobappandroid OR user_mau.1701.topfacemobappios OR user_mau.1701.topface OR user_mau.1701.standalonetf)",0
"2017-04-01 00:00:00","first_app:topface AND platform:fb","_exists_:(user_mau.1702.topfacemobappandroid OR user_mau.1702.topfacemobappios OR user_mau.1702.topface OR user_mau.1702.standalonetf)",0
"2017-04-01 00:00:00","first_app:topface AND platform:fb","_exists_:(user_mau.1703.topfacemobappandroid OR user_mau.1703.topfacemobappios OR user_mau.1703.topface OR user_mau.1703.standalonetf)",0
"2017-04-01 00:00:00","first_app:topface AND platform:fb","_exists_:(user_mau.1704.topfacemobappandroid OR user_mau.1704.topfacemobappios OR user_mau.1704.topface OR user_mau.1704.standalonetf)",10
"2017-04-01 00:00:00","first_app:topface AND platform:fb","_exists_:(user_mau.1705.topfacemobappandroid OR user_mau.1705.topfacemobappios OR user_mau.1705.topface OR user_mau.1705.standalonetf)",3
"2017-04-01 00:00:00","first_app:topface AND platform:fb","_exists_:(user_mau.1706.topfacemobappandroid OR user_mau.1706.topfacemobappios OR user_mau.1706.topface OR user_mau.1706.standalonetf)",2
"2017-04-01 00:00:00","first_app:topface AND platform:fb","_exists_:(user_mau.1707.topfacemobappandroid OR user_mau.1707.topfacemobappios OR user_mau.1707.topface OR user_mau.1707.standalonetf)",1
"2017-04-01 00:00:00","first_app:topface AND platform:fb","_exists_:(user_mau.1708.topfacemobappandroid OR user_mau.1708.topfacemobappios OR user_mau.1708.topface OR user_mau.1708.standalonetf)",0
"2017-04-01 00:00:00","first_app:topface AND platform:fb","_exists_:(user_mau.1709.topfacemobappandroid OR user_mau.1709.topfacemobappios OR user_mau.1709.topface OR user_mau.1709.standalonetf)",3
"2017-04-01 00:00:00","first_app:topface AND platform:fb","_exists_:(user_mau.1710.topfacemobappandroid OR user_mau.1710.topfacemobappios OR user_mau.1710.topface OR user_mau.1710.standalonetf)",2
"2017-04-01 00:00:00","first_app:topface AND platform:fb","_exists_:(user_mau.1711.topfacemobappandroid OR user_mau.1711.topfacemobappios OR user_mau.1711.topface OR user_mau.1711.standalonetf)",0
"2017-04-01 00:00:00","first_app:topface AND platform:fb","_exists_:(user_mau.1712.topfacemobappandroid OR user_mau.1712.topfacemobappios OR user_mau.1712.topface OR user_mau.1712.standalonetf)",0
"2017-04-01 00:00:00","first_app:topface AND platform:fb","_exists_:(user_mau.1801.topfacemobappandroid OR user_mau.1801.topfacemobappios OR user_mau.1801.topface OR user_mau.1801.standalonetf)",1
"2017-04-01 00:00:00","first_app:topface AND platform:fb","_exists_:(user_mau.1802.topfacemobappandroid OR user_mau.1802.topfacemobappios OR user_mau.1802.topface OR user_mau.1802.standalonetf)",1
"2017-05-01 00:00:00","first_app:topfacemobappandroid","*","93,918"
"2017-05-01 00:00:00","first_app:topfacemobappandroid","_exists_:(user_mau.1501.topfacemobappandroid OR user_mau.1501.topfacemobappios OR user_mau.1501.topface OR user_mau.1501.standalonetf)",0
"2017-05-01 00:00:00","first_app:topfacemobappandroid","_exists_:(user_mau.1502.topfacemobappandroid OR user_mau.1502.topfacemobappios OR user_mau.1502.topface OR user_mau.1502.standalonetf)",0
"2017-05-01 00:00:00","first_app:topfacemobappandroid","_exists_:(user_mau.1503.topfacemobappandroid OR user_mau.1503.topfacemobappios OR user_mau.1503.topface OR user_mau.1503.standalonetf)",0
"2017-05-01 00:00:00","first_app:topfacemobappandroid","_exists_:(user_mau.1504.topfacemobappandroid OR user_mau.1504.topfacemobappios OR user_mau.1504.topface OR user_mau.1504.standalonetf)",0
"2017-05-01 00:00:00","first_app:topfacemobappandroid","_exists_:(user_mau.1505.topfacemobappandroid OR user_mau.1505.topfacemobappios OR user_mau.1505.topface OR user_mau.1505.standalonetf)",0
"2017-05-01 00:00:00","first_app:topfacemobappandroid","_exists_:(user_mau.1506.topfacemobappandroid OR user_mau.1506.topfacemobappios OR user_mau.1506.topface OR user_mau.1506.standalonetf)",0
"2017-05-01 00:00:00","first_app:topfacemobappandroid","_exists_:(user_mau.1507.topfacemobappandroid OR user_mau.1507.topfacemobappios OR user_mau.1507.topface OR user_mau.1507.standalonetf)",0
"2017-05-01 00:00:00","first_app:topfacemobappandroid","_exists_:(user_mau.1508.topfacemobappandroid OR user_mau.1508.topfacemobappios OR user_mau.1508.topface OR user_mau.1508.standalonetf)",0
"2017-05-01 00:00:00","first_app:topfacemobappandroid","_exists_:(user_mau.1509.topfacemobappandroid OR user_mau.1509.topfacemobappios OR user_mau.1509.topface OR user_mau.1509.standalonetf)",0
"2017-05-01 00:00:00","first_app:topfacemobappandroid","_exists_:(user_mau.1510.topfacemobappandroid OR user_mau.1510.topfacemobappios OR user_mau.1510.topface OR user_mau.1510.standalonetf)",0
"2017-05-01 00:00:00","first_app:topfacemobappandroid","_exists_:(user_mau.1511.topfacemobappandroid OR user_mau.1511.topfacemobappios OR user_mau.1511.topface OR user_mau.1511.standalonetf)",0
"2017-05-01 00:00:00","first_app:topfacemobappandroid","_exists_:(user_mau.1512.topfacemobappandroid OR user_mau.1512.topfacemobappios OR user_mau.1512.topface OR user_mau.1512.standalonetf)",0
"2017-05-01 00:00:00","first_app:topfacemobappandroid","_exists_:(user_mau.1601.topfacemobappandroid OR user_mau.1601.topfacemobappios OR user_mau.1601.topface OR user_mau.1601.standalonetf)",0
"2017-05-01 00:00:00","first_app:topfacemobappandroid","_exists_:(user_mau.1602.topfacemobappandroid OR user_mau.1602.topfacemobappios OR user_mau.1602.topface OR user_mau.1602.standalonetf)",0
"2017-05-01 00:00:00","first_app:topfacemobappandroid","_exists_:(user_mau.1603.topfacemobappandroid OR user_mau.1603.topfacemobappios OR user_mau.1603.topface OR user_mau.1603.standalonetf)",0
"2017-05-01 00:00:00","first_app:topfacemobappandroid","_exists_:(user_mau.1604.topfacemobappandroid OR user_mau.1604.topfacemobappios OR user_mau.1604.topface OR user_mau.1604.standalonetf)",0
"2017-05-01 00:00:00","first_app:topfacemobappandroid","_exists_:(user_mau.1605.topfacemobappandroid OR user_mau.1605.topfacemobappios OR user_mau.1605.topface OR user_mau.1605.standalonetf)",0
"2017-05-01 00:00:00","first_app:topfacemobappandroid","_exists_:(user_mau.1606.topfacemobappandroid OR user_mau.1606.topfacemobappios OR user_mau.1606.topface OR user_mau.1606.standalonetf)",0
"2017-05-01 00:00:00","first_app:topfacemobappandroid","_exists_:(user_mau.1607.topfacemobappandroid OR user_mau.1607.topfacemobappios OR user_mau.1607.topface OR user_mau.1607.standalonetf)",0
"2017-05-01 00:00:00","first_app:topfacemobappandroid","_exists_:(user_mau.1608.topfacemobappandroid OR user_mau.1608.topfacemobappios OR user_mau.1608.topface OR user_mau.1608.standalonetf)",0
"2017-05-01 00:00:00","first_app:topfacemobappandroid","_exists_:(user_mau.1609.topfacemobappandroid OR user_mau.1609.topfacemobappios OR user_mau.1609.topface OR user_mau.1609.standalonetf)",0
"2017-05-01 00:00:00","first_app:topfacemobappandroid","_exists_:(user_mau.1610.topfacemobappandroid OR user_mau.1610.topfacemobappios OR user_mau.1610.topface OR user_mau.1610.standalonetf)",0
"2017-05-01 00:00:00","first_app:topfacemobappandroid","_exists_:(user_mau.1611.topfacemobappandroid OR user_mau.1611.topfacemobappios OR user_mau.1611.topface OR user_mau.1611.standalonetf)",0
"2017-05-01 00:00:00","first_app:topfacemobappandroid","_exists_:(user_mau.1612.topfacemobappandroid OR user_mau.1612.topfacemobappios OR user_mau.1612.topface OR user_mau.1612.standalonetf)",0
"2017-05-01 00:00:00","first_app:topfacemobappandroid","_exists_:(user_mau.1701.topfacemobappandroid OR user_mau.1701.topfacemobappios OR user_mau.1701.topface OR user_mau.1701.standalonetf)",0
"2017-05-01 00:00:00","first_app:topfacemobappandroid","_exists_:(user_mau.1702.topfacemobappandroid OR user_mau.1702.topfacemobappios OR user_mau.1702.topface OR user_mau.1702.standalonetf)",0
"2017-05-01 00:00:00","first_app:topfacemobappandroid","_exists_:(user_mau.1703.topfacemobappandroid OR user_mau.1703.topfacemobappios OR user_mau.1703.topface OR user_mau.1703.standalonetf)",0
"2017-05-01 00:00:00","first_app:topfacemobappandroid","_exists_:(user_mau.1704.topfacemobappandroid OR user_mau.1704.topfacemobappios OR user_mau.1704.topface OR user_mau.1704.standalonetf)",0
"2017-05-01 00:00:00","first_app:topfacemobappandroid","_exists_:(user_mau.1705.topfacemobappandroid OR user_mau.1705.topfacemobappios OR user_mau.1705.topface OR user_mau.1705.standalonetf)","93,918"
"2017-05-01 00:00:00","first_app:topfacemobappandroid","_exists_:(user_mau.1706.topfacemobappandroid OR user_mau.1706.topfacemobappios OR user_mau.1706.topface OR user_mau.1706.standalonetf)","17,328"
"2017-05-01 00:00:00","first_app:topfacemobappandroid","_exists_:(user_mau.1707.topfacemobappandroid OR user_mau.1707.topfacemobappios OR user_mau.1707.topface OR user_mau.1707.standalonetf)","8,924"
"2017-05-01 00:00:00","first_app:topfacemobappandroid","_exists_:(user_mau.1708.topfacemobappandroid OR user_mau.1708.topfacemobappios OR user_mau.1708.topface OR user_mau.1708.standalonetf)","5,434"
"2017-05-01 00:00:00","first_app:topfacemobappandroid","_exists_:(user_mau.1709.topfacemobappandroid OR user_mau.1709.topfacemobappios OR user_mau.1709.topface OR user_mau.1709.standalonetf)","4,514"
"2017-05-01 00:00:00","first_app:topfacemobappandroid","_exists_:(user_mau.1710.topfacemobappandroid OR user_mau.1710.topfacemobappios OR user_mau.1710.topface OR user_mau.1710.standalonetf)","3,869"
"2017-05-01 00:00:00","first_app:topfacemobappandroid","_exists_:(user_mau.1711.topfacemobappandroid OR user_mau.1711.topfacemobappios OR user_mau.1711.topface OR user_mau.1711.standalonetf)","3,399"
"2017-05-01 00:00:00","first_app:topfacemobappandroid","_exists_:(user_mau.1712.topfacemobappandroid OR user_mau.1712.topfacemobappios OR user_mau.1712.topface OR user_mau.1712.standalonetf)","2,677"
"2017-05-01 00:00:00","first_app:topfacemobappandroid","_exists_:(user_mau.1801.topfacemobappandroid OR user_mau.1801.topfacemobappios OR user_mau.1801.topface OR user_mau.1801.standalonetf)","2,194"
"2017-05-01 00:00:00","first_app:topfacemobappandroid","_exists_:(user_mau.1802.topfacemobappandroid OR user_mau.1802.topfacemobappios OR user_mau.1802.topface OR user_mau.1802.standalonetf)","1,844"
"2017-05-01 00:00:00","first_app:topfacemobappios","*","34,474"
"2017-05-01 00:00:00","first_app:topfacemobappios","_exists_:(user_mau.1501.topfacemobappandroid OR user_mau.1501.topfacemobappios OR user_mau.1501.topface OR user_mau.1501.standalonetf)",0
"2017-05-01 00:00:00","first_app:topfacemobappios","_exists_:(user_mau.1502.topfacemobappandroid OR user_mau.1502.topfacemobappios OR user_mau.1502.topface OR user_mau.1502.standalonetf)",0
"2017-05-01 00:00:00","first_app:topfacemobappios","_exists_:(user_mau.1503.topfacemobappandroid OR user_mau.1503.topfacemobappios OR user_mau.1503.topface OR user_mau.1503.standalonetf)",0
"2017-05-01 00:00:00","first_app:topfacemobappios","_exists_:(user_mau.1504.topfacemobappandroid OR user_mau.1504.topfacemobappios OR user_mau.1504.topface OR user_mau.1504.standalonetf)",0
"2017-05-01 00:00:00","first_app:topfacemobappios","_exists_:(user_mau.1505.topfacemobappandroid OR user_mau.1505.topfacemobappios OR user_mau.1505.topface OR user_mau.1505.standalonetf)",0
"2017-05-01 00:00:00","first_app:topfacemobappios","_exists_:(user_mau.1506.topfacemobappandroid OR user_mau.1506.topfacemobappios OR user_mau.1506.topface OR user_mau.1506.standalonetf)",0
"2017-05-01 00:00:00","first_app:topfacemobappios","_exists_:(user_mau.1507.topfacemobappandroid OR user_mau.1507.topfacemobappios OR user_mau.1507.topface OR user_mau.1507.standalonetf)",0
"2017-05-01 00:00:00","first_app:topfacemobappios","_exists_:(user_mau.1508.topfacemobappandroid OR user_mau.1508.topfacemobappios OR user_mau.1508.topface OR user_mau.1508.standalonetf)",0
"2017-05-01 00:00:00","first_app:topfacemobappios","_exists_:(user_mau.1509.topfacemobappandroid OR user_mau.1509.topfacemobappios OR user_mau.1509.topface OR user_mau.1509.standalonetf)",0
"2017-05-01 00:00:00","first_app:topfacemobappios","_exists_:(user_mau.1510.topfacemobappandroid OR user_mau.1510.topfacemobappios OR user_mau.1510.topface OR user_mau.1510.standalonetf)",0
"2017-05-01 00:00:00","first_app:topfacemobappios","_exists_:(user_mau.1511.topfacemobappandroid OR user_mau.1511.topfacemobappios OR user_mau.1511.topface OR user_mau.1511.standalonetf)",0
"2017-05-01 00:00:00","first_app:topfacemobappios","_exists_:(user_mau.1512.topfacemobappandroid OR user_mau.1512.topfacemobappios OR user_mau.1512.topface OR user_mau.1512.standalonetf)",0
"2017-05-01 00:00:00","first_app:topfacemobappios","_exists_:(user_mau.1601.topfacemobappandroid OR user_mau.1601.topfacemobappios OR user_mau.1601.topface OR user_mau.1601.standalonetf)",0
"2017-05-01 00:00:00","first_app:topfacemobappios","_exists_:(user_mau.1602.topfacemobappandroid OR user_mau.1602.topfacemobappios OR user_mau.1602.topface OR user_mau.1602.standalonetf)",0
"2017-05-01 00:00:00","first_app:topfacemobappios","_exists_:(user_mau.1603.topfacemobappandroid OR user_mau.1603.topfacemobappios OR user_mau.1603.topface OR user_mau.1603.standalonetf)",0
"2017-05-01 00:00:00","first_app:topfacemobappios","_exists_:(user_mau.1604.topfacemobappandroid OR user_mau.1604.topfacemobappios OR user_mau.1604.topface OR user_mau.1604.standalonetf)",0
"2017-05-01 00:00:00","first_app:topfacemobappios","_exists_:(user_mau.1605.topfacemobappandroid OR user_mau.1605.topfacemobappios OR user_mau.1605.topface OR user_mau.1605.standalonetf)",0
"2017-05-01 00:00:00","first_app:topfacemobappios","_exists_:(user_mau.1606.topfacemobappandroid OR user_mau.1606.topfacemobappios OR user_mau.1606.topface OR user_mau.1606.standalonetf)",0
"2017-05-01 00:00:00","first_app:topfacemobappios","_exists_:(user_mau.1607.topfacemobappandroid OR user_mau.1607.topfacemobappios OR user_mau.1607.topface OR user_mau.1607.standalonetf)",0
"2017-05-01 00:00:00","first_app:topfacemobappios","_exists_:(user_mau.1608.topfacemobappandroid OR user_mau.1608.topfacemobappios OR user_mau.1608.topface OR user_mau.1608.standalonetf)",0
"2017-05-01 00:00:00","first_app:topfacemobappios","_exists_:(user_mau.1609.topfacemobappandroid OR user_mau.1609.topfacemobappios OR user_mau.1609.topface OR user_mau.1609.standalonetf)",0
"2017-05-01 00:00:00","first_app:topfacemobappios","_exists_:(user_mau.1610.topfacemobappandroid OR user_mau.1610.topfacemobappios OR user_mau.1610.topface OR user_mau.1610.standalonetf)",0
"2017-05-01 00:00:00","first_app:topfacemobappios","_exists_:(user_mau.1611.topfacemobappandroid OR user_mau.1611.topfacemobappios OR user_mau.1611.topface OR user_mau.1611.standalonetf)",0
"2017-05-01 00:00:00","first_app:topfacemobappios","_exists_:(user_mau.1612.topfacemobappandroid OR user_mau.1612.topfacemobappios OR user_mau.1612.topface OR user_mau.1612.standalonetf)",0
"2017-05-01 00:00:00","first_app:topfacemobappios","_exists_:(user_mau.1701.topfacemobappandroid OR user_mau.1701.topfacemobappios OR user_mau.1701.topface OR user_mau.1701.standalonetf)",0
"2017-05-01 00:00:00","first_app:topfacemobappios","_exists_:(user_mau.1702.topfacemobappandroid OR user_mau.1702.topfacemobappios OR user_mau.1702.topface OR user_mau.1702.standalonetf)",0
"2017-05-01 00:00:00","first_app:topfacemobappios","_exists_:(user_mau.1703.topfacemobappandroid OR user_mau.1703.topfacemobappios OR user_mau.1703.topface OR user_mau.1703.standalonetf)",0
"2017-05-01 00:00:00","first_app:topfacemobappios","_exists_:(user_mau.1704.topfacemobappandroid OR user_mau.1704.topfacemobappios OR user_mau.1704.topface OR user_mau.1704.standalonetf)",0
"2017-05-01 00:00:00","first_app:topfacemobappios","_exists_:(user_mau.1705.topfacemobappandroid OR user_mau.1705.topfacemobappios OR user_mau.1705.topface OR user_mau.1705.standalonetf)","34,474"
"2017-05-01 00:00:00","first_app:topfacemobappios","_exists_:(user_mau.1706.topfacemobappandroid OR user_mau.1706.topfacemobappios OR user_mau.1706.topface OR user_mau.1706.standalonetf)","5,869"
"2017-05-01 00:00:00","first_app:topfacemobappios","_exists_:(user_mau.1707.topfacemobappandroid OR user_mau.1707.topfacemobappios OR user_mau.1707.topface OR user_mau.1707.standalonetf)","2,821"
"2017-05-01 00:00:00","first_app:topfacemobappios","_exists_:(user_mau.1708.topfacemobappandroid OR user_mau.1708.topfacemobappios OR user_mau.1708.topface OR user_mau.1708.standalonetf)","1,862"
"2017-05-01 00:00:00","first_app:topfacemobappios","_exists_:(user_mau.1709.topfacemobappandroid OR user_mau.1709.topfacemobappios OR user_mau.1709.topface OR user_mau.1709.standalonetf)","1,447"
"2017-05-01 00:00:00","first_app:topfacemobappios","_exists_:(user_mau.1710.topfacemobappandroid OR user_mau.1710.topfacemobappios OR user_mau.1710.topface OR user_mau.1710.standalonetf)","1,146"
"2017-05-01 00:00:00","first_app:topfacemobappios","_exists_:(user_mau.1711.topfacemobappandroid OR user_mau.1711.topfacemobappios OR user_mau.1711.topface OR user_mau.1711.standalonetf)",844
"2017-05-01 00:00:00","first_app:topfacemobappios","_exists_:(user_mau.1712.topfacemobappandroid OR user_mau.1712.topfacemobappios OR user_mau.1712.topface OR user_mau.1712.standalonetf)",711
"2017-05-01 00:00:00","first_app:topfacemobappios","_exists_:(user_mau.1801.topfacemobappandroid OR user_mau.1801.topfacemobappios OR user_mau.1801.topface OR user_mau.1801.standalonetf)",566
"2017-05-01 00:00:00","first_app:topfacemobappios","_exists_:(user_mau.1802.topfacemobappandroid OR user_mau.1802.topfacemobappios OR user_mau.1802.topface OR user_mau.1802.standalonetf)",473
"2017-05-01 00:00:00","first_app:standalonetf","*","2,444"
"2017-05-01 00:00:00","first_app:standalonetf","_exists_:(user_mau.1501.topfacemobappandroid OR user_mau.1501.topfacemobappios OR user_mau.1501.topface OR user_mau.1501.standalonetf)",0
"2017-05-01 00:00:00","first_app:standalonetf","_exists_:(user_mau.1502.topfacemobappandroid OR user_mau.1502.topfacemobappios OR user_mau.1502.topface OR user_mau.1502.standalonetf)",0
"2017-05-01 00:00:00","first_app:standalonetf","_exists_:(user_mau.1503.topfacemobappandroid OR user_mau.1503.topfacemobappios OR user_mau.1503.topface OR user_mau.1503.standalonetf)",0
"2017-05-01 00:00:00","first_app:standalonetf","_exists_:(user_mau.1504.topfacemobappandroid OR user_mau.1504.topfacemobappios OR user_mau.1504.topface OR user_mau.1504.standalonetf)",0
"2017-05-01 00:00:00","first_app:standalonetf","_exists_:(user_mau.1505.topfacemobappandroid OR user_mau.1505.topfacemobappios OR user_mau.1505.topface OR user_mau.1505.standalonetf)",0
"2017-05-01 00:00:00","first_app:standalonetf","_exists_:(user_mau.1506.topfacemobappandroid OR user_mau.1506.topfacemobappios OR user_mau.1506.topface OR user_mau.1506.standalonetf)",0
"2017-05-01 00:00:00","first_app:standalonetf","_exists_:(user_mau.1507.topfacemobappandroid OR user_mau.1507.topfacemobappios OR user_mau.1507.topface OR user_mau.1507.standalonetf)",0
"2017-05-01 00:00:00","first_app:standalonetf","_exists_:(user_mau.1508.topfacemobappandroid OR user_mau.1508.topfacemobappios OR user_mau.1508.topface OR user_mau.1508.standalonetf)",0
"2017-05-01 00:00:00","first_app:standalonetf","_exists_:(user_mau.1509.topfacemobappandroid OR user_mau.1509.topfacemobappios OR user_mau.1509.topface OR user_mau.1509.standalonetf)",0
"2017-05-01 00:00:00","first_app:standalonetf","_exists_:(user_mau.1510.topfacemobappandroid OR user_mau.1510.topfacemobappios OR user_mau.1510.topface OR user_mau.1510.standalonetf)",0
"2017-05-01 00:00:00","first_app:standalonetf","_exists_:(user_mau.1511.topfacemobappandroid OR user_mau.1511.topfacemobappios OR user_mau.1511.topface OR user_mau.1511.standalonetf)",0
"2017-05-01 00:00:00","first_app:standalonetf","_exists_:(user_mau.1512.topfacemobappandroid OR user_mau.1512.topfacemobappios OR user_mau.1512.topface OR user_mau.1512.standalonetf)",0
"2017-05-01 00:00:00","first_app:standalonetf","_exists_:(user_mau.1601.topfacemobappandroid OR user_mau.1601.topfacemobappios OR user_mau.1601.topface OR user_mau.1601.standalonetf)",0
"2017-05-01 00:00:00","first_app:standalonetf","_exists_:(user_mau.1602.topfacemobappandroid OR user_mau.1602.topfacemobappios OR user_mau.1602.topface OR user_mau.1602.standalonetf)",0
"2017-05-01 00:00:00","first_app:standalonetf","_exists_:(user_mau.1603.topfacemobappandroid OR user_mau.1603.topfacemobappios OR user_mau.1603.topface OR user_mau.1603.standalonetf)",0
"2017-05-01 00:00:00","first_app:standalonetf","_exists_:(user_mau.1604.topfacemobappandroid OR user_mau.1604.topfacemobappios OR user_mau.1604.topface OR user_mau.1604.standalonetf)",0
"2017-05-01 00:00:00","first_app:standalonetf","_exists_:(user_mau.1605.topfacemobappandroid OR user_mau.1605.topfacemobappios OR user_mau.1605.topface OR user_mau.1605.standalonetf)",0
"2017-05-01 00:00:00","first_app:standalonetf","_exists_:(user_mau.1606.topfacemobappandroid OR user_mau.1606.topfacemobappios OR user_mau.1606.topface OR user_mau.1606.standalonetf)",0
"2017-05-01 00:00:00","first_app:standalonetf","_exists_:(user_mau.1607.topfacemobappandroid OR user_mau.1607.topfacemobappios OR user_mau.1607.topface OR user_mau.1607.standalonetf)",0
"2017-05-01 00:00:00","first_app:standalonetf","_exists_:(user_mau.1608.topfacemobappandroid OR user_mau.1608.topfacemobappios OR user_mau.1608.topface OR user_mau.1608.standalonetf)",0
"2017-05-01 00:00:00","first_app:standalonetf","_exists_:(user_mau.1609.topfacemobappandroid OR user_mau.1609.topfacemobappios OR user_mau.1609.topface OR user_mau.1609.standalonetf)",0
"2017-05-01 00:00:00","first_app:standalonetf","_exists_:(user_mau.1610.topfacemobappandroid OR user_mau.1610.topfacemobappios OR user_mau.1610.topface OR user_mau.1610.standalonetf)",0
"2017-05-01 00:00:00","first_app:standalonetf","_exists_:(user_mau.1611.topfacemobappandroid OR user_mau.1611.topfacemobappios OR user_mau.1611.topface OR user_mau.1611.standalonetf)",0
"2017-05-01 00:00:00","first_app:standalonetf","_exists_:(user_mau.1612.topfacemobappandroid OR user_mau.1612.topfacemobappios OR user_mau.1612.topface OR user_mau.1612.standalonetf)",0
"2017-05-01 00:00:00","first_app:standalonetf","_exists_:(user_mau.1701.topfacemobappandroid OR user_mau.1701.topfacemobappios OR user_mau.1701.topface OR user_mau.1701.standalonetf)",0
"2017-05-01 00:00:00","first_app:standalonetf","_exists_:(user_mau.1702.topfacemobappandroid OR user_mau.1702.topfacemobappios OR user_mau.1702.topface OR user_mau.1702.standalonetf)",0
"2017-05-01 00:00:00","first_app:standalonetf","_exists_:(user_mau.1703.topfacemobappandroid OR user_mau.1703.topfacemobappios OR user_mau.1703.topface OR user_mau.1703.standalonetf)",0
"2017-05-01 00:00:00","first_app:standalonetf","_exists_:(user_mau.1704.topfacemobappandroid OR user_mau.1704.topfacemobappios OR user_mau.1704.topface OR user_mau.1704.standalonetf)",0
"2017-05-01 00:00:00","first_app:standalonetf","_exists_:(user_mau.1705.topfacemobappandroid OR user_mau.1705.topfacemobappios OR user_mau.1705.topface OR user_mau.1705.standalonetf)","2,138"
"2017-05-01 00:00:00","first_app:standalonetf","_exists_:(user_mau.1706.topfacemobappandroid OR user_mau.1706.topfacemobappios OR user_mau.1706.topface OR user_mau.1706.standalonetf)",434
"2017-05-01 00:00:00","first_app:standalonetf","_exists_:(user_mau.1707.topfacemobappandroid OR user_mau.1707.topfacemobappios OR user_mau.1707.topface OR user_mau.1707.standalonetf)",272
"2017-05-01 00:00:00","first_app:standalonetf","_exists_:(user_mau.1708.topfacemobappandroid OR user_mau.1708.topfacemobappios OR user_mau.1708.topface OR user_mau.1708.standalonetf)",250
"2017-05-01 00:00:00","first_app:standalonetf","_exists_:(user_mau.1709.topfacemobappandroid OR user_mau.1709.topfacemobappios OR user_mau.1709.topface OR user_mau.1709.standalonetf)",183
"2017-05-01 00:00:00","first_app:standalonetf","_exists_:(user_mau.1710.topfacemobappandroid OR user_mau.1710.topfacemobappios OR user_mau.1710.topface OR user_mau.1710.standalonetf)",188
"2017-05-01 00:00:00","first_app:standalonetf","_exists_:(user_mau.1711.topfacemobappandroid OR user_mau.1711.topfacemobappios OR user_mau.1711.topface OR user_mau.1711.standalonetf)",159
"2017-05-01 00:00:00","first_app:standalonetf","_exists_:(user_mau.1712.topfacemobappandroid OR user_mau.1712.topfacemobappios OR user_mau.1712.topface OR user_mau.1712.standalonetf)",128
"2017-05-01 00:00:00","first_app:standalonetf","_exists_:(user_mau.1801.topfacemobappandroid OR user_mau.1801.topfacemobappios OR user_mau.1801.topface OR user_mau.1801.standalonetf)",116
"2017-05-01 00:00:00","first_app:standalonetf","_exists_:(user_mau.1802.topfacemobappandroid OR user_mau.1802.topfacemobappios OR user_mau.1802.topface OR user_mau.1802.standalonetf)",93
"2017-05-01 00:00:00","first_app:topface AND platform:vk","*",70
"2017-05-01 00:00:00","first_app:topface AND platform:vk","_exists_:(user_mau.1501.topfacemobappandroid OR user_mau.1501.topfacemobappios OR user_mau.1501.topface OR user_mau.1501.standalonetf)",0
"2017-05-01 00:00:00","first_app:topface AND platform:vk","_exists_:(user_mau.1502.topfacemobappandroid OR user_mau.1502.topfacemobappios OR user_mau.1502.topface OR user_mau.1502.standalonetf)",0
"2017-05-01 00:00:00","first_app:topface AND platform:vk","_exists_:(user_mau.1503.topfacemobappandroid OR user_mau.1503.topfacemobappios OR user_mau.1503.topface OR user_mau.1503.standalonetf)",0
"2017-05-01 00:00:00","first_app:topface AND platform:vk","_exists_:(user_mau.1504.topfacemobappandroid OR user_mau.1504.topfacemobappios OR user_mau.1504.topface OR user_mau.1504.standalonetf)",0
"2017-05-01 00:00:00","first_app:topface AND platform:vk","_exists_:(user_mau.1505.topfacemobappandroid OR user_mau.1505.topfacemobappios OR user_mau.1505.topface OR user_mau.1505.standalonetf)",0
"2017-05-01 00:00:00","first_app:topface AND platform:vk","_exists_:(user_mau.1506.topfacemobappandroid OR user_mau.1506.topfacemobappios OR user_mau.1506.topface OR user_mau.1506.standalonetf)",0
"2017-05-01 00:00:00","first_app:topface AND platform:vk","_exists_:(user_mau.1507.topfacemobappandroid OR user_mau.1507.topfacemobappios OR user_mau.1507.topface OR user_mau.1507.standalonetf)",0
"2017-05-01 00:00:00","first_app:topface AND platform:vk","_exists_:(user_mau.1508.topfacemobappandroid OR user_mau.1508.topfacemobappios OR user_mau.1508.topface OR user_mau.1508.standalonetf)",0
"2017-05-01 00:00:00","first_app:topface AND platform:vk","_exists_:(user_mau.1509.topfacemobappandroid OR user_mau.1509.topfacemobappios OR user_mau.1509.topface OR user_mau.1509.standalonetf)",0
"2017-05-01 00:00:00","first_app:topface AND platform:vk","_exists_:(user_mau.1510.topfacemobappandroid OR user_mau.1510.topfacemobappios OR user_mau.1510.topface OR user_mau.1510.standalonetf)",0
"2017-05-01 00:00:00","first_app:topface AND platform:vk","_exists_:(user_mau.1511.topfacemobappandroid OR user_mau.1511.topfacemobappios OR user_mau.1511.topface OR user_mau.1511.standalonetf)",0
"2017-05-01 00:00:00","first_app:topface AND platform:vk","_exists_:(user_mau.1512.topfacemobappandroid OR user_mau.1512.topfacemobappios OR user_mau.1512.topface OR user_mau.1512.standalonetf)",0
"2017-05-01 00:00:00","first_app:topface AND platform:vk","_exists_:(user_mau.1601.topfacemobappandroid OR user_mau.1601.topfacemobappios OR user_mau.1601.topface OR user_mau.1601.standalonetf)",0
"2017-05-01 00:00:00","first_app:topface AND platform:vk","_exists_:(user_mau.1602.topfacemobappandroid OR user_mau.1602.topfacemobappios OR user_mau.1602.topface OR user_mau.1602.standalonetf)",0
"2017-05-01 00:00:00","first_app:topface AND platform:vk","_exists_:(user_mau.1603.topfacemobappandroid OR user_mau.1603.topfacemobappios OR user_mau.1603.topface OR user_mau.1603.standalonetf)",0
"2017-05-01 00:00:00","first_app:topface AND platform:vk","_exists_:(user_mau.1604.topfacemobappandroid OR user_mau.1604.topfacemobappios OR user_mau.1604.topface OR user_mau.1604.standalonetf)",0
"2017-05-01 00:00:00","first_app:topface AND platform:vk","_exists_:(user_mau.1605.topfacemobappandroid OR user_mau.1605.topfacemobappios OR user_mau.1605.topface OR user_mau.1605.standalonetf)",0
"2017-05-01 00:00:00","first_app:topface AND platform:vk","_exists_:(user_mau.1606.topfacemobappandroid OR user_mau.1606.topfacemobappios OR user_mau.1606.topface OR user_mau.1606.standalonetf)",0
"2017-05-01 00:00:00","first_app:topface AND platform:vk","_exists_:(user_mau.1607.topfacemobappandroid OR user_mau.1607.topfacemobappios OR user_mau.1607.topface OR user_mau.1607.standalonetf)",0
"2017-05-01 00:00:00","first_app:topface AND platform:vk","_exists_:(user_mau.1608.topfacemobappandroid OR user_mau.1608.topfacemobappios OR user_mau.1608.topface OR user_mau.1608.standalonetf)",0
"2017-05-01 00:00:00","first_app:topface AND platform:vk","_exists_:(user_mau.1609.topfacemobappandroid OR user_mau.1609.topfacemobappios OR user_mau.1609.topface OR user_mau.1609.standalonetf)",0
"2017-05-01 00:00:00","first_app:topface AND platform:vk","_exists_:(user_mau.1610.topfacemobappandroid OR user_mau.1610.topfacemobappios OR user_mau.1610.topface OR user_mau.1610.standalonetf)",0
"2017-05-01 00:00:00","first_app:topface AND platform:vk","_exists_:(user_mau.1611.topfacemobappandroid OR user_mau.1611.topfacemobappios OR user_mau.1611.topface OR user_mau.1611.standalonetf)",0
"2017-05-01 00:00:00","first_app:topface AND platform:vk","_exists_:(user_mau.1612.topfacemobappandroid OR user_mau.1612.topfacemobappios OR user_mau.1612.topface OR user_mau.1612.standalonetf)",0
"2017-05-01 00:00:00","first_app:topface AND platform:vk","_exists_:(user_mau.1701.topfacemobappandroid OR user_mau.1701.topfacemobappios OR user_mau.1701.topface OR user_mau.1701.standalonetf)",0
"2017-05-01 00:00:00","first_app:topface AND platform:vk","_exists_:(user_mau.1702.topfacemobappandroid OR user_mau.1702.topfacemobappios OR user_mau.1702.topface OR user_mau.1702.standalonetf)",0
"2017-05-01 00:00:00","first_app:topface AND platform:vk","_exists_:(user_mau.1703.topfacemobappandroid OR user_mau.1703.topfacemobappios OR user_mau.1703.topface OR user_mau.1703.standalonetf)",0
"2017-05-01 00:00:00","first_app:topface AND platform:vk","_exists_:(user_mau.1704.topfacemobappandroid OR user_mau.1704.topfacemobappios OR user_mau.1704.topface OR user_mau.1704.standalonetf)",0
"2017-05-01 00:00:00","first_app:topface AND platform:vk","_exists_:(user_mau.1705.topfacemobappandroid OR user_mau.1705.topfacemobappios OR user_mau.1705.topface OR user_mau.1705.standalonetf)",70
"2017-05-01 00:00:00","first_app:topface AND platform:vk","_exists_:(user_mau.1706.topfacemobappandroid OR user_mau.1706.topfacemobappios OR user_mau.1706.topface OR user_mau.1706.standalonetf)",23
"2017-05-01 00:00:00","first_app:topface AND platform:vk","_exists_:(user_mau.1707.topfacemobappandroid OR user_mau.1707.topfacemobappios OR user_mau.1707.topface OR user_mau.1707.standalonetf)",13
"2017-05-01 00:00:00","first_app:topface AND platform:vk","_exists_:(user_mau.1708.topfacemobappandroid OR user_mau.1708.topfacemobappios OR user_mau.1708.topface OR user_mau.1708.standalonetf)",8
"2017-05-01 00:00:00","first_app:topface AND platform:vk","_exists_:(user_mau.1709.topfacemobappandroid OR user_mau.1709.topfacemobappios OR user_mau.1709.topface OR user_mau.1709.standalonetf)",7
"2017-05-01 00:00:00","first_app:topface AND platform:vk","_exists_:(user_mau.1710.topfacemobappandroid OR user_mau.1710.topfacemobappios OR user_mau.1710.topface OR user_mau.1710.standalonetf)",9
"2017-05-01 00:00:00","first_app:topface AND platform:vk","_exists_:(user_mau.1711.topfacemobappandroid OR user_mau.1711.topfacemobappios OR user_mau.1711.topface OR user_mau.1711.standalonetf)",9
"2017-05-01 00:00:00","first_app:topface AND platform:vk","_exists_:(user_mau.1712.topfacemobappandroid OR user_mau.1712.topfacemobappios OR user_mau.1712.topface OR user_mau.1712.standalonetf)",8
"2017-05-01 00:00:00","first_app:topface AND platform:vk","_exists_:(user_mau.1801.topfacemobappandroid OR user_mau.1801.topfacemobappios OR user_mau.1801.topface OR user_mau.1801.standalonetf)",7
"2017-05-01 00:00:00","first_app:topface AND platform:vk","_exists_:(user_mau.1802.topfacemobappandroid OR user_mau.1802.topfacemobappios OR user_mau.1802.topface OR user_mau.1802.standalonetf)",4
"2017-05-01 00:00:00","first_app:topface AND platform:ok","*",10
"2017-05-01 00:00:00","first_app:topface AND platform:ok","_exists_:(user_mau.1501.topfacemobappandroid OR user_mau.1501.topfacemobappios OR user_mau.1501.topface OR user_mau.1501.standalonetf)",0
"2017-05-01 00:00:00","first_app:topface AND platform:ok","_exists_:(user_mau.1502.topfacemobappandroid OR user_mau.1502.topfacemobappios OR user_mau.1502.topface OR user_mau.1502.standalonetf)",0
"2017-05-01 00:00:00","first_app:topface AND platform:ok","_exists_:(user_mau.1503.topfacemobappandroid OR user_mau.1503.topfacemobappios OR user_mau.1503.topface OR user_mau.1503.standalonetf)",0
"2017-05-01 00:00:00","first_app:topface AND platform:ok","_exists_:(user_mau.1504.topfacemobappandroid OR user_mau.1504.topfacemobappios OR user_mau.1504.topface OR user_mau.1504.standalonetf)",0
"2017-05-01 00:00:00","first_app:topface AND platform:ok","_exists_:(user_mau.1505.topfacemobappandroid OR user_mau.1505.topfacemobappios OR user_mau.1505.topface OR user_mau.1505.standalonetf)",0
"2017-05-01 00:00:00","first_app:topface AND platform:ok","_exists_:(user_mau.1506.topfacemobappandroid OR user_mau.1506.topfacemobappios OR user_mau.1506.topface OR user_mau.1506.standalonetf)",0
"2017-05-01 00:00:00","first_app:topface AND platform:ok","_exists_:(user_mau.1507.topfacemobappandroid OR user_mau.1507.topfacemobappios OR user_mau.1507.topface OR user_mau.1507.standalonetf)",0
"2017-05-01 00:00:00","first_app:topface AND platform:ok","_exists_:(user_mau.1508.topfacemobappandroid OR user_mau.1508.topfacemobappios OR user_mau.1508.topface OR user_mau.1508.standalonetf)",0
"2017-05-01 00:00:00","first_app:topface AND platform:ok","_exists_:(user_mau.1509.topfacemobappandroid OR user_mau.1509.topfacemobappios OR user_mau.1509.topface OR user_mau.1509.standalonetf)",0
"2017-05-01 00:00:00","first_app:topface AND platform:ok","_exists_:(user_mau.1510.topfacemobappandroid OR user_mau.1510.topfacemobappios OR user_mau.1510.topface OR user_mau.1510.standalonetf)",0
"2017-05-01 00:00:00","first_app:topface AND platform:ok","_exists_:(user_mau.1511.topfacemobappandroid OR user_mau.1511.topfacemobappios OR user_mau.1511.topface OR user_mau.1511.standalonetf)",0
"2017-05-01 00:00:00","first_app:topface AND platform:ok","_exists_:(user_mau.1512.topfacemobappandroid OR user_mau.1512.topfacemobappios OR user_mau.1512.topface OR user_mau.1512.standalonetf)",0
"2017-05-01 00:00:00","first_app:topface AND platform:ok","_exists_:(user_mau.1601.topfacemobappandroid OR user_mau.1601.topfacemobappios OR user_mau.1601.topface OR user_mau.1601.standalonetf)",0
"2017-05-01 00:00:00","first_app:topface AND platform:ok","_exists_:(user_mau.1602.topfacemobappandroid OR user_mau.1602.topfacemobappios OR user_mau.1602.topface OR user_mau.1602.standalonetf)",0
"2017-05-01 00:00:00","first_app:topface AND platform:ok","_exists_:(user_mau.1603.topfacemobappandroid OR user_mau.1603.topfacemobappios OR user_mau.1603.topface OR user_mau.1603.standalonetf)",0
"2017-05-01 00:00:00","first_app:topface AND platform:ok","_exists_:(user_mau.1604.topfacemobappandroid OR user_mau.1604.topfacemobappios OR user_mau.1604.topface OR user_mau.1604.standalonetf)",0
"2017-05-01 00:00:00","first_app:topface AND platform:ok","_exists_:(user_mau.1605.topfacemobappandroid OR user_mau.1605.topfacemobappios OR user_mau.1605.topface OR user_mau.1605.standalonetf)",0
"2017-05-01 00:00:00","first_app:topface AND platform:ok","_exists_:(user_mau.1606.topfacemobappandroid OR user_mau.1606.topfacemobappios OR user_mau.1606.topface OR user_mau.1606.standalonetf)",0
"2017-05-01 00:00:00","first_app:topface AND platform:ok","_exists_:(user_mau.1607.topfacemobappandroid OR user_mau.1607.topfacemobappios OR user_mau.1607.topface OR user_mau.1607.standalonetf)",0
"2017-05-01 00:00:00","first_app:topface AND platform:ok","_exists_:(user_mau.1608.topfacemobappandroid OR user_mau.1608.topfacemobappios OR user_mau.1608.topface OR user_mau.1608.standalonetf)",0
"2017-05-01 00:00:00","first_app:topface AND platform:ok","_exists_:(user_mau.1609.topfacemobappandroid OR user_mau.1609.topfacemobappios OR user_mau.1609.topface OR user_mau.1609.standalonetf)",0
"2017-05-01 00:00:00","first_app:topface AND platform:ok","_exists_:(user_mau.1610.topfacemobappandroid OR user_mau.1610.topfacemobappios OR user_mau.1610.topface OR user_mau.1610.standalonetf)",0
"2017-05-01 00:00:00","first_app:topface AND platform:ok","_exists_:(user_mau.1611.topfacemobappandroid OR user_mau.1611.topfacemobappios OR user_mau.1611.topface OR user_mau.1611.standalonetf)",0
"2017-05-01 00:00:00","first_app:topface AND platform:ok","_exists_:(user_mau.1612.topfacemobappandroid OR user_mau.1612.topfacemobappios OR user_mau.1612.topface OR user_mau.1612.standalonetf)",0
"2017-05-01 00:00:00","first_app:topface AND platform:ok","_exists_:(user_mau.1701.topfacemobappandroid OR user_mau.1701.topfacemobappios OR user_mau.1701.topface OR user_mau.1701.standalonetf)",0
"2017-05-01 00:00:00","first_app:topface AND platform:ok","_exists_:(user_mau.1702.topfacemobappandroid OR user_mau.1702.topfacemobappios OR user_mau.1702.topface OR user_mau.1702.standalonetf)",0
"2017-05-01 00:00:00","first_app:topface AND platform:ok","_exists_:(user_mau.1703.topfacemobappandroid OR user_mau.1703.topfacemobappios OR user_mau.1703.topface OR user_mau.1703.standalonetf)",0
"2017-05-01 00:00:00","first_app:topface AND platform:ok","_exists_:(user_mau.1704.topfacemobappandroid OR user_mau.1704.topfacemobappios OR user_mau.1704.topface OR user_mau.1704.standalonetf)",0
"2017-05-01 00:00:00","first_app:topface AND platform:ok","_exists_:(user_mau.1705.topfacemobappandroid OR user_mau.1705.topfacemobappios OR user_mau.1705.topface OR user_mau.1705.standalonetf)",10
"2017-05-01 00:00:00","first_app:topface AND platform:ok","_exists_:(user_mau.1706.topfacemobappandroid OR user_mau.1706.topfacemobappios OR user_mau.1706.topface OR user_mau.1706.standalonetf)",4
"2017-05-01 00:00:00","first_app:topface AND platform:ok","_exists_:(user_mau.1707.topfacemobappandroid OR user_mau.1707.topfacemobappios OR user_mau.1707.topface OR user_mau.1707.standalonetf)",0
"2017-05-01 00:00:00","first_app:topface AND platform:ok","_exists_:(user_mau.1708.topfacemobappandroid OR user_mau.1708.topfacemobappios OR user_mau.1708.topface OR user_mau.1708.standalonetf)",2
"2017-05-01 00:00:00","first_app:topface AND platform:ok","_exists_:(user_mau.1709.topfacemobappandroid OR user_mau.1709.topfacemobappios OR user_mau.1709.topface OR user_mau.1709.standalonetf)",1
"2017-05-01 00:00:00","first_app:topface AND platform:ok","_exists_:(user_mau.1710.topfacemobappandroid OR user_mau.1710.topfacemobappios OR user_mau.1710.topface OR user_mau.1710.standalonetf)",1
"2017-05-01 00:00:00","first_app:topface AND platform:ok","_exists_:(user_mau.1711.topfacemobappandroid OR user_mau.1711.topfacemobappios OR user_mau.1711.topface OR user_mau.1711.standalonetf)",1
"2017-05-01 00:00:00","first_app:topface AND platform:ok","_exists_:(user_mau.1712.topfacemobappandroid OR user_mau.1712.topfacemobappios OR user_mau.1712.topface OR user_mau.1712.standalonetf)",1
"2017-05-01 00:00:00","first_app:topface AND platform:ok","_exists_:(user_mau.1801.topfacemobappandroid OR user_mau.1801.topfacemobappios OR user_mau.1801.topface OR user_mau.1801.standalonetf)",1
"2017-05-01 00:00:00","first_app:topface AND platform:ok","_exists_:(user_mau.1802.topfacemobappandroid OR user_mau.1802.topfacemobappios OR user_mau.1802.topface OR user_mau.1802.standalonetf)",1
"2017-05-01 00:00:00","first_app:topface AND platform:fb","*",17
"2017-05-01 00:00:00","first_app:topface AND platform:fb","_exists_:(user_mau.1501.topfacemobappandroid OR user_mau.1501.topfacemobappios OR user_mau.1501.topface OR user_mau.1501.standalonetf)",0
"2017-05-01 00:00:00","first_app:topface AND platform:fb","_exists_:(user_mau.1502.topfacemobappandroid OR user_mau.1502.topfacemobappios OR user_mau.1502.topface OR user_mau.1502.standalonetf)",0
"2017-05-01 00:00:00","first_app:topface AND platform:fb","_exists_:(user_mau.1503.topfacemobappandroid OR user_mau.1503.topfacemobappios OR user_mau.1503.topface OR user_mau.1503.standalonetf)",0
"2017-05-01 00:00:00","first_app:topface AND platform:fb","_exists_:(user_mau.1504.topfacemobappandroid OR user_mau.1504.topfacemobappios OR user_mau.1504.topface OR user_mau.1504.standalonetf)",0
"2017-05-01 00:00:00","first_app:topface AND platform:fb","_exists_:(user_mau.1505.topfacemobappandroid OR user_mau.1505.topfacemobappios OR user_mau.1505.topface OR user_mau.1505.standalonetf)",0
"2017-05-01 00:00:00","first_app:topface AND platform:fb","_exists_:(user_mau.1506.topfacemobappandroid OR user_mau.1506.topfacemobappios OR user_mau.1506.topface OR user_mau.1506.standalonetf)",0
"2017-05-01 00:00:00","first_app:topface AND platform:fb","_exists_:(user_mau.1507.topfacemobappandroid OR user_mau.1507.topfacemobappios OR user_mau.1507.topface OR user_mau.1507.standalonetf)",0
"2017-05-01 00:00:00","first_app:topface AND platform:fb","_exists_:(user_mau.1508.topfacemobappandroid OR user_mau.1508.topfacemobappios OR user_mau.1508.topface OR user_mau.1508.standalonetf)",0
"2017-05-01 00:00:00","first_app:topface AND platform:fb","_exists_:(user_mau.1509.topfacemobappandroid OR user_mau.1509.topfacemobappios OR user_mau.1509.topface OR user_mau.1509.standalonetf)",0
"2017-05-01 00:00:00","first_app:topface AND platform:fb","_exists_:(user_mau.1510.topfacemobappandroid OR user_mau.1510.topfacemobappios OR user_mau.1510.topface OR user_mau.1510.standalonetf)",0
"2017-05-01 00:00:00","first_app:topface AND platform:fb","_exists_:(user_mau.1511.topfacemobappandroid OR user_mau.1511.topfacemobappios OR user_mau.1511.topface OR user_mau.1511.standalonetf)",0
"2017-05-01 00:00:00","first_app:topface AND platform:fb","_exists_:(user_mau.1512.topfacemobappandroid OR user_mau.1512.topfacemobappios OR user_mau.1512.topface OR user_mau.1512.standalonetf)",0
"2017-05-01 00:00:00","first_app:topface AND platform:fb","_exists_:(user_mau.1601.topfacemobappandroid OR user_mau.1601.topfacemobappios OR user_mau.1601.topface OR user_mau.1601.standalonetf)",0
"2017-05-01 00:00:00","first_app:topface AND platform:fb","_exists_:(user_mau.1602.topfacemobappandroid OR user_mau.1602.topfacemobappios OR user_mau.1602.topface OR user_mau.1602.standalonetf)",0
"2017-05-01 00:00:00","first_app:topface AND platform:fb","_exists_:(user_mau.1603.topfacemobappandroid OR user_mau.1603.topfacemobappios OR user_mau.1603.topface OR user_mau.1603.standalonetf)",1
"2017-05-01 00:00:00","first_app:topface AND platform:fb","_exists_:(user_mau.1604.topfacemobappandroid OR user_mau.1604.topfacemobappios OR user_mau.1604.topface OR user_mau.1604.standalonetf)",1
"2017-05-01 00:00:00","first_app:topface AND platform:fb","_exists_:(user_mau.1605.topfacemobappandroid OR user_mau.1605.topfacemobappios OR user_mau.1605.topface OR user_mau.1605.standalonetf)",1
"2017-05-01 00:00:00","first_app:topface AND platform:fb","_exists_:(user_mau.1606.topfacemobappandroid OR user_mau.1606.topfacemobappios OR user_mau.1606.topface OR user_mau.1606.standalonetf)",0
"2017-05-01 00:00:00","first_app:topface AND platform:fb","_exists_:(user_mau.1607.topfacemobappandroid OR user_mau.1607.topfacemobappios OR user_mau.1607.topface OR user_mau.1607.standalonetf)",0
"2017-05-01 00:00:00","first_app:topface AND platform:fb","_exists_:(user_mau.1608.topfacemobappandroid OR user_mau.1608.topfacemobappios OR user_mau.1608.topface OR user_mau.1608.standalonetf)",0
"2017-05-01 00:00:00","first_app:topface AND platform:fb","_exists_:(user_mau.1609.topfacemobappandroid OR user_mau.1609.topfacemobappios OR user_mau.1609.topface OR user_mau.1609.standalonetf)",0
"2017-05-01 00:00:00","first_app:topface AND platform:fb","_exists_:(user_mau.1610.topfacemobappandroid OR user_mau.1610.topfacemobappios OR user_mau.1610.topface OR user_mau.1610.standalonetf)",1
"2017-05-01 00:00:00","first_app:topface AND platform:fb","_exists_:(user_mau.1611.topfacemobappandroid OR user_mau.1611.topfacemobappios OR user_mau.1611.topface OR user_mau.1611.standalonetf)",1
"2017-05-01 00:00:00","first_app:topface AND platform:fb","_exists_:(user_mau.1612.topfacemobappandroid OR user_mau.1612.topfacemobappios OR user_mau.1612.topface OR user_mau.1612.standalonetf)",0
"2017-05-01 00:00:00","first_app:topface AND platform:fb","_exists_:(user_mau.1701.topfacemobappandroid OR user_mau.1701.topfacemobappios OR user_mau.1701.topface OR user_mau.1701.standalonetf)",0
"2017-05-01 00:00:00","first_app:topface AND platform:fb","_exists_:(user_mau.1702.topfacemobappandroid OR user_mau.1702.topfacemobappios OR user_mau.1702.topface OR user_mau.1702.standalonetf)",0
"2017-05-01 00:00:00","first_app:topface AND platform:fb","_exists_:(user_mau.1703.topfacemobappandroid OR user_mau.1703.topfacemobappios OR user_mau.1703.topface OR user_mau.1703.standalonetf)",1
"2017-05-01 00:00:00","first_app:topface AND platform:fb","_exists_:(user_mau.1704.topfacemobappandroid OR user_mau.1704.topfacemobappios OR user_mau.1704.topface OR user_mau.1704.standalonetf)",0
"2017-05-01 00:00:00","first_app:topface AND platform:fb","_exists_:(user_mau.1705.topfacemobappandroid OR user_mau.1705.topfacemobappios OR user_mau.1705.topface OR user_mau.1705.standalonetf)",17
"2017-05-01 00:00:00","first_app:topface AND platform:fb","_exists_:(user_mau.1706.topfacemobappandroid OR user_mau.1706.topfacemobappios OR user_mau.1706.topface OR user_mau.1706.standalonetf)",10
"2017-05-01 00:00:00","first_app:topface AND platform:fb","_exists_:(user_mau.1707.topfacemobappandroid OR user_mau.1707.topfacemobappios OR user_mau.1707.topface OR user_mau.1707.standalonetf)",9
"2017-05-01 00:00:00","first_app:topface AND platform:fb","_exists_:(user_mau.1708.topfacemobappandroid OR user_mau.1708.topfacemobappios OR user_mau.1708.topface OR user_mau.1708.standalonetf)",5
"2017-05-01 00:00:00","first_app:topface AND platform:fb","_exists_:(user_mau.1709.topfacemobappandroid OR user_mau.1709.topfacemobappios OR user_mau.1709.topface OR user_mau.1709.standalonetf)",5
"2017-05-01 00:00:00","first_app:topface AND platform:fb","_exists_:(user_mau.1710.topfacemobappandroid OR user_mau.1710.topfacemobappios OR user_mau.1710.topface OR user_mau.1710.standalonetf)",6
"2017-05-01 00:00:00","first_app:topface AND platform:fb","_exists_:(user_mau.1711.topfacemobappandroid OR user_mau.1711.topfacemobappios OR user_mau.1711.topface OR user_mau.1711.standalonetf)",6
"2017-05-01 00:00:00","first_app:topface AND platform:fb","_exists_:(user_mau.1712.topfacemobappandroid OR user_mau.1712.topfacemobappios OR user_mau.1712.topface OR user_mau.1712.standalonetf)",5
"2017-05-01 00:00:00","first_app:topface AND platform:fb","_exists_:(user_mau.1801.topfacemobappandroid OR user_mau.1801.topfacemobappios OR user_mau.1801.topface OR user_mau.1801.standalonetf)",6
"2017-05-01 00:00:00","first_app:topface AND platform:fb","_exists_:(user_mau.1802.topfacemobappandroid OR user_mau.1802.topfacemobappios OR user_mau.1802.topface OR user_mau.1802.standalonetf)",5
"2017-06-01 00:00:00","first_app:topfacemobappandroid","*","151,380"
"2017-06-01 00:00:00","first_app:topfacemobappandroid","_exists_:(user_mau.1501.topfacemobappandroid OR user_mau.1501.topfacemobappios OR user_mau.1501.topface OR user_mau.1501.standalonetf)",0
"2017-06-01 00:00:00","first_app:topfacemobappandroid","_exists_:(user_mau.1502.topfacemobappandroid OR user_mau.1502.topfacemobappios OR user_mau.1502.topface OR user_mau.1502.standalonetf)",0
"2017-06-01 00:00:00","first_app:topfacemobappandroid","_exists_:(user_mau.1503.topfacemobappandroid OR user_mau.1503.topfacemobappios OR user_mau.1503.topface OR user_mau.1503.standalonetf)",0
"2017-06-01 00:00:00","first_app:topfacemobappandroid","_exists_:(user_mau.1504.topfacemobappandroid OR user_mau.1504.topfacemobappios OR user_mau.1504.topface OR user_mau.1504.standalonetf)",0
"2017-06-01 00:00:00","first_app:topfacemobappandroid","_exists_:(user_mau.1505.topfacemobappandroid OR user_mau.1505.topfacemobappios OR user_mau.1505.topface OR user_mau.1505.standalonetf)",0
"2017-06-01 00:00:00","first_app:topfacemobappandroid","_exists_:(user_mau.1506.topfacemobappandroid OR user_mau.1506.topfacemobappios OR user_mau.1506.topface OR user_mau.1506.standalonetf)",0
"2017-06-01 00:00:00","first_app:topfacemobappandroid","_exists_:(user_mau.1507.topfacemobappandroid OR user_mau.1507.topfacemobappios OR user_mau.1507.topface OR user_mau.1507.standalonetf)",0
"2017-06-01 00:00:00","first_app:topfacemobappandroid","_exists_:(user_mau.1508.topfacemobappandroid OR user_mau.1508.topfacemobappios OR user_mau.1508.topface OR user_mau.1508.standalonetf)",0
"2017-06-01 00:00:00","first_app:topfacemobappandroid","_exists_:(user_mau.1509.topfacemobappandroid OR user_mau.1509.topfacemobappios OR user_mau.1509.topface OR user_mau.1509.standalonetf)",0
"2017-06-01 00:00:00","first_app:topfacemobappandroid","_exists_:(user_mau.1510.topfacemobappandroid OR user_mau.1510.topfacemobappios OR user_mau.1510.topface OR user_mau.1510.standalonetf)",0
"2017-06-01 00:00:00","first_app:topfacemobappandroid","_exists_:(user_mau.1511.topfacemobappandroid OR user_mau.1511.topfacemobappios OR user_mau.1511.topface OR user_mau.1511.standalonetf)",0
"2017-06-01 00:00:00","first_app:topfacemobappandroid","_exists_:(user_mau.1512.topfacemobappandroid OR user_mau.1512.topfacemobappios OR user_mau.1512.topface OR user_mau.1512.standalonetf)",0
"2017-06-01 00:00:00","first_app:topfacemobappandroid","_exists_:(user_mau.1601.topfacemobappandroid OR user_mau.1601.topfacemobappios OR user_mau.1601.topface OR user_mau.1601.standalonetf)",0
"2017-06-01 00:00:00","first_app:topfacemobappandroid","_exists_:(user_mau.1602.topfacemobappandroid OR user_mau.1602.topfacemobappios OR user_mau.1602.topface OR user_mau.1602.standalonetf)",0
"2017-06-01 00:00:00","first_app:topfacemobappandroid","_exists_:(user_mau.1603.topfacemobappandroid OR user_mau.1603.topfacemobappios OR user_mau.1603.topface OR user_mau.1603.standalonetf)",0
"2017-06-01 00:00:00","first_app:topfacemobappandroid","_exists_:(user_mau.1604.topfacemobappandroid OR user_mau.1604.topfacemobappios OR user_mau.1604.topface OR user_mau.1604.standalonetf)",0
"2017-06-01 00:00:00","first_app:topfacemobappandroid","_exists_:(user_mau.1605.topfacemobappandroid OR user_mau.1605.topfacemobappios OR user_mau.1605.topface OR user_mau.1605.standalonetf)",0
"2017-06-01 00:00:00","first_app:topfacemobappandroid","_exists_:(user_mau.1606.topfacemobappandroid OR user_mau.1606.topfacemobappios OR user_mau.1606.topface OR user_mau.1606.standalonetf)",0
"2017-06-01 00:00:00","first_app:topfacemobappandroid","_exists_:(user_mau.1607.topfacemobappandroid OR user_mau.1607.topfacemobappios OR user_mau.1607.topface OR user_mau.1607.standalonetf)",0
"2017-06-01 00:00:00","first_app:topfacemobappandroid","_exists_:(user_mau.1608.topfacemobappandroid OR user_mau.1608.topfacemobappios OR user_mau.1608.topface OR user_mau.1608.standalonetf)",0
"2017-06-01 00:00:00","first_app:topfacemobappandroid","_exists_:(user_mau.1609.topfacemobappandroid OR user_mau.1609.topfacemobappios OR user_mau.1609.topface OR user_mau.1609.standalonetf)",0
"2017-06-01 00:00:00","first_app:topfacemobappandroid","_exists_:(user_mau.1610.topfacemobappandroid OR user_mau.1610.topfacemobappios OR user_mau.1610.topface OR user_mau.1610.standalonetf)",0
"2017-06-01 00:00:00","first_app:topfacemobappandroid","_exists_:(user_mau.1611.topfacemobappandroid OR user_mau.1611.topfacemobappios OR user_mau.1611.topface OR user_mau.1611.standalonetf)",0
"2017-06-01 00:00:00","first_app:topfacemobappandroid","_exists_:(user_mau.1612.topfacemobappandroid OR user_mau.1612.topfacemobappios OR user_mau.1612.topface OR user_mau.1612.standalonetf)",0
"2017-06-01 00:00:00","first_app:topfacemobappandroid","_exists_:(user_mau.1701.topfacemobappandroid OR user_mau.1701.topfacemobappios OR user_mau.1701.topface OR user_mau.1701.standalonetf)",0
"2017-06-01 00:00:00","first_app:topfacemobappandroid","_exists_:(user_mau.1702.topfacemobappandroid OR user_mau.1702.topfacemobappios OR user_mau.1702.topface OR user_mau.1702.standalonetf)",0
"2017-06-01 00:00:00","first_app:topfacemobappandroid","_exists_:(user_mau.1703.topfacemobappandroid OR user_mau.1703.topfacemobappios OR user_mau.1703.topface OR user_mau.1703.standalonetf)",0
"2017-06-01 00:00:00","first_app:topfacemobappandroid","_exists_:(user_mau.1704.topfacemobappandroid OR user_mau.1704.topfacemobappios OR user_mau.1704.topface OR user_mau.1704.standalonetf)",0
"2017-06-01 00:00:00","first_app:topfacemobappandroid","_exists_:(user_mau.1705.topfacemobappandroid OR user_mau.1705.topfacemobappios OR user_mau.1705.topface OR user_mau.1705.standalonetf)",0
"2017-06-01 00:00:00","first_app:topfacemobappandroid","_exists_:(user_mau.1706.topfacemobappandroid OR user_mau.1706.topfacemobappios OR user_mau.1706.topface OR user_mau.1706.standalonetf)","151,380"
"2017-06-01 00:00:00","first_app:topfacemobappandroid","_exists_:(user_mau.1707.topfacemobappandroid OR user_mau.1707.topfacemobappios OR user_mau.1707.topface OR user_mau.1707.standalonetf)","29,031"
"2017-06-01 00:00:00","first_app:topfacemobappandroid","_exists_:(user_mau.1708.topfacemobappandroid OR user_mau.1708.topfacemobappios OR user_mau.1708.topface OR user_mau.1708.standalonetf)","15,091"
"2017-06-01 00:00:00","first_app:topfacemobappandroid","_exists_:(user_mau.1709.topfacemobappandroid OR user_mau.1709.topfacemobappios OR user_mau.1709.topface OR user_mau.1709.standalonetf)","8,704"
"2017-06-01 00:00:00","first_app:topfacemobappandroid","_exists_:(user_mau.1710.topfacemobappandroid OR user_mau.1710.topfacemobappios OR user_mau.1710.topface OR user_mau.1710.standalonetf)","6,994"
"2017-06-01 00:00:00","first_app:topfacemobappandroid","_exists_:(user_mau.1711.topfacemobappandroid OR user_mau.1711.topfacemobappios OR user_mau.1711.topface OR user_mau.1711.standalonetf)","6,383"
"2017-06-01 00:00:00","first_app:topfacemobappandroid","_exists_:(user_mau.1712.topfacemobappandroid OR user_mau.1712.topfacemobappios OR user_mau.1712.topface OR user_mau.1712.standalonetf)","4,704"
"2017-06-01 00:00:00","first_app:topfacemobappandroid","_exists_:(user_mau.1801.topfacemobappandroid OR user_mau.1801.topfacemobappios OR user_mau.1801.topface OR user_mau.1801.standalonetf)","3,916"
"2017-06-01 00:00:00","first_app:topfacemobappandroid","_exists_:(user_mau.1802.topfacemobappandroid OR user_mau.1802.topfacemobappios OR user_mau.1802.topface OR user_mau.1802.standalonetf)","3,288"
"2017-06-01 00:00:00","first_app:topfacemobappios","*","31,321"
"2017-06-01 00:00:00","first_app:topfacemobappios","_exists_:(user_mau.1501.topfacemobappandroid OR user_mau.1501.topfacemobappios OR user_mau.1501.topface OR user_mau.1501.standalonetf)",0
"2017-06-01 00:00:00","first_app:topfacemobappios","_exists_:(user_mau.1502.topfacemobappandroid OR user_mau.1502.topfacemobappios OR user_mau.1502.topface OR user_mau.1502.standalonetf)",0
"2017-06-01 00:00:00","first_app:topfacemobappios","_exists_:(user_mau.1503.topfacemobappandroid OR user_mau.1503.topfacemobappios OR user_mau.1503.topface OR user_mau.1503.standalonetf)",0
"2017-06-01 00:00:00","first_app:topfacemobappios","_exists_:(user_mau.1504.topfacemobappandroid OR user_mau.1504.topfacemobappios OR user_mau.1504.topface OR user_mau.1504.standalonetf)",0
"2017-06-01 00:00:00","first_app:topfacemobappios","_exists_:(user_mau.1505.topfacemobappandroid OR user_mau.1505.topfacemobappios OR user_mau.1505.topface OR user_mau.1505.standalonetf)",0
"2017-06-01 00:00:00","first_app:topfacemobappios","_exists_:(user_mau.1506.topfacemobappandroid OR user_mau.1506.topfacemobappios OR user_mau.1506.topface OR user_mau.1506.standalonetf)",0
"2017-06-01 00:00:00","first_app:topfacemobappios","_exists_:(user_mau.1507.topfacemobappandroid OR user_mau.1507.topfacemobappios OR user_mau.1507.topface OR user_mau.1507.standalonetf)",0
"2017-06-01 00:00:00","first_app:topfacemobappios","_exists_:(user_mau.1508.topfacemobappandroid OR user_mau.1508.topfacemobappios OR user_mau.1508.topface OR user_mau.1508.standalonetf)",0
"2017-06-01 00:00:00","first_app:topfacemobappios","_exists_:(user_mau.1509.topfacemobappandroid OR user_mau.1509.topfacemobappios OR user_mau.1509.topface OR user_mau.1509.standalonetf)",0
"2017-06-01 00:00:00","first_app:topfacemobappios","_exists_:(user_mau.1510.topfacemobappandroid OR user_mau.1510.topfacemobappios OR user_mau.1510.topface OR user_mau.1510.standalonetf)",0
"2017-06-01 00:00:00","first_app:topfacemobappios","_exists_:(user_mau.1511.topfacemobappandroid OR user_mau.1511.topfacemobappios OR user_mau.1511.topface OR user_mau.1511.standalonetf)",0
"2017-06-01 00:00:00","first_app:topfacemobappios","_exists_:(user_mau.1512.topfacemobappandroid OR user_mau.1512.topfacemobappios OR user_mau.1512.topface OR user_mau.1512.standalonetf)",0
"2017-06-01 00:00:00","first_app:topfacemobappios","_exists_:(user_mau.1601.topfacemobappandroid OR user_mau.1601.topfacemobappios OR user_mau.1601.topface OR user_mau.1601.standalonetf)",0
"2017-06-01 00:00:00","first_app:topfacemobappios","_exists_:(user_mau.1602.topfacemobappandroid OR user_mau.1602.topfacemobappios OR user_mau.1602.topface OR user_mau.1602.standalonetf)",0
"2017-06-01 00:00:00","first_app:topfacemobappios","_exists_:(user_mau.1603.topfacemobappandroid OR user_mau.1603.topfacemobappios OR user_mau.1603.topface OR user_mau.1603.standalonetf)",0
"2017-06-01 00:00:00","first_app:topfacemobappios","_exists_:(user_mau.1604.topfacemobappandroid OR user_mau.1604.topfacemobappios OR user_mau.1604.topface OR user_mau.1604.standalonetf)",0
"2017-06-01 00:00:00","first_app:topfacemobappios","_exists_:(user_mau.1605.topfacemobappandroid OR user_mau.1605.topfacemobappios OR user_mau.1605.topface OR user_mau.1605.standalonetf)",0
"2017-06-01 00:00:00","first_app:topfacemobappios","_exists_:(user_mau.1606.topfacemobappandroid OR user_mau.1606.topfacemobappios OR user_mau.1606.topface OR user_mau.1606.standalonetf)",0
"2017-06-01 00:00:00","first_app:topfacemobappios","_exists_:(user_mau.1607.topfacemobappandroid OR user_mau.1607.topfacemobappios OR user_mau.1607.topface OR user_mau.1607.standalonetf)",0
"2017-06-01 00:00:00","first_app:topfacemobappios","_exists_:(user_mau.1608.topfacemobappandroid OR user_mau.1608.topfacemobappios OR user_mau.1608.topface OR user_mau.1608.standalonetf)",0
"2017-06-01 00:00:00","first_app:topfacemobappios","_exists_:(user_mau.1609.topfacemobappandroid OR user_mau.1609.topfacemobappios OR user_mau.1609.topface OR user_mau.1609.standalonetf)",0
"2017-06-01 00:00:00","first_app:topfacemobappios","_exists_:(user_mau.1610.topfacemobappandroid OR user_mau.1610.topfacemobappios OR user_mau.1610.topface OR user_mau.1610.standalonetf)",0
"2017-06-01 00:00:00","first_app:topfacemobappios","_exists_:(user_mau.1611.topfacemobappandroid OR user_mau.1611.topfacemobappios OR user_mau.1611.topface OR user_mau.1611.standalonetf)",0
"2017-06-01 00:00:00","first_app:topfacemobappios","_exists_:(user_mau.1612.topfacemobappandroid OR user_mau.1612.topfacemobappios OR user_mau.1612.topface OR user_mau.1612.standalonetf)",0
"2017-06-01 00:00:00","first_app:topfacemobappios","_exists_:(user_mau.1701.topfacemobappandroid OR user_mau.1701.topfacemobappios OR user_mau.1701.topface OR user_mau.1701.standalonetf)",0
"2017-06-01 00:00:00","first_app:topfacemobappios","_exists_:(user_mau.1702.topfacemobappandroid OR user_mau.1702.topfacemobappios OR user_mau.1702.topface OR user_mau.1702.standalonetf)",0
"2017-06-01 00:00:00","first_app:topfacemobappios","_exists_:(user_mau.1703.topfacemobappandroid OR user_mau.1703.topfacemobappios OR user_mau.1703.topface OR user_mau.1703.standalonetf)",0
"2017-06-01 00:00:00","first_app:topfacemobappios","_exists_:(user_mau.1704.topfacemobappandroid OR user_mau.1704.topfacemobappios OR user_mau.1704.topface OR user_mau.1704.standalonetf)",0
"2017-06-01 00:00:00","first_app:topfacemobappios","_exists_:(user_mau.1705.topfacemobappandroid OR user_mau.1705.topfacemobappios OR user_mau.1705.topface OR user_mau.1705.standalonetf)",0
"2017-06-01 00:00:00","first_app:topfacemobappios","_exists_:(user_mau.1706.topfacemobappandroid OR user_mau.1706.topfacemobappios OR user_mau.1706.topface OR user_mau.1706.standalonetf)","31,321"
"2017-06-01 00:00:00","first_app:topfacemobappios","_exists_:(user_mau.1707.topfacemobappandroid OR user_mau.1707.topfacemobappios OR user_mau.1707.topface OR user_mau.1707.standalonetf)","5,989"
"2017-06-01 00:00:00","first_app:topfacemobappios","_exists_:(user_mau.1708.topfacemobappandroid OR user_mau.1708.topfacemobappios OR user_mau.1708.topface OR user_mau.1708.standalonetf)","2,766"
"2017-06-01 00:00:00","first_app:topfacemobappios","_exists_:(user_mau.1709.topfacemobappandroid OR user_mau.1709.topfacemobappios OR user_mau.1709.topface OR user_mau.1709.standalonetf)","1,853"
"2017-06-01 00:00:00","first_app:topfacemobappios","_exists_:(user_mau.1710.topfacemobappandroid OR user_mau.1710.topfacemobappios OR user_mau.1710.topface OR user_mau.1710.standalonetf)","1,341"
"2017-06-01 00:00:00","first_app:topfacemobappios","_exists_:(user_mau.1711.topfacemobappandroid OR user_mau.1711.topfacemobappios OR user_mau.1711.topface OR user_mau.1711.standalonetf)","1,080"
"2017-06-01 00:00:00","first_app:topfacemobappios","_exists_:(user_mau.1712.topfacemobappandroid OR user_mau.1712.topfacemobappios OR user_mau.1712.topface OR user_mau.1712.standalonetf)",824
"2017-06-01 00:00:00","first_app:topfacemobappios","_exists_:(user_mau.1801.topfacemobappandroid OR user_mau.1801.topfacemobappios OR user_mau.1801.topface OR user_mau.1801.standalonetf)",634
"2017-06-01 00:00:00","first_app:topfacemobappios","_exists_:(user_mau.1802.topfacemobappandroid OR user_mau.1802.topfacemobappios OR user_mau.1802.topface OR user_mau.1802.standalonetf)",541
"2017-06-01 00:00:00","first_app:standalonetf","*","1,857"
"2017-06-01 00:00:00","first_app:standalonetf","_exists_:(user_mau.1501.topfacemobappandroid OR user_mau.1501.topfacemobappios OR user_mau.1501.topface OR user_mau.1501.standalonetf)",0
"2017-06-01 00:00:00","first_app:standalonetf","_exists_:(user_mau.1502.topfacemobappandroid OR user_mau.1502.topfacemobappios OR user_mau.1502.topface OR user_mau.1502.standalonetf)",0
"2017-06-01 00:00:00","first_app:standalonetf","_exists_:(user_mau.1503.topfacemobappandroid OR user_mau.1503.topfacemobappios OR user_mau.1503.topface OR user_mau.1503.standalonetf)",0
"2017-06-01 00:00:00","first_app:standalonetf","_exists_:(user_mau.1504.topfacemobappandroid OR user_mau.1504.topfacemobappios OR user_mau.1504.topface OR user_mau.1504.standalonetf)",0
"2017-06-01 00:00:00","first_app:standalonetf","_exists_:(user_mau.1505.topfacemobappandroid OR user_mau.1505.topfacemobappios OR user_mau.1505.topface OR user_mau.1505.standalonetf)",0
"2017-06-01 00:00:00","first_app:standalonetf","_exists_:(user_mau.1506.topfacemobappandroid OR user_mau.1506.topfacemobappios OR user_mau.1506.topface OR user_mau.1506.standalonetf)",0
"2017-06-01 00:00:00","first_app:standalonetf","_exists_:(user_mau.1507.topfacemobappandroid OR user_mau.1507.topfacemobappios OR user_mau.1507.topface OR user_mau.1507.standalonetf)",0
"2017-06-01 00:00:00","first_app:standalonetf","_exists_:(user_mau.1508.topfacemobappandroid OR user_mau.1508.topfacemobappios OR user_mau.1508.topface OR user_mau.1508.standalonetf)",0
"2017-06-01 00:00:00","first_app:standalonetf","_exists_:(user_mau.1509.topfacemobappandroid OR user_mau.1509.topfacemobappios OR user_mau.1509.topface OR user_mau.1509.standalonetf)",0
"2017-06-01 00:00:00","first_app:standalonetf","_exists_:(user_mau.1510.topfacemobappandroid OR user_mau.1510.topfacemobappios OR user_mau.1510.topface OR user_mau.1510.standalonetf)",0
"2017-06-01 00:00:00","first_app:standalonetf","_exists_:(user_mau.1511.topfacemobappandroid OR user_mau.1511.topfacemobappios OR user_mau.1511.topface OR user_mau.1511.standalonetf)",0
"2017-06-01 00:00:00","first_app:standalonetf","_exists_:(user_mau.1512.topfacemobappandroid OR user_mau.1512.topfacemobappios OR user_mau.1512.topface OR user_mau.1512.standalonetf)",0
"2017-06-01 00:00:00","first_app:standalonetf","_exists_:(user_mau.1601.topfacemobappandroid OR user_mau.1601.topfacemobappios OR user_mau.1601.topface OR user_mau.1601.standalonetf)",0
"2017-06-01 00:00:00","first_app:standalonetf","_exists_:(user_mau.1602.topfacemobappandroid OR user_mau.1602.topfacemobappios OR user_mau.1602.topface OR user_mau.1602.standalonetf)",0
"2017-06-01 00:00:00","first_app:standalonetf","_exists_:(user_mau.1603.topfacemobappandroid OR user_mau.1603.topfacemobappios OR user_mau.1603.topface OR user_mau.1603.standalonetf)",0
"2017-06-01 00:00:00","first_app:standalonetf","_exists_:(user_mau.1604.topfacemobappandroid OR user_mau.1604.topfacemobappios OR user_mau.1604.topface OR user_mau.1604.standalonetf)",0
"2017-06-01 00:00:00","first_app:standalonetf","_exists_:(user_mau.1605.topfacemobappandroid OR user_mau.1605.topfacemobappios OR user_mau.1605.topface OR user_mau.1605.standalonetf)",0
"2017-06-01 00:00:00","first_app:standalonetf","_exists_:(user_mau.1606.topfacemobappandroid OR user_mau.1606.topfacemobappios OR user_mau.1606.topface OR user_mau.1606.standalonetf)",0
"2017-06-01 00:00:00","first_app:standalonetf","_exists_:(user_mau.1607.topfacemobappandroid OR user_mau.1607.topfacemobappios OR user_mau.1607.topface OR user_mau.1607.standalonetf)",0
"2017-06-01 00:00:00","first_app:standalonetf","_exists_:(user_mau.1608.topfacemobappandroid OR user_mau.1608.topfacemobappios OR user_mau.1608.topface OR user_mau.1608.standalonetf)",0
"2017-06-01 00:00:00","first_app:standalonetf","_exists_:(user_mau.1609.topfacemobappandroid OR user_mau.1609.topfacemobappios OR user_mau.1609.topface OR user_mau.1609.standalonetf)",0
"2017-06-01 00:00:00","first_app:standalonetf","_exists_:(user_mau.1610.topfacemobappandroid OR user_mau.1610.topfacemobappios OR user_mau.1610.topface OR user_mau.1610.standalonetf)",0
"2017-06-01 00:00:00","first_app:standalonetf","_exists_:(user_mau.1611.topfacemobappandroid OR user_mau.1611.topfacemobappios OR user_mau.1611.topface OR user_mau.1611.standalonetf)",0
"2017-06-01 00:00:00","first_app:standalonetf","_exists_:(user_mau.1612.topfacemobappandroid OR user_mau.1612.topfacemobappios OR user_mau.1612.topface OR user_mau.1612.standalonetf)",0
"2017-06-01 00:00:00","first_app:standalonetf","_exists_:(user_mau.1701.topfacemobappandroid OR user_mau.1701.topfacemobappios OR user_mau.1701.topface OR user_mau.1701.standalonetf)",0
"2017-06-01 00:00:00","first_app:standalonetf","_exists_:(user_mau.1702.topfacemobappandroid OR user_mau.1702.topfacemobappios OR user_mau.1702.topface OR user_mau.1702.standalonetf)",0
"2017-06-01 00:00:00","first_app:standalonetf","_exists_:(user_mau.1703.topfacemobappandroid OR user_mau.1703.topfacemobappios OR user_mau.1703.topface OR user_mau.1703.standalonetf)",0
"2017-06-01 00:00:00","first_app:standalonetf","_exists_:(user_mau.1704.topfacemobappandroid OR user_mau.1704.topfacemobappios OR user_mau.1704.topface OR user_mau.1704.standalonetf)",0
"2017-06-01 00:00:00","first_app:standalonetf","_exists_:(user_mau.1705.topfacemobappandroid OR user_mau.1705.topfacemobappios OR user_mau.1705.topface OR user_mau.1705.standalonetf)",0
"2017-06-01 00:00:00","first_app:standalonetf","_exists_:(user_mau.1706.topfacemobappandroid OR user_mau.1706.topfacemobappios OR user_mau.1706.topface OR user_mau.1706.standalonetf)","1,606"
"2017-06-01 00:00:00","first_app:standalonetf","_exists_:(user_mau.1707.topfacemobappandroid OR user_mau.1707.topfacemobappios OR user_mau.1707.topface OR user_mau.1707.standalonetf)",399
"2017-06-01 00:00:00","first_app:standalonetf","_exists_:(user_mau.1708.topfacemobappandroid OR user_mau.1708.topfacemobappios OR user_mau.1708.topface OR user_mau.1708.standalonetf)",253
"2017-06-01 00:00:00","first_app:standalonetf","_exists_:(user_mau.1709.topfacemobappandroid OR user_mau.1709.topfacemobappios OR user_mau.1709.topface OR user_mau.1709.standalonetf)",198
"2017-06-01 00:00:00","first_app:standalonetf","_exists_:(user_mau.1710.topfacemobappandroid OR user_mau.1710.topfacemobappios OR user_mau.1710.topface OR user_mau.1710.standalonetf)",178
"2017-06-01 00:00:00","first_app:standalonetf","_exists_:(user_mau.1711.topfacemobappandroid OR user_mau.1711.topfacemobappios OR user_mau.1711.topface OR user_mau.1711.standalonetf)",150
"2017-06-01 00:00:00","first_app:standalonetf","_exists_:(user_mau.1712.topfacemobappandroid OR user_mau.1712.topfacemobappios OR user_mau.1712.topface OR user_mau.1712.standalonetf)",135
"2017-06-01 00:00:00","first_app:standalonetf","_exists_:(user_mau.1801.topfacemobappandroid OR user_mau.1801.topfacemobappios OR user_mau.1801.topface OR user_mau.1801.standalonetf)",119
"2017-06-01 00:00:00","first_app:standalonetf","_exists_:(user_mau.1802.topfacemobappandroid OR user_mau.1802.topfacemobappios OR user_mau.1802.topface OR user_mau.1802.standalonetf)",101
"2017-06-01 00:00:00","first_app:topface AND platform:vk","*",45
"2017-06-01 00:00:00","first_app:topface AND platform:vk","_exists_:(user_mau.1501.topfacemobappandroid OR user_mau.1501.topfacemobappios OR user_mau.1501.topface OR user_mau.1501.standalonetf)",0
"2017-06-01 00:00:00","first_app:topface AND platform:vk","_exists_:(user_mau.1502.topfacemobappandroid OR user_mau.1502.topfacemobappios OR user_mau.1502.topface OR user_mau.1502.standalonetf)",0
"2017-06-01 00:00:00","first_app:topface AND platform:vk","_exists_:(user_mau.1503.topfacemobappandroid OR user_mau.1503.topfacemobappios OR user_mau.1503.topface OR user_mau.1503.standalonetf)",0
"2017-06-01 00:00:00","first_app:topface AND platform:vk","_exists_:(user_mau.1504.topfacemobappandroid OR user_mau.1504.topfacemobappios OR user_mau.1504.topface OR user_mau.1504.standalonetf)",0
"2017-06-01 00:00:00","first_app:topface AND platform:vk","_exists_:(user_mau.1505.topfacemobappandroid OR user_mau.1505.topfacemobappios OR user_mau.1505.topface OR user_mau.1505.standalonetf)",0
"2017-06-01 00:00:00","first_app:topface AND platform:vk","_exists_:(user_mau.1506.topfacemobappandroid OR user_mau.1506.topfacemobappios OR user_mau.1506.topface OR user_mau.1506.standalonetf)",0
"2017-06-01 00:00:00","first_app:topface AND platform:vk","_exists_:(user_mau.1507.topfacemobappandroid OR user_mau.1507.topfacemobappios OR user_mau.1507.topface OR user_mau.1507.standalonetf)",0
"2017-06-01 00:00:00","first_app:topface AND platform:vk","_exists_:(user_mau.1508.topfacemobappandroid OR user_mau.1508.topfacemobappios OR user_mau.1508.topface OR user_mau.1508.standalonetf)",0
"2017-06-01 00:00:00","first_app:topface AND platform:vk","_exists_:(user_mau.1509.topfacemobappandroid OR user_mau.1509.topfacemobappios OR user_mau.1509.topface OR user_mau.1509.standalonetf)",0
"2017-06-01 00:00:00","first_app:topface AND platform:vk","_exists_:(user_mau.1510.topfacemobappandroid OR user_mau.1510.topfacemobappios OR user_mau.1510.topface OR user_mau.1510.standalonetf)",0
"2017-06-01 00:00:00","first_app:topface AND platform:vk","_exists_:(user_mau.1511.topfacemobappandroid OR user_mau.1511.topfacemobappios OR user_mau.1511.topface OR user_mau.1511.standalonetf)",0
"2017-06-01 00:00:00","first_app:topface AND platform:vk","_exists_:(user_mau.1512.topfacemobappandroid OR user_mau.1512.topfacemobappios OR user_mau.1512.topface OR user_mau.1512.standalonetf)",0
"2017-06-01 00:00:00","first_app:topface AND platform:vk","_exists_:(user_mau.1601.topfacemobappandroid OR user_mau.1601.topfacemobappios OR user_mau.1601.topface OR user_mau.1601.standalonetf)",0
"2017-06-01 00:00:00","first_app:topface AND platform:vk","_exists_:(user_mau.1602.topfacemobappandroid OR user_mau.1602.topfacemobappios OR user_mau.1602.topface OR user_mau.1602.standalonetf)",0
"2017-06-01 00:00:00","first_app:topface AND platform:vk","_exists_:(user_mau.1603.topfacemobappandroid OR user_mau.1603.topfacemobappios OR user_mau.1603.topface OR user_mau.1603.standalonetf)",0
"2017-06-01 00:00:00","first_app:topface AND platform:vk","_exists_:(user_mau.1604.topfacemobappandroid OR user_mau.1604.topfacemobappios OR user_mau.1604.topface OR user_mau.1604.standalonetf)",0
"2017-06-01 00:00:00","first_app:topface AND platform:vk","_exists_:(user_mau.1605.topfacemobappandroid OR user_mau.1605.topfacemobappios OR user_mau.1605.topface OR user_mau.1605.standalonetf)",0
"2017-06-01 00:00:00","first_app:topface AND platform:vk","_exists_:(user_mau.1606.topfacemobappandroid OR user_mau.1606.topfacemobappios OR user_mau.1606.topface OR user_mau.1606.standalonetf)",0
"2017-06-01 00:00:00","first_app:topface AND platform:vk","_exists_:(user_mau.1607.topfacemobappandroid OR user_mau.1607.topfacemobappios OR user_mau.1607.topface OR user_mau.1607.standalonetf)",0
"2017-06-01 00:00:00","first_app:topface AND platform:vk","_exists_:(user_mau.1608.topfacemobappandroid OR user_mau.1608.topfacemobappios OR user_mau.1608.topface OR user_mau.1608.standalonetf)",0
"2017-06-01 00:00:00","first_app:topface AND platform:vk","_exists_:(user_mau.1609.topfacemobappandroid OR user_mau.1609.topfacemobappios OR user_mau.1609.topface OR user_mau.1609.standalonetf)",0
"2017-06-01 00:00:00","first_app:topface AND platform:vk","_exists_:(user_mau.1610.topfacemobappandroid OR user_mau.1610.topfacemobappios OR user_mau.1610.topface OR user_mau.1610.standalonetf)",0
"2017-06-01 00:00:00","first_app:topface AND platform:vk","_exists_:(user_mau.1611.topfacemobappandroid OR user_mau.1611.topfacemobappios OR user_mau.1611.topface OR user_mau.1611.standalonetf)",0
"2017-06-01 00:00:00","first_app:topface AND platform:vk","_exists_:(user_mau.1612.topfacemobappandroid OR user_mau.1612.topfacemobappios OR user_mau.1612.topface OR user_mau.1612.standalonetf)",0
"2017-06-01 00:00:00","first_app:topface AND platform:vk","_exists_:(user_mau.1701.topfacemobappandroid OR user_mau.1701.topfacemobappios OR user_mau.1701.topface OR user_mau.1701.standalonetf)",0
"2017-06-01 00:00:00","first_app:topface AND platform:vk","_exists_:(user_mau.1702.topfacemobappandroid OR user_mau.1702.topfacemobappios OR user_mau.1702.topface OR user_mau.1702.standalonetf)",0
"2017-06-01 00:00:00","first_app:topface AND platform:vk","_exists_:(user_mau.1703.topfacemobappandroid OR user_mau.1703.topfacemobappios OR user_mau.1703.topface OR user_mau.1703.standalonetf)",0
"2017-06-01 00:00:00","first_app:topface AND platform:vk","_exists_:(user_mau.1704.topfacemobappandroid OR user_mau.1704.topfacemobappios OR user_mau.1704.topface OR user_mau.1704.standalonetf)",0
"2017-06-01 00:00:00","first_app:topface AND platform:vk","_exists_:(user_mau.1705.topfacemobappandroid OR user_mau.1705.topfacemobappios OR user_mau.1705.topface OR user_mau.1705.standalonetf)",0
"2017-06-01 00:00:00","first_app:topface AND platform:vk","_exists_:(user_mau.1706.topfacemobappandroid OR user_mau.1706.topfacemobappios OR user_mau.1706.topface OR user_mau.1706.standalonetf)",45
"2017-06-01 00:00:00","first_app:topface AND platform:vk","_exists_:(user_mau.1707.topfacemobappandroid OR user_mau.1707.topfacemobappios OR user_mau.1707.topface OR user_mau.1707.standalonetf)",18
"2017-06-01 00:00:00","first_app:topface AND platform:vk","_exists_:(user_mau.1708.topfacemobappandroid OR user_mau.1708.topfacemobappios OR user_mau.1708.topface OR user_mau.1708.standalonetf)",15
"2017-06-01 00:00:00","first_app:topface AND platform:vk","_exists_:(user_mau.1709.topfacemobappandroid OR user_mau.1709.topfacemobappios OR user_mau.1709.topface OR user_mau.1709.standalonetf)",11
"2017-06-01 00:00:00","first_app:topface AND platform:vk","_exists_:(user_mau.1710.topfacemobappandroid OR user_mau.1710.topfacemobappios OR user_mau.1710.topface OR user_mau.1710.standalonetf)",9
"2017-06-01 00:00:00","first_app:topface AND platform:vk","_exists_:(user_mau.1711.topfacemobappandroid OR user_mau.1711.topfacemobappios OR user_mau.1711.topface OR user_mau.1711.standalonetf)",7
"2017-06-01 00:00:00","first_app:topface AND platform:vk","_exists_:(user_mau.1712.topfacemobappandroid OR user_mau.1712.topfacemobappios OR user_mau.1712.topface OR user_mau.1712.standalonetf)",7
"2017-06-01 00:00:00","first_app:topface AND platform:vk","_exists_:(user_mau.1801.topfacemobappandroid OR user_mau.1801.topfacemobappios OR user_mau.1801.topface OR user_mau.1801.standalonetf)",5
"2017-06-01 00:00:00","first_app:topface AND platform:vk","_exists_:(user_mau.1802.topfacemobappandroid OR user_mau.1802.topfacemobappios OR user_mau.1802.topface OR user_mau.1802.standalonetf)",4
"2017-06-01 00:00:00","first_app:topface AND platform:ok","*",9
"2017-06-01 00:00:00","first_app:topface AND platform:ok","_exists_:(user_mau.1501.topfacemobappandroid OR user_mau.1501.topfacemobappios OR user_mau.1501.topface OR user_mau.1501.standalonetf)",0
"2017-06-01 00:00:00","first_app:topface AND platform:ok","_exists_:(user_mau.1502.topfacemobappandroid OR user_mau.1502.topfacemobappios OR user_mau.1502.topface OR user_mau.1502.standalonetf)",0
"2017-06-01 00:00:00","first_app:topface AND platform:ok","_exists_:(user_mau.1503.topfacemobappandroid OR user_mau.1503.topfacemobappios OR user_mau.1503.topface OR user_mau.1503.standalonetf)",0
"2017-06-01 00:00:00","first_app:topface AND platform:ok","_exists_:(user_mau.1504.topfacemobappandroid OR user_mau.1504.topfacemobappios OR user_mau.1504.topface OR user_mau.1504.standalonetf)",0
"2017-06-01 00:00:00","first_app:topface AND platform:ok","_exists_:(user_mau.1505.topfacemobappandroid OR user_mau.1505.topfacemobappios OR user_mau.1505.topface OR user_mau.1505.standalonetf)",0
"2017-06-01 00:00:00","first_app:topface AND platform:ok","_exists_:(user_mau.1506.topfacemobappandroid OR user_mau.1506.topfacemobappios OR user_mau.1506.topface OR user_mau.1506.standalonetf)",0
"2017-06-01 00:00:00","first_app:topface AND platform:ok","_exists_:(user_mau.1507.topfacemobappandroid OR user_mau.1507.topfacemobappios OR user_mau.1507.topface OR user_mau.1507.standalonetf)",0
"2017-06-01 00:00:00","first_app:topface AND platform:ok","_exists_:(user_mau.1508.topfacemobappandroid OR user_mau.1508.topfacemobappios OR user_mau.1508.topface OR user_mau.1508.standalonetf)",0
"2017-06-01 00:00:00","first_app:topface AND platform:ok","_exists_:(user_mau.1509.topfacemobappandroid OR user_mau.1509.topfacemobappios OR user_mau.1509.topface OR user_mau.1509.standalonetf)",0
"2017-06-01 00:00:00","first_app:topface AND platform:ok","_exists_:(user_mau.1510.topfacemobappandroid OR user_mau.1510.topfacemobappios OR user_mau.1510.topface OR user_mau.1510.standalonetf)",0
"2017-06-01 00:00:00","first_app:topface AND platform:ok","_exists_:(user_mau.1511.topfacemobappandroid OR user_mau.1511.topfacemobappios OR user_mau.1511.topface OR user_mau.1511.standalonetf)",0
"2017-06-01 00:00:00","first_app:topface AND platform:ok","_exists_:(user_mau.1512.topfacemobappandroid OR user_mau.1512.topfacemobappios OR user_mau.1512.topface OR user_mau.1512.standalonetf)",0
"2017-06-01 00:00:00","first_app:topface AND platform:ok","_exists_:(user_mau.1601.topfacemobappandroid OR user_mau.1601.topfacemobappios OR user_mau.1601.topface OR user_mau.1601.standalonetf)",0
"2017-06-01 00:00:00","first_app:topface AND platform:ok","_exists_:(user_mau.1602.topfacemobappandroid OR user_mau.1602.topfacemobappios OR user_mau.1602.topface OR user_mau.1602.standalonetf)",0
"2017-06-01 00:00:00","first_app:topface AND platform:ok","_exists_:(user_mau.1603.topfacemobappandroid OR user_mau.1603.topfacemobappios OR user_mau.1603.topface OR user_mau.1603.standalonetf)",0
"2017-06-01 00:00:00","first_app:topface AND platform:ok","_exists_:(user_mau.1604.topfacemobappandroid OR user_mau.1604.topfacemobappios OR user_mau.1604.topface OR user_mau.1604.standalonetf)",0
"2017-06-01 00:00:00","first_app:topface AND platform:ok","_exists_:(user_mau.1605.topfacemobappandroid OR user_mau.1605.topfacemobappios OR user_mau.1605.topface OR user_mau.1605.standalonetf)",0
"2017-06-01 00:00:00","first_app:topface AND platform:ok","_exists_:(user_mau.1606.topfacemobappandroid OR user_mau.1606.topfacemobappios OR user_mau.1606.topface OR user_mau.1606.standalonetf)",0
"2017-06-01 00:00:00","first_app:topface AND platform:ok","_exists_:(user_mau.1607.topfacemobappandroid OR user_mau.1607.topfacemobappios OR user_mau.1607.topface OR user_mau.1607.standalonetf)",0
"2017-06-01 00:00:00","first_app:topface AND platform:ok","_exists_:(user_mau.1608.topfacemobappandroid OR user_mau.1608.topfacemobappios OR user_mau.1608.topface OR user_mau.1608.standalonetf)",0
"2017-06-01 00:00:00","first_app:topface AND platform:ok","_exists_:(user_mau.1609.topfacemobappandroid OR user_mau.1609.topfacemobappios OR user_mau.1609.topface OR user_mau.1609.standalonetf)",0
"2017-06-01 00:00:00","first_app:topface AND platform:ok","_exists_:(user_mau.1610.topfacemobappandroid OR user_mau.1610.topfacemobappios OR user_mau.1610.topface OR user_mau.1610.standalonetf)",0
"2017-06-01 00:00:00","first_app:topface AND platform:ok","_exists_:(user_mau.1611.topfacemobappandroid OR user_mau.1611.topfacemobappios OR user_mau.1611.topface OR user_mau.1611.standalonetf)",0
"2017-06-01 00:00:00","first_app:topface AND platform:ok","_exists_:(user_mau.1612.topfacemobappandroid OR user_mau.1612.topfacemobappios OR user_mau.1612.topface OR user_mau.1612.standalonetf)",0
"2017-06-01 00:00:00","first_app:topface AND platform:ok","_exists_:(user_mau.1701.topfacemobappandroid OR user_mau.1701.topfacemobappios OR user_mau.1701.topface OR user_mau.1701.standalonetf)",0
"2017-06-01 00:00:00","first_app:topface AND platform:ok","_exists_:(user_mau.1702.topfacemobappandroid OR user_mau.1702.topfacemobappios OR user_mau.1702.topface OR user_mau.1702.standalonetf)",0
"2017-06-01 00:00:00","first_app:topface AND platform:ok","_exists_:(user_mau.1703.topfacemobappandroid OR user_mau.1703.topfacemobappios OR user_mau.1703.topface OR user_mau.1703.standalonetf)",0
"2017-06-01 00:00:00","first_app:topface AND platform:ok","_exists_:(user_mau.1704.topfacemobappandroid OR user_mau.1704.topfacemobappios OR user_mau.1704.topface OR user_mau.1704.standalonetf)",0
"2017-06-01 00:00:00","first_app:topface AND platform:ok","_exists_:(user_mau.1705.topfacemobappandroid OR user_mau.1705.topfacemobappios OR user_mau.1705.topface OR user_mau.1705.standalonetf)",0
"2017-06-01 00:00:00","first_app:topface AND platform:ok","_exists_:(user_mau.1706.topfacemobappandroid OR user_mau.1706.topfacemobappios OR user_mau.1706.topface OR user_mau.1706.standalonetf)",9
"2017-06-01 00:00:00","first_app:topface AND platform:ok","_exists_:(user_mau.1707.topfacemobappandroid OR user_mau.1707.topfacemobappios OR user_mau.1707.topface OR user_mau.1707.standalonetf)",3
"2017-06-01 00:00:00","first_app:topface AND platform:ok","_exists_:(user_mau.1708.topfacemobappandroid OR user_mau.1708.topfacemobappios OR user_mau.1708.topface OR user_mau.1708.standalonetf)",2
"2017-06-01 00:00:00","first_app:topface AND platform:ok","_exists_:(user_mau.1709.topfacemobappandroid OR user_mau.1709.topfacemobappios OR user_mau.1709.topface OR user_mau.1709.standalonetf)",1
"2017-06-01 00:00:00","first_app:topface AND platform:ok","_exists_:(user_mau.1710.topfacemobappandroid OR user_mau.1710.topfacemobappios OR user_mau.1710.topface OR user_mau.1710.standalonetf)",0
"2017-06-01 00:00:00","first_app:topface AND platform:ok","_exists_:(user_mau.1711.topfacemobappandroid OR user_mau.1711.topfacemobappios OR user_mau.1711.topface OR user_mau.1711.standalonetf)",0
"2017-06-01 00:00:00","first_app:topface AND platform:ok","_exists_:(user_mau.1712.topfacemobappandroid OR user_mau.1712.topfacemobappios OR user_mau.1712.topface OR user_mau.1712.standalonetf)",0
"2017-06-01 00:00:00","first_app:topface AND platform:ok","_exists_:(user_mau.1801.topfacemobappandroid OR user_mau.1801.topfacemobappios OR user_mau.1801.topface OR user_mau.1801.standalonetf)",1
"2017-06-01 00:00:00","first_app:topface AND platform:ok","_exists_:(user_mau.1802.topfacemobappandroid OR user_mau.1802.topfacemobappios OR user_mau.1802.topface OR user_mau.1802.standalonetf)",0
"2017-06-01 00:00:00","first_app:topface AND platform:fb","*",15
"2017-06-01 00:00:00","first_app:topface AND platform:fb","_exists_:(user_mau.1501.topfacemobappandroid OR user_mau.1501.topfacemobappios OR user_mau.1501.topface OR user_mau.1501.standalonetf)",0
"2017-06-01 00:00:00","first_app:topface AND platform:fb","_exists_:(user_mau.1502.topfacemobappandroid OR user_mau.1502.topfacemobappios OR user_mau.1502.topface OR user_mau.1502.standalonetf)",0
"2017-06-01 00:00:00","first_app:topface AND platform:fb","_exists_:(user_mau.1503.topfacemobappandroid OR user_mau.1503.topfacemobappios OR user_mau.1503.topface OR user_mau.1503.standalonetf)",0
"2017-06-01 00:00:00","first_app:topface AND platform:fb","_exists_:(user_mau.1504.topfacemobappandroid OR user_mau.1504.topfacemobappios OR user_mau.1504.topface OR user_mau.1504.standalonetf)",0
"2017-06-01 00:00:00","first_app:topface AND platform:fb","_exists_:(user_mau.1505.topfacemobappandroid OR user_mau.1505.topfacemobappios OR user_mau.1505.topface OR user_mau.1505.standalonetf)",0
"2017-06-01 00:00:00","first_app:topface AND platform:fb","_exists_:(user_mau.1506.topfacemobappandroid OR user_mau.1506.topfacemobappios OR user_mau.1506.topface OR user_mau.1506.standalonetf)",0
"2017-06-01 00:00:00","first_app:topface AND platform:fb","_exists_:(user_mau.1507.topfacemobappandroid OR user_mau.1507.topfacemobappios OR user_mau.1507.topface OR user_mau.1507.standalonetf)",0
"2017-06-01 00:00:00","first_app:topface AND platform:fb","_exists_:(user_mau.1508.topfacemobappandroid OR user_mau.1508.topfacemobappios OR user_mau.1508.topface OR user_mau.1508.standalonetf)",0
"2017-06-01 00:00:00","first_app:topface AND platform:fb","_exists_:(user_mau.1509.topfacemobappandroid OR user_mau.1509.topfacemobappios OR user_mau.1509.topface OR user_mau.1509.standalonetf)",0
"2017-06-01 00:00:00","first_app:topface AND platform:fb","_exists_:(user_mau.1510.topfacemobappandroid OR user_mau.1510.topfacemobappios OR user_mau.1510.topface OR user_mau.1510.standalonetf)",0
"2017-06-01 00:00:00","first_app:topface AND platform:fb","_exists_:(user_mau.1511.topfacemobappandroid OR user_mau.1511.topfacemobappios OR user_mau.1511.topface OR user_mau.1511.standalonetf)",0
"2017-06-01 00:00:00","first_app:topface AND platform:fb","_exists_:(user_mau.1512.topfacemobappandroid OR user_mau.1512.topfacemobappios OR user_mau.1512.topface OR user_mau.1512.standalonetf)",0
"2017-06-01 00:00:00","first_app:topface AND platform:fb","_exists_:(user_mau.1601.topfacemobappandroid OR user_mau.1601.topfacemobappios OR user_mau.1601.topface OR user_mau.1601.standalonetf)",0
"2017-06-01 00:00:00","first_app:topface AND platform:fb","_exists_:(user_mau.1602.topfacemobappandroid OR user_mau.1602.topfacemobappios OR user_mau.1602.topface OR user_mau.1602.standalonetf)",0
"2017-06-01 00:00:00","first_app:topface AND platform:fb","_exists_:(user_mau.1603.topfacemobappandroid OR user_mau.1603.topfacemobappios OR user_mau.1603.topface OR user_mau.1603.standalonetf)",0
"2017-06-01 00:00:00","first_app:topface AND platform:fb","_exists_:(user_mau.1604.topfacemobappandroid OR user_mau.1604.topfacemobappios OR user_mau.1604.topface OR user_mau.1604.standalonetf)",0
"2017-06-01 00:00:00","first_app:topface AND platform:fb","_exists_:(user_mau.1605.topfacemobappandroid OR user_mau.1605.topfacemobappios OR user_mau.1605.topface OR user_mau.1605.standalonetf)",0
"2017-06-01 00:00:00","first_app:topface AND platform:fb","_exists_:(user_mau.1606.topfacemobappandroid OR user_mau.1606.topfacemobappios OR user_mau.1606.topface OR user_mau.1606.standalonetf)",0
"2017-06-01 00:00:00","first_app:topface AND platform:fb","_exists_:(user_mau.1607.topfacemobappandroid OR user_mau.1607.topfacemobappios OR user_mau.1607.topface OR user_mau.1607.standalonetf)",0
"2017-06-01 00:00:00","first_app:topface AND platform:fb","_exists_:(user_mau.1608.topfacemobappandroid OR user_mau.1608.topfacemobappios OR user_mau.1608.topface OR user_mau.1608.standalonetf)",0
"2017-06-01 00:00:00","first_app:topface AND platform:fb","_exists_:(user_mau.1609.topfacemobappandroid OR user_mau.1609.topfacemobappios OR user_mau.1609.topface OR user_mau.1609.standalonetf)",0
"2017-06-01 00:00:00","first_app:topface AND platform:fb","_exists_:(user_mau.1610.topfacemobappandroid OR user_mau.1610.topfacemobappios OR user_mau.1610.topface OR user_mau.1610.standalonetf)",0
"2017-06-01 00:00:00","first_app:topface AND platform:fb","_exists_:(user_mau.1611.topfacemobappandroid OR user_mau.1611.topfacemobappios OR user_mau.1611.topface OR user_mau.1611.standalonetf)",0
"2017-06-01 00:00:00","first_app:topface AND platform:fb","_exists_:(user_mau.1612.topfacemobappandroid OR user_mau.1612.topfacemobappios OR user_mau.1612.topface OR user_mau.1612.standalonetf)",0
"2017-06-01 00:00:00","first_app:topface AND platform:fb","_exists_:(user_mau.1701.topfacemobappandroid OR user_mau.1701.topfacemobappios OR user_mau.1701.topface OR user_mau.1701.standalonetf)",0
"2017-06-01 00:00:00","first_app:topface AND platform:fb","_exists_:(user_mau.1702.topfacemobappandroid OR user_mau.1702.topfacemobappios OR user_mau.1702.topface OR user_mau.1702.standalonetf)",0
"2017-06-01 00:00:00","first_app:topface AND platform:fb","_exists_:(user_mau.1703.topfacemobappandroid OR user_mau.1703.topfacemobappios OR user_mau.1703.topface OR user_mau.1703.standalonetf)",0
"2017-06-01 00:00:00","first_app:topface AND platform:fb","_exists_:(user_mau.1704.topfacemobappandroid OR user_mau.1704.topfacemobappios OR user_mau.1704.topface OR user_mau.1704.standalonetf)",0
"2017-06-01 00:00:00","first_app:topface AND platform:fb","_exists_:(user_mau.1705.topfacemobappandroid OR user_mau.1705.topfacemobappios OR user_mau.1705.topface OR user_mau.1705.standalonetf)",0
"2017-06-01 00:00:00","first_app:topface AND platform:fb","_exists_:(user_mau.1706.topfacemobappandroid OR user_mau.1706.topfacemobappios OR user_mau.1706.topface OR user_mau.1706.standalonetf)",15
"2017-06-01 00:00:00","first_app:topface AND platform:fb","_exists_:(user_mau.1707.topfacemobappandroid OR user_mau.1707.topfacemobappios OR user_mau.1707.topface OR user_mau.1707.standalonetf)",8
"2017-06-01 00:00:00","first_app:topface AND platform:fb","_exists_:(user_mau.1708.topfacemobappandroid OR user_mau.1708.topfacemobappios OR user_mau.1708.topface OR user_mau.1708.standalonetf)",6
"2017-06-01 00:00:00","first_app:topface AND platform:fb","_exists_:(user_mau.1709.topfacemobappandroid OR user_mau.1709.topfacemobappios OR user_mau.1709.topface OR user_mau.1709.standalonetf)",5
"2017-06-01 00:00:00","first_app:topface AND platform:fb","_exists_:(user_mau.1710.topfacemobappandroid OR user_mau.1710.topfacemobappios OR user_mau.1710.topface OR user_mau.1710.standalonetf)",4
"2017-06-01 00:00:00","first_app:topface AND platform:fb","_exists_:(user_mau.1711.topfacemobappandroid OR user_mau.1711.topfacemobappios OR user_mau.1711.topface OR user_mau.1711.standalonetf)",4
"2017-06-01 00:00:00","first_app:topface AND platform:fb","_exists_:(user_mau.1712.topfacemobappandroid OR user_mau.1712.topfacemobappios OR user_mau.1712.topface OR user_mau.1712.standalonetf)",3
"2017-06-01 00:00:00","first_app:topface AND platform:fb","_exists_:(user_mau.1801.topfacemobappandroid OR user_mau.1801.topfacemobappios OR user_mau.1801.topface OR user_mau.1801.standalonetf)",2
"2017-06-01 00:00:00","first_app:topface AND platform:fb","_exists_:(user_mau.1802.topfacemobappandroid OR user_mau.1802.topfacemobappios OR user_mau.1802.topface OR user_mau.1802.standalonetf)",2
"2017-07-01 00:00:00","first_app:topfacemobappandroid","*","212,479"
"2017-07-01 00:00:00","first_app:topfacemobappandroid","_exists_:(user_mau.1501.topfacemobappandroid OR user_mau.1501.topfacemobappios OR user_mau.1501.topface OR user_mau.1501.standalonetf)",0
"2017-07-01 00:00:00","first_app:topfacemobappandroid","_exists_:(user_mau.1502.topfacemobappandroid OR user_mau.1502.topfacemobappios OR user_mau.1502.topface OR user_mau.1502.standalonetf)",0
"2017-07-01 00:00:00","first_app:topfacemobappandroid","_exists_:(user_mau.1503.topfacemobappandroid OR user_mau.1503.topfacemobappios OR user_mau.1503.topface OR user_mau.1503.standalonetf)",0
"2017-07-01 00:00:00","first_app:topfacemobappandroid","_exists_:(user_mau.1504.topfacemobappandroid OR user_mau.1504.topfacemobappios OR user_mau.1504.topface OR user_mau.1504.standalonetf)",0
"2017-07-01 00:00:00","first_app:topfacemobappandroid","_exists_:(user_mau.1505.topfacemobappandroid OR user_mau.1505.topfacemobappios OR user_mau.1505.topface OR user_mau.1505.standalonetf)",0
"2017-07-01 00:00:00","first_app:topfacemobappandroid","_exists_:(user_mau.1506.topfacemobappandroid OR user_mau.1506.topfacemobappios OR user_mau.1506.topface OR user_mau.1506.standalonetf)",0
"2017-07-01 00:00:00","first_app:topfacemobappandroid","_exists_:(user_mau.1507.topfacemobappandroid OR user_mau.1507.topfacemobappios OR user_mau.1507.topface OR user_mau.1507.standalonetf)",0
"2017-07-01 00:00:00","first_app:topfacemobappandroid","_exists_:(user_mau.1508.topfacemobappandroid OR user_mau.1508.topfacemobappios OR user_mau.1508.topface OR user_mau.1508.standalonetf)",0
"2017-07-01 00:00:00","first_app:topfacemobappandroid","_exists_:(user_mau.1509.topfacemobappandroid OR user_mau.1509.topfacemobappios OR user_mau.1509.topface OR user_mau.1509.standalonetf)",0
"2017-07-01 00:00:00","first_app:topfacemobappandroid","_exists_:(user_mau.1510.topfacemobappandroid OR user_mau.1510.topfacemobappios OR user_mau.1510.topface OR user_mau.1510.standalonetf)",0
"2017-07-01 00:00:00","first_app:topfacemobappandroid","_exists_:(user_mau.1511.topfacemobappandroid OR user_mau.1511.topfacemobappios OR user_mau.1511.topface OR user_mau.1511.standalonetf)",0
"2017-07-01 00:00:00","first_app:topfacemobappandroid","_exists_:(user_mau.1512.topfacemobappandroid OR user_mau.1512.topfacemobappios OR user_mau.1512.topface OR user_mau.1512.standalonetf)",0
"2017-07-01 00:00:00","first_app:topfacemobappandroid","_exists_:(user_mau.1601.topfacemobappandroid OR user_mau.1601.topfacemobappios OR user_mau.1601.topface OR user_mau.1601.standalonetf)",0
"2017-07-01 00:00:00","first_app:topfacemobappandroid","_exists_:(user_mau.1602.topfacemobappandroid OR user_mau.1602.topfacemobappios OR user_mau.1602.topface OR user_mau.1602.standalonetf)",0
"2017-07-01 00:00:00","first_app:topfacemobappandroid","_exists_:(user_mau.1603.topfacemobappandroid OR user_mau.1603.topfacemobappios OR user_mau.1603.topface OR user_mau.1603.standalonetf)",0
"2017-07-01 00:00:00","first_app:topfacemobappandroid","_exists_:(user_mau.1604.topfacemobappandroid OR user_mau.1604.topfacemobappios OR user_mau.1604.topface OR user_mau.1604.standalonetf)",0
"2017-07-01 00:00:00","first_app:topfacemobappandroid","_exists_:(user_mau.1605.topfacemobappandroid OR user_mau.1605.topfacemobappios OR user_mau.1605.topface OR user_mau.1605.standalonetf)",0
"2017-07-01 00:00:00","first_app:topfacemobappandroid","_exists_:(user_mau.1606.topfacemobappandroid OR user_mau.1606.topfacemobappios OR user_mau.1606.topface OR user_mau.1606.standalonetf)",0
"2017-07-01 00:00:00","first_app:topfacemobappandroid","_exists_:(user_mau.1607.topfacemobappandroid OR user_mau.1607.topfacemobappios OR user_mau.1607.topface OR user_mau.1607.standalonetf)",0
"2017-07-01 00:00:00","first_app:topfacemobappandroid","_exists_:(user_mau.1608.topfacemobappandroid OR user_mau.1608.topfacemobappios OR user_mau.1608.topface OR user_mau.1608.standalonetf)",0
"2017-07-01 00:00:00","first_app:topfacemobappandroid","_exists_:(user_mau.1609.topfacemobappandroid OR user_mau.1609.topfacemobappios OR user_mau.1609.topface OR user_mau.1609.standalonetf)",0
"2017-07-01 00:00:00","first_app:topfacemobappandroid","_exists_:(user_mau.1610.topfacemobappandroid OR user_mau.1610.topfacemobappios OR user_mau.1610.topface OR user_mau.1610.standalonetf)",0
"2017-07-01 00:00:00","first_app:topfacemobappandroid","_exists_:(user_mau.1611.topfacemobappandroid OR user_mau.1611.topfacemobappios OR user_mau.1611.topface OR user_mau.1611.standalonetf)",0
"2017-07-01 00:00:00","first_app:topfacemobappandroid","_exists_:(user_mau.1612.topfacemobappandroid OR user_mau.1612.topfacemobappios OR user_mau.1612.topface OR user_mau.1612.standalonetf)",0
"2017-07-01 00:00:00","first_app:topfacemobappandroid","_exists_:(user_mau.1701.topfacemobappandroid OR user_mau.1701.topfacemobappios OR user_mau.1701.topface OR user_mau.1701.standalonetf)",0
"2017-07-01 00:00:00","first_app:topfacemobappandroid","_exists_:(user_mau.1702.topfacemobappandroid OR user_mau.1702.topfacemobappios OR user_mau.1702.topface OR user_mau.1702.standalonetf)",0
"2017-07-01 00:00:00","first_app:topfacemobappandroid","_exists_:(user_mau.1703.topfacemobappandroid OR user_mau.1703.topfacemobappios OR user_mau.1703.topface OR user_mau.1703.standalonetf)",0
"2017-07-01 00:00:00","first_app:topfacemobappandroid","_exists_:(user_mau.1704.topfacemobappandroid OR user_mau.1704.topfacemobappios OR user_mau.1704.topface OR user_mau.1704.standalonetf)",0
"2017-07-01 00:00:00","first_app:topfacemobappandroid","_exists_:(user_mau.1705.topfacemobappandroid OR user_mau.1705.topfacemobappios OR user_mau.1705.topface OR user_mau.1705.standalonetf)",0
"2017-07-01 00:00:00","first_app:topfacemobappandroid","_exists_:(user_mau.1706.topfacemobappandroid OR user_mau.1706.topfacemobappios OR user_mau.1706.topface OR user_mau.1706.standalonetf)",0
"2017-07-01 00:00:00","first_app:topfacemobappandroid","_exists_:(user_mau.1707.topfacemobappandroid OR user_mau.1707.topfacemobappios OR user_mau.1707.topface OR user_mau.1707.standalonetf)","212,478"
"2017-07-01 00:00:00","first_app:topfacemobappandroid","_exists_:(user_mau.1708.topfacemobappandroid OR user_mau.1708.topfacemobappios OR user_mau.1708.topface OR user_mau.1708.standalonetf)","37,099"
"2017-07-01 00:00:00","first_app:topfacemobappandroid","_exists_:(user_mau.1709.topfacemobappandroid OR user_mau.1709.topfacemobappios OR user_mau.1709.topface OR user_mau.1709.standalonetf)","19,335"
"2017-07-01 00:00:00","first_app:topfacemobappandroid","_exists_:(user_mau.1710.topfacemobappandroid OR user_mau.1710.topfacemobappios OR user_mau.1710.topface OR user_mau.1710.standalonetf)","11,633"
"2017-07-01 00:00:00","first_app:topfacemobappandroid","_exists_:(user_mau.1711.topfacemobappandroid OR user_mau.1711.topfacemobappios OR user_mau.1711.topface OR user_mau.1711.standalonetf)","9,422"
"2017-07-01 00:00:00","first_app:topfacemobappandroid","_exists_:(user_mau.1712.topfacemobappandroid OR user_mau.1712.topfacemobappios OR user_mau.1712.topface OR user_mau.1712.standalonetf)","7,253"
"2017-07-01 00:00:00","first_app:topfacemobappandroid","_exists_:(user_mau.1801.topfacemobappandroid OR user_mau.1801.topfacemobappios OR user_mau.1801.topface OR user_mau.1801.standalonetf)","5,972"
"2017-07-01 00:00:00","first_app:topfacemobappandroid","_exists_:(user_mau.1802.topfacemobappandroid OR user_mau.1802.topfacemobappios OR user_mau.1802.topface OR user_mau.1802.standalonetf)","4,683"
"2017-07-01 00:00:00","first_app:topfacemobappios","*","32,052"
"2017-07-01 00:00:00","first_app:topfacemobappios","_exists_:(user_mau.1501.topfacemobappandroid OR user_mau.1501.topfacemobappios OR user_mau.1501.topface OR user_mau.1501.standalonetf)",0
"2017-07-01 00:00:00","first_app:topfacemobappios","_exists_:(user_mau.1502.topfacemobappandroid OR user_mau.1502.topfacemobappios OR user_mau.1502.topface OR user_mau.1502.standalonetf)",0
"2017-07-01 00:00:00","first_app:topfacemobappios","_exists_:(user_mau.1503.topfacemobappandroid OR user_mau.1503.topfacemobappios OR user_mau.1503.topface OR user_mau.1503.standalonetf)",0
"2017-07-01 00:00:00","first_app:topfacemobappios","_exists_:(user_mau.1504.topfacemobappandroid OR user_mau.1504.topfacemobappios OR user_mau.1504.topface OR user_mau.1504.standalonetf)",0
"2017-07-01 00:00:00","first_app:topfacemobappios","_exists_:(user_mau.1505.topfacemobappandroid OR user_mau.1505.topfacemobappios OR user_mau.1505.topface OR user_mau.1505.standalonetf)",0
"2017-07-01 00:00:00","first_app:topfacemobappios","_exists_:(user_mau.1506.topfacemobappandroid OR user_mau.1506.topfacemobappios OR user_mau.1506.topface OR user_mau.1506.standalonetf)",0
"2017-07-01 00:00:00","first_app:topfacemobappios","_exists_:(user_mau.1507.topfacemobappandroid OR user_mau.1507.topfacemobappios OR user_mau.1507.topface OR user_mau.1507.standalonetf)",0
"2017-07-01 00:00:00","first_app:topfacemobappios","_exists_:(user_mau.1508.topfacemobappandroid OR user_mau.1508.topfacemobappios OR user_mau.1508.topface OR user_mau.1508.standalonetf)",0
"2017-07-01 00:00:00","first_app:topfacemobappios","_exists_:(user_mau.1509.topfacemobappandroid OR user_mau.1509.topfacemobappios OR user_mau.1509.topface OR user_mau.1509.standalonetf)",0
"2017-07-01 00:00:00","first_app:topfacemobappios","_exists_:(user_mau.1510.topfacemobappandroid OR user_mau.1510.topfacemobappios OR user_mau.1510.topface OR user_mau.1510.standalonetf)",0
"2017-07-01 00:00:00","first_app:topfacemobappios","_exists_:(user_mau.1511.topfacemobappandroid OR user_mau.1511.topfacemobappios OR user_mau.1511.topface OR user_mau.1511.standalonetf)",0
"2017-07-01 00:00:00","first_app:topfacemobappios","_exists_:(user_mau.1512.topfacemobappandroid OR user_mau.1512.topfacemobappios OR user_mau.1512.topface OR user_mau.1512.standalonetf)",0
"2017-07-01 00:00:00","first_app:topfacemobappios","_exists_:(user_mau.1601.topfacemobappandroid OR user_mau.1601.topfacemobappios OR user_mau.1601.topface OR user_mau.1601.standalonetf)",0
"2017-07-01 00:00:00","first_app:topfacemobappios","_exists_:(user_mau.1602.topfacemobappandroid OR user_mau.1602.topfacemobappios OR user_mau.1602.topface OR user_mau.1602.standalonetf)",0
"2017-07-01 00:00:00","first_app:topfacemobappios","_exists_:(user_mau.1603.topfacemobappandroid OR user_mau.1603.topfacemobappios OR user_mau.1603.topface OR user_mau.1603.standalonetf)",0
"2017-07-01 00:00:00","first_app:topfacemobappios","_exists_:(user_mau.1604.topfacemobappandroid OR user_mau.1604.topfacemobappios OR user_mau.1604.topface OR user_mau.1604.standalonetf)",0
"2017-07-01 00:00:00","first_app:topfacemobappios","_exists_:(user_mau.1605.topfacemobappandroid OR user_mau.1605.topfacemobappios OR user_mau.1605.topface OR user_mau.1605.standalonetf)",0
"2017-07-01 00:00:00","first_app:topfacemobappios","_exists_:(user_mau.1606.topfacemobappandroid OR user_mau.1606.topfacemobappios OR user_mau.1606.topface OR user_mau.1606.standalonetf)",0
"2017-07-01 00:00:00","first_app:topfacemobappios","_exists_:(user_mau.1607.topfacemobappandroid OR user_mau.1607.topfacemobappios OR user_mau.1607.topface OR user_mau.1607.standalonetf)",0
"2017-07-01 00:00:00","first_app:topfacemobappios","_exists_:(user_mau.1608.topfacemobappandroid OR user_mau.1608.topfacemobappios OR user_mau.1608.topface OR user_mau.1608.standalonetf)",0
"2017-07-01 00:00:00","first_app:topfacemobappios","_exists_:(user_mau.1609.topfacemobappandroid OR user_mau.1609.topfacemobappios OR user_mau.1609.topface OR user_mau.1609.standalonetf)",0
"2017-07-01 00:00:00","first_app:topfacemobappios","_exists_:(user_mau.1610.topfacemobappandroid OR user_mau.1610.topfacemobappios OR user_mau.1610.topface OR user_mau.1610.standalonetf)",0
"2017-07-01 00:00:00","first_app:topfacemobappios","_exists_:(user_mau.1611.topfacemobappandroid OR user_mau.1611.topfacemobappios OR user_mau.1611.topface OR user_mau.1611.standalonetf)",0
"2017-07-01 00:00:00","first_app:topfacemobappios","_exists_:(user_mau.1612.topfacemobappandroid OR user_mau.1612.topfacemobappios OR user_mau.1612.topface OR user_mau.1612.standalonetf)",0
"2017-07-01 00:00:00","first_app:topfacemobappios","_exists_:(user_mau.1701.topfacemobappandroid OR user_mau.1701.topfacemobappios OR user_mau.1701.topface OR user_mau.1701.standalonetf)",0
"2017-07-01 00:00:00","first_app:topfacemobappios","_exists_:(user_mau.1702.topfacemobappandroid OR user_mau.1702.topfacemobappios OR user_mau.1702.topface OR user_mau.1702.standalonetf)",0
"2017-07-01 00:00:00","first_app:topfacemobappios","_exists_:(user_mau.1703.topfacemobappandroid OR user_mau.1703.topfacemobappios OR user_mau.1703.topface OR user_mau.1703.standalonetf)",0
"2017-07-01 00:00:00","first_app:topfacemobappios","_exists_:(user_mau.1704.topfacemobappandroid OR user_mau.1704.topfacemobappios OR user_mau.1704.topface OR user_mau.1704.standalonetf)",0
"2017-07-01 00:00:00","first_app:topfacemobappios","_exists_:(user_mau.1705.topfacemobappandroid OR user_mau.1705.topfacemobappios OR user_mau.1705.topface OR user_mau.1705.standalonetf)",0
"2017-07-01 00:00:00","first_app:topfacemobappios","_exists_:(user_mau.1706.topfacemobappandroid OR user_mau.1706.topfacemobappios OR user_mau.1706.topface OR user_mau.1706.standalonetf)",0
"2017-07-01 00:00:00","first_app:topfacemobappios","_exists_:(user_mau.1707.topfacemobappandroid OR user_mau.1707.topfacemobappios OR user_mau.1707.topface OR user_mau.1707.standalonetf)","32,052"
"2017-07-01 00:00:00","first_app:topfacemobappios","_exists_:(user_mau.1708.topfacemobappandroid OR user_mau.1708.topfacemobappios OR user_mau.1708.topface OR user_mau.1708.standalonetf)","5,767"
"2017-07-01 00:00:00","first_app:topfacemobappios","_exists_:(user_mau.1709.topfacemobappandroid OR user_mau.1709.topfacemobappios OR user_mau.1709.topface OR user_mau.1709.standalonetf)","2,951"
"2017-07-01 00:00:00","first_app:topfacemobappios","_exists_:(user_mau.1710.topfacemobappandroid OR user_mau.1710.topfacemobappios OR user_mau.1710.topface OR user_mau.1710.standalonetf)","1,895"
"2017-07-01 00:00:00","first_app:topfacemobappios","_exists_:(user_mau.1711.topfacemobappandroid OR user_mau.1711.topfacemobappios OR user_mau.1711.topface OR user_mau.1711.standalonetf)","1,307"
"2017-07-01 00:00:00","first_app:topfacemobappios","_exists_:(user_mau.1712.topfacemobappandroid OR user_mau.1712.topfacemobappios OR user_mau.1712.topface OR user_mau.1712.standalonetf)","1,071"
"2017-07-01 00:00:00","first_app:topfacemobappios","_exists_:(user_mau.1801.topfacemobappandroid OR user_mau.1801.topfacemobappios OR user_mau.1801.topface OR user_mau.1801.standalonetf)",857
"2017-07-01 00:00:00","first_app:topfacemobappios","_exists_:(user_mau.1802.topfacemobappandroid OR user_mau.1802.topfacemobappios OR user_mau.1802.topface OR user_mau.1802.standalonetf)",618
"2017-07-01 00:00:00","first_app:standalonetf","*","1,533"
"2017-07-01 00:00:00","first_app:standalonetf","_exists_:(user_mau.1501.topfacemobappandroid OR user_mau.1501.topfacemobappios OR user_mau.1501.topface OR user_mau.1501.standalonetf)",0
"2017-07-01 00:00:00","first_app:standalonetf","_exists_:(user_mau.1502.topfacemobappandroid OR user_mau.1502.topfacemobappios OR user_mau.1502.topface OR user_mau.1502.standalonetf)",0
"2017-07-01 00:00:00","first_app:standalonetf","_exists_:(user_mau.1503.topfacemobappandroid OR user_mau.1503.topfacemobappios OR user_mau.1503.topface OR user_mau.1503.standalonetf)",0
"2017-07-01 00:00:00","first_app:standalonetf","_exists_:(user_mau.1504.topfacemobappandroid OR user_mau.1504.topfacemobappios OR user_mau.1504.topface OR user_mau.1504.standalonetf)",0
"2017-07-01 00:00:00","first_app:standalonetf","_exists_:(user_mau.1505.topfacemobappandroid OR user_mau.1505.topfacemobappios OR user_mau.1505.topface OR user_mau.1505.standalonetf)",0
"2017-07-01 00:00:00","first_app:standalonetf","_exists_:(user_mau.1506.topfacemobappandroid OR user_mau.1506.topfacemobappios OR user_mau.1506.topface OR user_mau.1506.standalonetf)",0
"2017-07-01 00:00:00","first_app:standalonetf","_exists_:(user_mau.1507.topfacemobappandroid OR user_mau.1507.topfacemobappios OR user_mau.1507.topface OR user_mau.1507.standalonetf)",0
"2017-07-01 00:00:00","first_app:standalonetf","_exists_:(user_mau.1508.topfacemobappandroid OR user_mau.1508.topfacemobappios OR user_mau.1508.topface OR user_mau.1508.standalonetf)",0
"2017-07-01 00:00:00","first_app:standalonetf","_exists_:(user_mau.1509.topfacemobappandroid OR user_mau.1509.topfacemobappios OR user_mau.1509.topface OR user_mau.1509.standalonetf)",0
"2017-07-01 00:00:00","first_app:standalonetf","_exists_:(user_mau.1510.topfacemobappandroid OR user_mau.1510.topfacemobappios OR user_mau.1510.topface OR user_mau.1510.standalonetf)",0
"2017-07-01 00:00:00","first_app:standalonetf","_exists_:(user_mau.1511.topfacemobappandroid OR user_mau.1511.topfacemobappios OR user_mau.1511.topface OR user_mau.1511.standalonetf)",0
"2017-07-01 00:00:00","first_app:standalonetf","_exists_:(user_mau.1512.topfacemobappandroid OR user_mau.1512.topfacemobappios OR user_mau.1512.topface OR user_mau.1512.standalonetf)",0
"2017-07-01 00:00:00","first_app:standalonetf","_exists_:(user_mau.1601.topfacemobappandroid OR user_mau.1601.topfacemobappios OR user_mau.1601.topface OR user_mau.1601.standalonetf)",0
"2017-07-01 00:00:00","first_app:standalonetf","_exists_:(user_mau.1602.topfacemobappandroid OR user_mau.1602.topfacemobappios OR user_mau.1602.topface OR user_mau.1602.standalonetf)",0
"2017-07-01 00:00:00","first_app:standalonetf","_exists_:(user_mau.1603.topfacemobappandroid OR user_mau.1603.topfacemobappios OR user_mau.1603.topface OR user_mau.1603.standalonetf)",0
"2017-07-01 00:00:00","first_app:standalonetf","_exists_:(user_mau.1604.topfacemobappandroid OR user_mau.1604.topfacemobappios OR user_mau.1604.topface OR user_mau.1604.standalonetf)",0
"2017-07-01 00:00:00","first_app:standalonetf","_exists_:(user_mau.1605.topfacemobappandroid OR user_mau.1605.topfacemobappios OR user_mau.1605.topface OR user_mau.1605.standalonetf)",0
"2017-07-01 00:00:00","first_app:standalonetf","_exists_:(user_mau.1606.topfacemobappandroid OR user_mau.1606.topfacemobappios OR user_mau.1606.topface OR user_mau.1606.standalonetf)",0
"2017-07-01 00:00:00","first_app:standalonetf","_exists_:(user_mau.1607.topfacemobappandroid OR user_mau.1607.topfacemobappios OR user_mau.1607.topface OR user_mau.1607.standalonetf)",0
"2017-07-01 00:00:00","first_app:standalonetf","_exists_:(user_mau.1608.topfacemobappandroid OR user_mau.1608.topfacemobappios OR user_mau.1608.topface OR user_mau.1608.standalonetf)",0
"2017-07-01 00:00:00","first_app:standalonetf","_exists_:(user_mau.1609.topfacemobappandroid OR user_mau.1609.topfacemobappios OR user_mau.1609.topface OR user_mau.1609.standalonetf)",0
"2017-07-01 00:00:00","first_app:standalonetf","_exists_:(user_mau.1610.topfacemobappandroid OR user_mau.1610.topfacemobappios OR user_mau.1610.topface OR user_mau.1610.standalonetf)",0
"2017-07-01 00:00:00","first_app:standalonetf","_exists_:(user_mau.1611.topfacemobappandroid OR user_mau.1611.topfacemobappios OR user_mau.1611.topface OR user_mau.1611.standalonetf)",0
"2017-07-01 00:00:00","first_app:standalonetf","_exists_:(user_mau.1612.topfacemobappandroid OR user_mau.1612.topfacemobappios OR user_mau.1612.topface OR user_mau.1612.standalonetf)",0
"2017-07-01 00:00:00","first_app:standalonetf","_exists_:(user_mau.1701.topfacemobappandroid OR user_mau.1701.topfacemobappios OR user_mau.1701.topface OR user_mau.1701.standalonetf)",0
"2017-07-01 00:00:00","first_app:standalonetf","_exists_:(user_mau.1702.topfacemobappandroid OR user_mau.1702.topfacemobappios OR user_mau.1702.topface OR user_mau.1702.standalonetf)",0
"2017-07-01 00:00:00","first_app:standalonetf","_exists_:(user_mau.1703.topfacemobappandroid OR user_mau.1703.topfacemobappios OR user_mau.1703.topface OR user_mau.1703.standalonetf)",0
"2017-07-01 00:00:00","first_app:standalonetf","_exists_:(user_mau.1704.topfacemobappandroid OR user_mau.1704.topfacemobappios OR user_mau.1704.topface OR user_mau.1704.standalonetf)",0
"2017-07-01 00:00:00","first_app:standalonetf","_exists_:(user_mau.1705.topfacemobappandroid OR user_mau.1705.topfacemobappios OR user_mau.1705.topface OR user_mau.1705.standalonetf)",0
"2017-07-01 00:00:00","first_app:standalonetf","_exists_:(user_mau.1706.topfacemobappandroid OR user_mau.1706.topfacemobappios OR user_mau.1706.topface OR user_mau.1706.standalonetf)",0
"2017-07-01 00:00:00","first_app:standalonetf","_exists_:(user_mau.1707.topfacemobappandroid OR user_mau.1707.topfacemobappios OR user_mau.1707.topface OR user_mau.1707.standalonetf)","1,335"
"2017-07-01 00:00:00","first_app:standalonetf","_exists_:(user_mau.1708.topfacemobappandroid OR user_mau.1708.topfacemobappios OR user_mau.1708.topface OR user_mau.1708.standalonetf)",344
"2017-07-01 00:00:00","first_app:standalonetf","_exists_:(user_mau.1709.topfacemobappandroid OR user_mau.1709.topfacemobappios OR user_mau.1709.topface OR user_mau.1709.standalonetf)",217
"2017-07-01 00:00:00","first_app:standalonetf","_exists_:(user_mau.1710.topfacemobappandroid OR user_mau.1710.topfacemobappios OR user_mau.1710.topface OR user_mau.1710.standalonetf)",187
"2017-07-01 00:00:00","first_app:standalonetf","_exists_:(user_mau.1711.topfacemobappandroid OR user_mau.1711.topfacemobappios OR user_mau.1711.topface OR user_mau.1711.standalonetf)",159
"2017-07-01 00:00:00","first_app:standalonetf","_exists_:(user_mau.1712.topfacemobappandroid OR user_mau.1712.topfacemobappios OR user_mau.1712.topface OR user_mau.1712.standalonetf)",128
"2017-07-01 00:00:00","first_app:standalonetf","_exists_:(user_mau.1801.topfacemobappandroid OR user_mau.1801.topfacemobappios OR user_mau.1801.topface OR user_mau.1801.standalonetf)",114
"2017-07-01 00:00:00","first_app:standalonetf","_exists_:(user_mau.1802.topfacemobappandroid OR user_mau.1802.topfacemobappios OR user_mau.1802.topface OR user_mau.1802.standalonetf)",102
"2017-07-01 00:00:00","first_app:topface AND platform:vk","*",53
"2017-07-01 00:00:00","first_app:topface AND platform:vk","_exists_:(user_mau.1501.topfacemobappandroid OR user_mau.1501.topfacemobappios OR user_mau.1501.topface OR user_mau.1501.standalonetf)",0
"2017-07-01 00:00:00","first_app:topface AND platform:vk","_exists_:(user_mau.1502.topfacemobappandroid OR user_mau.1502.topfacemobappios OR user_mau.1502.topface OR user_mau.1502.standalonetf)",0
"2017-07-01 00:00:00","first_app:topface AND platform:vk","_exists_:(user_mau.1503.topfacemobappandroid OR user_mau.1503.topfacemobappios OR user_mau.1503.topface OR user_mau.1503.standalonetf)",0
"2017-07-01 00:00:00","first_app:topface AND platform:vk","_exists_:(user_mau.1504.topfacemobappandroid OR user_mau.1504.topfacemobappios OR user_mau.1504.topface OR user_mau.1504.standalonetf)",0
"2017-07-01 00:00:00","first_app:topface AND platform:vk","_exists_:(user_mau.1505.topfacemobappandroid OR user_mau.1505.topfacemobappios OR user_mau.1505.topface OR user_mau.1505.standalonetf)",0
"2017-07-01 00:00:00","first_app:topface AND platform:vk","_exists_:(user_mau.1506.topfacemobappandroid OR user_mau.1506.topfacemobappios OR user_mau.1506.topface OR user_mau.1506.standalonetf)",0
"2017-07-01 00:00:00","first_app:topface AND platform:vk","_exists_:(user_mau.1507.topfacemobappandroid OR user_mau.1507.topfacemobappios OR user_mau.1507.topface OR user_mau.1507.standalonetf)",0
"2017-07-01 00:00:00","first_app:topface AND platform:vk","_exists_:(user_mau.1508.topfacemobappandroid OR user_mau.1508.topfacemobappios OR user_mau.1508.topface OR user_mau.1508.standalonetf)",0
"2017-07-01 00:00:00","first_app:topface AND platform:vk","_exists_:(user_mau.1509.topfacemobappandroid OR user_mau.1509.topfacemobappios OR user_mau.1509.topface OR user_mau.1509.standalonetf)",0
"2017-07-01 00:00:00","first_app:topface AND platform:vk","_exists_:(user_mau.1510.topfacemobappandroid OR user_mau.1510.topfacemobappios OR user_mau.1510.topface OR user_mau.1510.standalonetf)",0
"2017-07-01 00:00:00","first_app:topface AND platform:vk","_exists_:(user_mau.1511.topfacemobappandroid OR user_mau.1511.topfacemobappios OR user_mau.1511.topface OR user_mau.1511.standalonetf)",0
"2017-07-01 00:00:00","first_app:topface AND platform:vk","_exists_:(user_mau.1512.topfacemobappandroid OR user_mau.1512.topfacemobappios OR user_mau.1512.topface OR user_mau.1512.standalonetf)",0
"2017-07-01 00:00:00","first_app:topface AND platform:vk","_exists_:(user_mau.1601.topfacemobappandroid OR user_mau.1601.topfacemobappios OR user_mau.1601.topface OR user_mau.1601.standalonetf)",0
"2017-07-01 00:00:00","first_app:topface AND platform:vk","_exists_:(user_mau.1602.topfacemobappandroid OR user_mau.1602.topfacemobappios OR user_mau.1602.topface OR user_mau.1602.standalonetf)",0
"2017-07-01 00:00:00","first_app:topface AND platform:vk","_exists_:(user_mau.1603.topfacemobappandroid OR user_mau.1603.topfacemobappios OR user_mau.1603.topface OR user_mau.1603.standalonetf)",0
"2017-07-01 00:00:00","first_app:topface AND platform:vk","_exists_:(user_mau.1604.topfacemobappandroid OR user_mau.1604.topfacemobappios OR user_mau.1604.topface OR user_mau.1604.standalonetf)",0
"2017-07-01 00:00:00","first_app:topface AND platform:vk","_exists_:(user_mau.1605.topfacemobappandroid OR user_mau.1605.topfacemobappios OR user_mau.1605.topface OR user_mau.1605.standalonetf)",0
"2017-07-01 00:00:00","first_app:topface AND platform:vk","_exists_:(user_mau.1606.topfacemobappandroid OR user_mau.1606.topfacemobappios OR user_mau.1606.topface OR user_mau.1606.standalonetf)",0
"2017-07-01 00:00:00","first_app:topface AND platform:vk","_exists_:(user_mau.1607.topfacemobappandroid OR user_mau.1607.topfacemobappios OR user_mau.1607.topface OR user_mau.1607.standalonetf)",0
"2017-07-01 00:00:00","first_app:topface AND platform:vk","_exists_:(user_mau.1608.topfacemobappandroid OR user_mau.1608.topfacemobappios OR user_mau.1608.topface OR user_mau.1608.standalonetf)",0
"2017-07-01 00:00:00","first_app:topface AND platform:vk","_exists_:(user_mau.1609.topfacemobappandroid OR user_mau.1609.topfacemobappios OR user_mau.1609.topface OR user_mau.1609.standalonetf)",0
"2017-07-01 00:00:00","first_app:topface AND platform:vk","_exists_:(user_mau.1610.topfacemobappandroid OR user_mau.1610.topfacemobappios OR user_mau.1610.topface OR user_mau.1610.standalonetf)",0
"2017-07-01 00:00:00","first_app:topface AND platform:vk","_exists_:(user_mau.1611.topfacemobappandroid OR user_mau.1611.topfacemobappios OR user_mau.1611.topface OR user_mau.1611.standalonetf)",0
"2017-07-01 00:00:00","first_app:topface AND platform:vk","_exists_:(user_mau.1612.topfacemobappandroid OR user_mau.1612.topfacemobappios OR user_mau.1612.topface OR user_mau.1612.standalonetf)",0
"2017-07-01 00:00:00","first_app:topface AND platform:vk","_exists_:(user_mau.1701.topfacemobappandroid OR user_mau.1701.topfacemobappios OR user_mau.1701.topface OR user_mau.1701.standalonetf)",0
"2017-07-01 00:00:00","first_app:topface AND platform:vk","_exists_:(user_mau.1702.topfacemobappandroid OR user_mau.1702.topfacemobappios OR user_mau.1702.topface OR user_mau.1702.standalonetf)",0
"2017-07-01 00:00:00","first_app:topface AND platform:vk","_exists_:(user_mau.1703.topfacemobappandroid OR user_mau.1703.topfacemobappios OR user_mau.1703.topface OR user_mau.1703.standalonetf)",0
"2017-07-01 00:00:00","first_app:topface AND platform:vk","_exists_:(user_mau.1704.topfacemobappandroid OR user_mau.1704.topfacemobappios OR user_mau.1704.topface OR user_mau.1704.standalonetf)",0
"2017-07-01 00:00:00","first_app:topface AND platform:vk","_exists_:(user_mau.1705.topfacemobappandroid OR user_mau.1705.topfacemobappios OR user_mau.1705.topface OR user_mau.1705.standalonetf)",0
"2017-07-01 00:00:00","first_app:topface AND platform:vk","_exists_:(user_mau.1706.topfacemobappandroid OR user_mau.1706.topfacemobappios OR user_mau.1706.topface OR user_mau.1706.standalonetf)",0
"2017-07-01 00:00:00","first_app:topface AND platform:vk","_exists_:(user_mau.1707.topfacemobappandroid OR user_mau.1707.topfacemobappios OR user_mau.1707.topface OR user_mau.1707.standalonetf)",53
"2017-07-01 00:00:00","first_app:topface AND platform:vk","_exists_:(user_mau.1708.topfacemobappandroid OR user_mau.1708.topfacemobappios OR user_mau.1708.topface OR user_mau.1708.standalonetf)",20
"2017-07-01 00:00:00","first_app:topface AND platform:vk","_exists_:(user_mau.1709.topfacemobappandroid OR user_mau.1709.topfacemobappios OR user_mau.1709.topface OR user_mau.1709.standalonetf)",11
"2017-07-01 00:00:00","first_app:topface AND platform:vk","_exists_:(user_mau.1710.topfacemobappandroid OR user_mau.1710.topfacemobappios OR user_mau.1710.topface OR user_mau.1710.standalonetf)",8
"2017-07-01 00:00:00","first_app:topface AND platform:vk","_exists_:(user_mau.1711.topfacemobappandroid OR user_mau.1711.topfacemobappios OR user_mau.1711.topface OR user_mau.1711.standalonetf)",8
"2017-07-01 00:00:00","first_app:topface AND platform:vk","_exists_:(user_mau.1712.topfacemobappandroid OR user_mau.1712.topfacemobappios OR user_mau.1712.topface OR user_mau.1712.standalonetf)",7
"2017-07-01 00:00:00","first_app:topface AND platform:vk","_exists_:(user_mau.1801.topfacemobappandroid OR user_mau.1801.topfacemobappios OR user_mau.1801.topface OR user_mau.1801.standalonetf)",7
"2017-07-01 00:00:00","first_app:topface AND platform:vk","_exists_:(user_mau.1802.topfacemobappandroid OR user_mau.1802.topfacemobappios OR user_mau.1802.topface OR user_mau.1802.standalonetf)",4
"2017-07-01 00:00:00","first_app:topface AND platform:ok","*",3
"2017-07-01 00:00:00","first_app:topface AND platform:ok","_exists_:(user_mau.1501.topfacemobappandroid OR user_mau.1501.topfacemobappios OR user_mau.1501.topface OR user_mau.1501.standalonetf)",0
"2017-07-01 00:00:00","first_app:topface AND platform:ok","_exists_:(user_mau.1502.topfacemobappandroid OR user_mau.1502.topfacemobappios OR user_mau.1502.topface OR user_mau.1502.standalonetf)",0
"2017-07-01 00:00:00","first_app:topface AND platform:ok","_exists_:(user_mau.1503.topfacemobappandroid OR user_mau.1503.topfacemobappios OR user_mau.1503.topface OR user_mau.1503.standalonetf)",0
"2017-07-01 00:00:00","first_app:topface AND platform:ok","_exists_:(user_mau.1504.topfacemobappandroid OR user_mau.1504.topfacemobappios OR user_mau.1504.topface OR user_mau.1504.standalonetf)",0
"2017-07-01 00:00:00","first_app:topface AND platform:ok","_exists_:(user_mau.1505.topfacemobappandroid OR user_mau.1505.topfacemobappios OR user_mau.1505.topface OR user_mau.1505.standalonetf)",0
"2017-07-01 00:00:00","first_app:topface AND platform:ok","_exists_:(user_mau.1506.topfacemobappandroid OR user_mau.1506.topfacemobappios OR user_mau.1506.topface OR user_mau.1506.standalonetf)",0
"2017-07-01 00:00:00","first_app:topface AND platform:ok","_exists_:(user_mau.1507.topfacemobappandroid OR user_mau.1507.topfacemobappios OR user_mau.1507.topface OR user_mau.1507.standalonetf)",0
"2017-07-01 00:00:00","first_app:topface AND platform:ok","_exists_:(user_mau.1508.topfacemobappandroid OR user_mau.1508.topfacemobappios OR user_mau.1508.topface OR user_mau.1508.standalonetf)",0
"2017-07-01 00:00:00","first_app:topface AND platform:ok","_exists_:(user_mau.1509.topfacemobappandroid OR user_mau.1509.topfacemobappios OR user_mau.1509.topface OR user_mau.1509.standalonetf)",0
"2017-07-01 00:00:00","first_app:topface AND platform:ok","_exists_:(user_mau.1510.topfacemobappandroid OR user_mau.1510.topfacemobappios OR user_mau.1510.topface OR user_mau.1510.standalonetf)",0
"2017-07-01 00:00:00","first_app:topface AND platform:ok","_exists_:(user_mau.1511.topfacemobappandroid OR user_mau.1511.topfacemobappios OR user_mau.1511.topface OR user_mau.1511.standalonetf)",0
"2017-07-01 00:00:00","first_app:topface AND platform:ok","_exists_:(user_mau.1512.topfacemobappandroid OR user_mau.1512.topfacemobappios OR user_mau.1512.topface OR user_mau.1512.standalonetf)",0
"2017-07-01 00:00:00","first_app:topface AND platform:ok","_exists_:(user_mau.1601.topfacemobappandroid OR user_mau.1601.topfacemobappios OR user_mau.1601.topface OR user_mau.1601.standalonetf)",0
"2017-07-01 00:00:00","first_app:topface AND platform:ok","_exists_:(user_mau.1602.topfacemobappandroid OR user_mau.1602.topfacemobappios OR user_mau.1602.topface OR user_mau.1602.standalonetf)",0
"2017-07-01 00:00:00","first_app:topface AND platform:ok","_exists_:(user_mau.1603.topfacemobappandroid OR user_mau.1603.topfacemobappios OR user_mau.1603.topface OR user_mau.1603.standalonetf)",0
"2017-07-01 00:00:00","first_app:topface AND platform:ok","_exists_:(user_mau.1604.topfacemobappandroid OR user_mau.1604.topfacemobappios OR user_mau.1604.topface OR user_mau.1604.standalonetf)",0
"2017-07-01 00:00:00","first_app:topface AND platform:ok","_exists_:(user_mau.1605.topfacemobappandroid OR user_mau.1605.topfacemobappios OR user_mau.1605.topface OR user_mau.1605.standalonetf)",0
"2017-07-01 00:00:00","first_app:topface AND platform:ok","_exists_:(user_mau.1606.topfacemobappandroid OR user_mau.1606.topfacemobappios OR user_mau.1606.topface OR user_mau.1606.standalonetf)",0
"2017-07-01 00:00:00","first_app:topface AND platform:ok","_exists_:(user_mau.1607.topfacemobappandroid OR user_mau.1607.topfacemobappios OR user_mau.1607.topface OR user_mau.1607.standalonetf)",0
"2017-07-01 00:00:00","first_app:topface AND platform:ok","_exists_:(user_mau.1608.topfacemobappandroid OR user_mau.1608.topfacemobappios OR user_mau.1608.topface OR user_mau.1608.standalonetf)",0
"2017-07-01 00:00:00","first_app:topface AND platform:ok","_exists_:(user_mau.1609.topfacemobappandroid OR user_mau.1609.topfacemobappios OR user_mau.1609.topface OR user_mau.1609.standalonetf)",0
"2017-07-01 00:00:00","first_app:topface AND platform:ok","_exists_:(user_mau.1610.topfacemobappandroid OR user_mau.1610.topfacemobappios OR user_mau.1610.topface OR user_mau.1610.standalonetf)",0
"2017-07-01 00:00:00","first_app:topface AND platform:ok","_exists_:(user_mau.1611.topfacemobappandroid OR user_mau.1611.topfacemobappios OR user_mau.1611.topface OR user_mau.1611.standalonetf)",0
"2017-07-01 00:00:00","first_app:topface AND platform:ok","_exists_:(user_mau.1612.topfacemobappandroid OR user_mau.1612.topfacemobappios OR user_mau.1612.topface OR user_mau.1612.standalonetf)",0
"2017-07-01 00:00:00","first_app:topface AND platform:ok","_exists_:(user_mau.1701.topfacemobappandroid OR user_mau.1701.topfacemobappios OR user_mau.1701.topface OR user_mau.1701.standalonetf)",0
"2017-07-01 00:00:00","first_app:topface AND platform:ok","_exists_:(user_mau.1702.topfacemobappandroid OR user_mau.1702.topfacemobappios OR user_mau.1702.topface OR user_mau.1702.standalonetf)",0
"2017-07-01 00:00:00","first_app:topface AND platform:ok","_exists_:(user_mau.1703.topfacemobappandroid OR user_mau.1703.topfacemobappios OR user_mau.1703.topface OR user_mau.1703.standalonetf)",0
"2017-07-01 00:00:00","first_app:topface AND platform:ok","_exists_:(user_mau.1704.topfacemobappandroid OR user_mau.1704.topfacemobappios OR user_mau.1704.topface OR user_mau.1704.standalonetf)",0
"2017-07-01 00:00:00","first_app:topface AND platform:ok","_exists_:(user_mau.1705.topfacemobappandroid OR user_mau.1705.topfacemobappios OR user_mau.1705.topface OR user_mau.1705.standalonetf)",0
"2017-07-01 00:00:00","first_app:topface AND platform:ok","_exists_:(user_mau.1706.topfacemobappandroid OR user_mau.1706.topfacemobappios OR user_mau.1706.topface OR user_mau.1706.standalonetf)",0
"2017-07-01 00:00:00","first_app:topface AND platform:ok","_exists_:(user_mau.1707.topfacemobappandroid OR user_mau.1707.topfacemobappios OR user_mau.1707.topface OR user_mau.1707.standalonetf)",2
"2017-07-01 00:00:00","first_app:topface AND platform:ok","_exists_:(user_mau.1708.topfacemobappandroid OR user_mau.1708.topfacemobappios OR user_mau.1708.topface OR user_mau.1708.standalonetf)",1
"2017-07-01 00:00:00","first_app:topface AND platform:ok","_exists_:(user_mau.1709.topfacemobappandroid OR user_mau.1709.topfacemobappios OR user_mau.1709.topface OR user_mau.1709.standalonetf)",1
"2017-07-01 00:00:00","first_app:topface AND platform:ok","_exists_:(user_mau.1710.topfacemobappandroid OR user_mau.1710.topfacemobappios OR user_mau.1710.topface OR user_mau.1710.standalonetf)",1
"2017-07-01 00:00:00","first_app:topface AND platform:ok","_exists_:(user_mau.1711.topfacemobappandroid OR user_mau.1711.topfacemobappios OR user_mau.1711.topface OR user_mau.1711.standalonetf)",1
"2017-07-01 00:00:00","first_app:topface AND platform:ok","_exists_:(user_mau.1712.topfacemobappandroid OR user_mau.1712.topfacemobappios OR user_mau.1712.topface OR user_mau.1712.standalonetf)",1
"2017-07-01 00:00:00","first_app:topface AND platform:ok","_exists_:(user_mau.1801.topfacemobappandroid OR user_mau.1801.topfacemobappios OR user_mau.1801.topface OR user_mau.1801.standalonetf)",0
"2017-07-01 00:00:00","first_app:topface AND platform:ok","_exists_:(user_mau.1802.topfacemobappandroid OR user_mau.1802.topfacemobappios OR user_mau.1802.topface OR user_mau.1802.standalonetf)",0
"2017-07-01 00:00:00","first_app:topface AND platform:fb","*",10
"2017-07-01 00:00:00","first_app:topface AND platform:fb","_exists_:(user_mau.1501.topfacemobappandroid OR user_mau.1501.topfacemobappios OR user_mau.1501.topface OR user_mau.1501.standalonetf)",0
"2017-07-01 00:00:00","first_app:topface AND platform:fb","_exists_:(user_mau.1502.topfacemobappandroid OR user_mau.1502.topfacemobappios OR user_mau.1502.topface OR user_mau.1502.standalonetf)",0
"2017-07-01 00:00:00","first_app:topface AND platform:fb","_exists_:(user_mau.1503.topfacemobappandroid OR user_mau.1503.topfacemobappios OR user_mau.1503.topface OR user_mau.1503.standalonetf)",0
"2017-07-01 00:00:00","first_app:topface AND platform:fb","_exists_:(user_mau.1504.topfacemobappandroid OR user_mau.1504.topfacemobappios OR user_mau.1504.topface OR user_mau.1504.standalonetf)",0
"2017-07-01 00:00:00","first_app:topface AND platform:fb","_exists_:(user_mau.1505.topfacemobappandroid OR user_mau.1505.topfacemobappios OR user_mau.1505.topface OR user_mau.1505.standalonetf)",0
"2017-07-01 00:00:00","first_app:topface AND platform:fb","_exists_:(user_mau.1506.topfacemobappandroid OR user_mau.1506.topfacemobappios OR user_mau.1506.topface OR user_mau.1506.standalonetf)",0
"2017-07-01 00:00:00","first_app:topface AND platform:fb","_exists_:(user_mau.1507.topfacemobappandroid OR user_mau.1507.topfacemobappios OR user_mau.1507.topface OR user_mau.1507.standalonetf)",0
"2017-07-01 00:00:00","first_app:topface AND platform:fb","_exists_:(user_mau.1508.topfacemobappandroid OR user_mau.1508.topfacemobappios OR user_mau.1508.topface OR user_mau.1508.standalonetf)",0
"2017-07-01 00:00:00","first_app:topface AND platform:fb","_exists_:(user_mau.1509.topfacemobappandroid OR user_mau.1509.topfacemobappios OR user_mau.1509.topface OR user_mau.1509.standalonetf)",0
"2017-07-01 00:00:00","first_app:topface AND platform:fb","_exists_:(user_mau.1510.topfacemobappandroid OR user_mau.1510.topfacemobappios OR user_mau.1510.topface OR user_mau.1510.standalonetf)",0
"2017-07-01 00:00:00","first_app:topface AND platform:fb","_exists_:(user_mau.1511.topfacemobappandroid OR user_mau.1511.topfacemobappios OR user_mau.1511.topface OR user_mau.1511.standalonetf)",0
"2017-07-01 00:00:00","first_app:topface AND platform:fb","_exists_:(user_mau.1512.topfacemobappandroid OR user_mau.1512.topfacemobappios OR user_mau.1512.topface OR user_mau.1512.standalonetf)",0
"2017-07-01 00:00:00","first_app:topface AND platform:fb","_exists_:(user_mau.1601.topfacemobappandroid OR user_mau.1601.topfacemobappios OR user_mau.1601.topface OR user_mau.1601.standalonetf)",0
"2017-07-01 00:00:00","first_app:topface AND platform:fb","_exists_:(user_mau.1602.topfacemobappandroid OR user_mau.1602.topfacemobappios OR user_mau.1602.topface OR user_mau.1602.standalonetf)",0
"2017-07-01 00:00:00","first_app:topface AND platform:fb","_exists_:(user_mau.1603.topfacemobappandroid OR user_mau.1603.topfacemobappios OR user_mau.1603.topface OR user_mau.1603.standalonetf)",0
"2017-07-01 00:00:00","first_app:topface AND platform:fb","_exists_:(user_mau.1604.topfacemobappandroid OR user_mau.1604.topfacemobappios OR user_mau.1604.topface OR user_mau.1604.standalonetf)",0
"2017-07-01 00:00:00","first_app:topface AND platform:fb","_exists_:(user_mau.1605.topfacemobappandroid OR user_mau.1605.topfacemobappios OR user_mau.1605.topface OR user_mau.1605.standalonetf)",0
"2017-07-01 00:00:00","first_app:topface AND platform:fb","_exists_:(user_mau.1606.topfacemobappandroid OR user_mau.1606.topfacemobappios OR user_mau.1606.topface OR user_mau.1606.standalonetf)",0
"2017-07-01 00:00:00","first_app:topface AND platform:fb","_exists_:(user_mau.1607.topfacemobappandroid OR user_mau.1607.topfacemobappios OR user_mau.1607.topface OR user_mau.1607.standalonetf)",0
"2017-07-01 00:00:00","first_app:topface AND platform:fb","_exists_:(user_mau.1608.topfacemobappandroid OR user_mau.1608.topfacemobappios OR user_mau.1608.topface OR user_mau.1608.standalonetf)",0
"2017-07-01 00:00:00","first_app:topface AND platform:fb","_exists_:(user_mau.1609.topfacemobappandroid OR user_mau.1609.topfacemobappios OR user_mau.1609.topface OR user_mau.1609.standalonetf)",0
"2017-07-01 00:00:00","first_app:topface AND platform:fb","_exists_:(user_mau.1610.topfacemobappandroid OR user_mau.1610.topfacemobappios OR user_mau.1610.topface OR user_mau.1610.standalonetf)",0
"2017-07-01 00:00:00","first_app:topface AND platform:fb","_exists_:(user_mau.1611.topfacemobappandroid OR user_mau.1611.topfacemobappios OR user_mau.1611.topface OR user_mau.1611.standalonetf)",0
"2017-07-01 00:00:00","first_app:topface AND platform:fb","_exists_:(user_mau.1612.topfacemobappandroid OR user_mau.1612.topfacemobappios OR user_mau.1612.topface OR user_mau.1612.standalonetf)",0
"2017-07-01 00:00:00","first_app:topface AND platform:fb","_exists_:(user_mau.1701.topfacemobappandroid OR user_mau.1701.topfacemobappios OR user_mau.1701.topface OR user_mau.1701.standalonetf)",0
"2017-07-01 00:00:00","first_app:topface AND platform:fb","_exists_:(user_mau.1702.topfacemobappandroid OR user_mau.1702.topfacemobappios OR user_mau.1702.topface OR user_mau.1702.standalonetf)",0
"2017-07-01 00:00:00","first_app:topface AND platform:fb","_exists_:(user_mau.1703.topfacemobappandroid OR user_mau.1703.topfacemobappios OR user_mau.1703.topface OR user_mau.1703.standalonetf)",0
"2017-07-01 00:00:00","first_app:topface AND platform:fb","_exists_:(user_mau.1704.topfacemobappandroid OR user_mau.1704.topfacemobappios OR user_mau.1704.topface OR user_mau.1704.standalonetf)",0
"2017-07-01 00:00:00","first_app:topface AND platform:fb","_exists_:(user_mau.1705.topfacemobappandroid OR user_mau.1705.topfacemobappios OR user_mau.1705.topface OR user_mau.1705.standalonetf)",0
"2017-07-01 00:00:00","first_app:topface AND platform:fb","_exists_:(user_mau.1706.topfacemobappandroid OR user_mau.1706.topfacemobappios OR user_mau.1706.topface OR user_mau.1706.standalonetf)",0
"2017-07-01 00:00:00","first_app:topface AND platform:fb","_exists_:(user_mau.1707.topfacemobappandroid OR user_mau.1707.topfacemobappios OR user_mau.1707.topface OR user_mau.1707.standalonetf)",10
"2017-07-01 00:00:00","first_app:topface AND platform:fb","_exists_:(user_mau.1708.topfacemobappandroid OR user_mau.1708.topfacemobappios OR user_mau.1708.topface OR user_mau.1708.standalonetf)",5
"2017-07-01 00:00:00","first_app:topface AND platform:fb","_exists_:(user_mau.1709.topfacemobappandroid OR user_mau.1709.topfacemobappios OR user_mau.1709.topface OR user_mau.1709.standalonetf)",3
"2017-07-01 00:00:00","first_app:topface AND platform:fb","_exists_:(user_mau.1710.topfacemobappandroid OR user_mau.1710.topfacemobappios OR user_mau.1710.topface OR user_mau.1710.standalonetf)",4
"2017-07-01 00:00:00","first_app:topface AND platform:fb","_exists_:(user_mau.1711.topfacemobappandroid OR user_mau.1711.topfacemobappios OR user_mau.1711.topface OR user_mau.1711.standalonetf)",4
"2017-07-01 00:00:00","first_app:topface AND platform:fb","_exists_:(user_mau.1712.topfacemobappandroid OR user_mau.1712.topfacemobappios OR user_mau.1712.topface OR user_mau.1712.standalonetf)",3
"2017-07-01 00:00:00","first_app:topface AND platform:fb","_exists_:(user_mau.1801.topfacemobappandroid OR user_mau.1801.topfacemobappios OR user_mau.1801.topface OR user_mau.1801.standalonetf)",3
"2017-07-01 00:00:00","first_app:topface AND platform:fb","_exists_:(user_mau.1802.topfacemobappandroid OR user_mau.1802.topfacemobappios OR user_mau.1802.topface OR user_mau.1802.standalonetf)",3
"2017-08-01 00:00:00","first_app:topfacemobappandroid","*","216,745"
"2017-08-01 00:00:00","first_app:topfacemobappandroid","_exists_:(user_mau.1501.topfacemobappandroid OR user_mau.1501.topfacemobappios OR user_mau.1501.topface OR user_mau.1501.standalonetf)",0
"2017-08-01 00:00:00","first_app:topfacemobappandroid","_exists_:(user_mau.1502.topfacemobappandroid OR user_mau.1502.topfacemobappios OR user_mau.1502.topface OR user_mau.1502.standalonetf)",0
"2017-08-01 00:00:00","first_app:topfacemobappandroid","_exists_:(user_mau.1503.topfacemobappandroid OR user_mau.1503.topfacemobappios OR user_mau.1503.topface OR user_mau.1503.standalonetf)",0
"2017-08-01 00:00:00","first_app:topfacemobappandroid","_exists_:(user_mau.1504.topfacemobappandroid OR user_mau.1504.topfacemobappios OR user_mau.1504.topface OR user_mau.1504.standalonetf)",0
"2017-08-01 00:00:00","first_app:topfacemobappandroid","_exists_:(user_mau.1505.topfacemobappandroid OR user_mau.1505.topfacemobappios OR user_mau.1505.topface OR user_mau.1505.standalonetf)",0
"2017-08-01 00:00:00","first_app:topfacemobappandroid","_exists_:(user_mau.1506.topfacemobappandroid OR user_mau.1506.topfacemobappios OR user_mau.1506.topface OR user_mau.1506.standalonetf)",0
"2017-08-01 00:00:00","first_app:topfacemobappandroid","_exists_:(user_mau.1507.topfacemobappandroid OR user_mau.1507.topfacemobappios OR user_mau.1507.topface OR user_mau.1507.standalonetf)",0
"2017-08-01 00:00:00","first_app:topfacemobappandroid","_exists_:(user_mau.1508.topfacemobappandroid OR user_mau.1508.topfacemobappios OR user_mau.1508.topface OR user_mau.1508.standalonetf)",0
"2017-08-01 00:00:00","first_app:topfacemobappandroid","_exists_:(user_mau.1509.topfacemobappandroid OR user_mau.1509.topfacemobappios OR user_mau.1509.topface OR user_mau.1509.standalonetf)",0
"2017-08-01 00:00:00","first_app:topfacemobappandroid","_exists_:(user_mau.1510.topfacemobappandroid OR user_mau.1510.topfacemobappios OR user_mau.1510.topface OR user_mau.1510.standalonetf)",0
"2017-08-01 00:00:00","first_app:topfacemobappandroid","_exists_:(user_mau.1511.topfacemobappandroid OR user_mau.1511.topfacemobappios OR user_mau.1511.topface OR user_mau.1511.standalonetf)",0
"2017-08-01 00:00:00","first_app:topfacemobappandroid","_exists_:(user_mau.1512.topfacemobappandroid OR user_mau.1512.topfacemobappios OR user_mau.1512.topface OR user_mau.1512.standalonetf)",0
"2017-08-01 00:00:00","first_app:topfacemobappandroid","_exists_:(user_mau.1601.topfacemobappandroid OR user_mau.1601.topfacemobappios OR user_mau.1601.topface OR user_mau.1601.standalonetf)",0
"2017-08-01 00:00:00","first_app:topfacemobappandroid","_exists_:(user_mau.1602.topfacemobappandroid OR user_mau.1602.topfacemobappios OR user_mau.1602.topface OR user_mau.1602.standalonetf)",0
"2017-08-01 00:00:00","first_app:topfacemobappandroid","_exists_:(user_mau.1603.topfacemobappandroid OR user_mau.1603.topfacemobappios OR user_mau.1603.topface OR user_mau.1603.standalonetf)",0
"2017-08-01 00:00:00","first_app:topfacemobappandroid","_exists_:(user_mau.1604.topfacemobappandroid OR user_mau.1604.topfacemobappios OR user_mau.1604.topface OR user_mau.1604.standalonetf)",0
"2017-08-01 00:00:00","first_app:topfacemobappandroid","_exists_:(user_mau.1605.topfacemobappandroid OR user_mau.1605.topfacemobappios OR user_mau.1605.topface OR user_mau.1605.standalonetf)",0
"2017-08-01 00:00:00","first_app:topfacemobappandroid","_exists_:(user_mau.1606.topfacemobappandroid OR user_mau.1606.topfacemobappios OR user_mau.1606.topface OR user_mau.1606.standalonetf)",0
"2017-08-01 00:00:00","first_app:topfacemobappandroid","_exists_:(user_mau.1607.topfacemobappandroid OR user_mau.1607.topfacemobappios OR user_mau.1607.topface OR user_mau.1607.standalonetf)",0
"2017-08-01 00:00:00","first_app:topfacemobappandroid","_exists_:(user_mau.1608.topfacemobappandroid OR user_mau.1608.topfacemobappios OR user_mau.1608.topface OR user_mau.1608.standalonetf)",0
"2017-08-01 00:00:00","first_app:topfacemobappandroid","_exists_:(user_mau.1609.topfacemobappandroid OR user_mau.1609.topfacemobappios OR user_mau.1609.topface OR user_mau.1609.standalonetf)",0
"2017-08-01 00:00:00","first_app:topfacemobappandroid","_exists_:(user_mau.1610.topfacemobappandroid OR user_mau.1610.topfacemobappios OR user_mau.1610.topface OR user_mau.1610.standalonetf)",0
"2017-08-01 00:00:00","first_app:topfacemobappandroid","_exists_:(user_mau.1611.topfacemobappandroid OR user_mau.1611.topfacemobappios OR user_mau.1611.topface OR user_mau.1611.standalonetf)",0
"2017-08-01 00:00:00","first_app:topfacemobappandroid","_exists_:(user_mau.1612.topfacemobappandroid OR user_mau.1612.topfacemobappios OR user_mau.1612.topface OR user_mau.1612.standalonetf)",0
"2017-08-01 00:00:00","first_app:topfacemobappandroid","_exists_:(user_mau.1701.topfacemobappandroid OR user_mau.1701.topfacemobappios OR user_mau.1701.topface OR user_mau.1701.standalonetf)",0
"2017-08-01 00:00:00","first_app:topfacemobappandroid","_exists_:(user_mau.1702.topfacemobappandroid OR user_mau.1702.topfacemobappios OR user_mau.1702.topface OR user_mau.1702.standalonetf)",0
"2017-08-01 00:00:00","first_app:topfacemobappandroid","_exists_:(user_mau.1703.topfacemobappandroid OR user_mau.1703.topfacemobappios OR user_mau.1703.topface OR user_mau.1703.standalonetf)",0
"2017-08-01 00:00:00","first_app:topfacemobappandroid","_exists_:(user_mau.1704.topfacemobappandroid OR user_mau.1704.topfacemobappios OR user_mau.1704.topface OR user_mau.1704.standalonetf)",0
"2017-08-01 00:00:00","first_app:topfacemobappandroid","_exists_:(user_mau.1705.topfacemobappandroid OR user_mau.1705.topfacemobappios OR user_mau.1705.topface OR user_mau.1705.standalonetf)",0
"2017-08-01 00:00:00","first_app:topfacemobappandroid","_exists_:(user_mau.1706.topfacemobappandroid OR user_mau.1706.topfacemobappios OR user_mau.1706.topface OR user_mau.1706.standalonetf)",0
"2017-08-01 00:00:00","first_app:topfacemobappandroid","_exists_:(user_mau.1707.topfacemobappandroid OR user_mau.1707.topfacemobappios OR user_mau.1707.topface OR user_mau.1707.standalonetf)",0
"2017-08-01 00:00:00","first_app:topfacemobappandroid","_exists_:(user_mau.1708.topfacemobappandroid OR user_mau.1708.topfacemobappios OR user_mau.1708.topface OR user_mau.1708.standalonetf)","216,745"
"2017-08-01 00:00:00","first_app:topfacemobappandroid","_exists_:(user_mau.1709.topfacemobappandroid OR user_mau.1709.topfacemobappios OR user_mau.1709.topface OR user_mau.1709.standalonetf)","35,132"
"2017-08-01 00:00:00","first_app:topfacemobappandroid","_exists_:(user_mau.1710.topfacemobappandroid OR user_mau.1710.topfacemobappios OR user_mau.1710.topface OR user_mau.1710.standalonetf)","18,448"
"2017-08-01 00:00:00","first_app:topfacemobappandroid","_exists_:(user_mau.1711.topfacemobappandroid OR user_mau.1711.topfacemobappios OR user_mau.1711.topface OR user_mau.1711.standalonetf)","12,402"
"2017-08-01 00:00:00","first_app:topfacemobappandroid","_exists_:(user_mau.1712.topfacemobappandroid OR user_mau.1712.topfacemobappios OR user_mau.1712.topface OR user_mau.1712.standalonetf)","8,902"
"2017-08-01 00:00:00","first_app:topfacemobappandroid","_exists_:(user_mau.1801.topfacemobappandroid OR user_mau.1801.topfacemobappios OR user_mau.1801.topface OR user_mau.1801.standalonetf)","7,249"
"2017-08-01 00:00:00","first_app:topfacemobappandroid","_exists_:(user_mau.1802.topfacemobappandroid OR user_mau.1802.topfacemobappios OR user_mau.1802.topface OR user_mau.1802.standalonetf)","5,755"
"2017-08-01 00:00:00","first_app:topfacemobappios","*","36,375"
"2017-08-01 00:00:00","first_app:topfacemobappios","_exists_:(user_mau.1501.topfacemobappandroid OR user_mau.1501.topfacemobappios OR user_mau.1501.topface OR user_mau.1501.standalonetf)",0
"2017-08-01 00:00:00","first_app:topfacemobappios","_exists_:(user_mau.1502.topfacemobappandroid OR user_mau.1502.topfacemobappios OR user_mau.1502.topface OR user_mau.1502.standalonetf)",0
"2017-08-01 00:00:00","first_app:topfacemobappios","_exists_:(user_mau.1503.topfacemobappandroid OR user_mau.1503.topfacemobappios OR user_mau.1503.topface OR user_mau.1503.standalonetf)",0
"2017-08-01 00:00:00","first_app:topfacemobappios","_exists_:(user_mau.1504.topfacemobappandroid OR user_mau.1504.topfacemobappios OR user_mau.1504.topface OR user_mau.1504.standalonetf)",0
"2017-08-01 00:00:00","first_app:topfacemobappios","_exists_:(user_mau.1505.topfacemobappandroid OR user_mau.1505.topfacemobappios OR user_mau.1505.topface OR user_mau.1505.standalonetf)",0
"2017-08-01 00:00:00","first_app:topfacemobappios","_exists_:(user_mau.1506.topfacemobappandroid OR user_mau.1506.topfacemobappios OR user_mau.1506.topface OR user_mau.1506.standalonetf)",0
"2017-08-01 00:00:00","first_app:topfacemobappios","_exists_:(user_mau.1507.topfacemobappandroid OR user_mau.1507.topfacemobappios OR user_mau.1507.topface OR user_mau.1507.standalonetf)",0
"2017-08-01 00:00:00","first_app:topfacemobappios","_exists_:(user_mau.1508.topfacemobappandroid OR user_mau.1508.topfacemobappios OR user_mau.1508.topface OR user_mau.1508.standalonetf)",0
"2017-08-01 00:00:00","first_app:topfacemobappios","_exists_:(user_mau.1509.topfacemobappandroid OR user_mau.1509.topfacemobappios OR user_mau.1509.topface OR user_mau.1509.standalonetf)",0
"2017-08-01 00:00:00","first_app:topfacemobappios","_exists_:(user_mau.1510.topfacemobappandroid OR user_mau.1510.topfacemobappios OR user_mau.1510.topface OR user_mau.1510.standalonetf)",0
"2017-08-01 00:00:00","first_app:topfacemobappios","_exists_:(user_mau.1511.topfacemobappandroid OR user_mau.1511.topfacemobappios OR user_mau.1511.topface OR user_mau.1511.standalonetf)",0
"2017-08-01 00:00:00","first_app:topfacemobappios","_exists_:(user_mau.1512.topfacemobappandroid OR user_mau.1512.topfacemobappios OR user_mau.1512.topface OR user_mau.1512.standalonetf)",0
"2017-08-01 00:00:00","first_app:topfacemobappios","_exists_:(user_mau.1601.topfacemobappandroid OR user_mau.1601.topfacemobappios OR user_mau.1601.topface OR user_mau.1601.standalonetf)",0
"2017-08-01 00:00:00","first_app:topfacemobappios","_exists_:(user_mau.1602.topfacemobappandroid OR user_mau.1602.topfacemobappios OR user_mau.1602.topface OR user_mau.1602.standalonetf)",0
"2017-08-01 00:00:00","first_app:topfacemobappios","_exists_:(user_mau.1603.topfacemobappandroid OR user_mau.1603.topfacemobappios OR user_mau.1603.topface OR user_mau.1603.standalonetf)",0
"2017-08-01 00:00:00","first_app:topfacemobappios","_exists_:(user_mau.1604.topfacemobappandroid OR user_mau.1604.topfacemobappios OR user_mau.1604.topface OR user_mau.1604.standalonetf)",0
"2017-08-01 00:00:00","first_app:topfacemobappios","_exists_:(user_mau.1605.topfacemobappandroid OR user_mau.1605.topfacemobappios OR user_mau.1605.topface OR user_mau.1605.standalonetf)",0
"2017-08-01 00:00:00","first_app:topfacemobappios","_exists_:(user_mau.1606.topfacemobappandroid OR user_mau.1606.topfacemobappios OR user_mau.1606.topface OR user_mau.1606.standalonetf)",0
"2017-08-01 00:00:00","first_app:topfacemobappios","_exists_:(user_mau.1607.topfacemobappandroid OR user_mau.1607.topfacemobappios OR user_mau.1607.topface OR user_mau.1607.standalonetf)",0
"2017-08-01 00:00:00","first_app:topfacemobappios","_exists_:(user_mau.1608.topfacemobappandroid OR user_mau.1608.topfacemobappios OR user_mau.1608.topface OR user_mau.1608.standalonetf)",0
"2017-08-01 00:00:00","first_app:topfacemobappios","_exists_:(user_mau.1609.topfacemobappandroid OR user_mau.1609.topfacemobappios OR user_mau.1609.topface OR user_mau.1609.standalonetf)",0
"2017-08-01 00:00:00","first_app:topfacemobappios","_exists_:(user_mau.1610.topfacemobappandroid OR user_mau.1610.topfacemobappios OR user_mau.1610.topface OR user_mau.1610.standalonetf)",0
"2017-08-01 00:00:00","first_app:topfacemobappios","_exists_:(user_mau.1611.topfacemobappandroid OR user_mau.1611.topfacemobappios OR user_mau.1611.topface OR user_mau.1611.standalonetf)",0
"2017-08-01 00:00:00","first_app:topfacemobappios","_exists_:(user_mau.1612.topfacemobappandroid OR user_mau.1612.topfacemobappios OR user_mau.1612.topface OR user_mau.1612.standalonetf)",0
"2017-08-01 00:00:00","first_app:topfacemobappios","_exists_:(user_mau.1701.topfacemobappandroid OR user_mau.1701.topfacemobappios OR user_mau.1701.topface OR user_mau.1701.standalonetf)",0
"2017-08-01 00:00:00","first_app:topfacemobappios","_exists_:(user_mau.1702.topfacemobappandroid OR user_mau.1702.topfacemobappios OR user_mau.1702.topface OR user_mau.1702.standalonetf)",0
"2017-08-01 00:00:00","first_app:topfacemobappios","_exists_:(user_mau.1703.topfacemobappandroid OR user_mau.1703.topfacemobappios OR user_mau.1703.topface OR user_mau.1703.standalonetf)",0
"2017-08-01 00:00:00","first_app:topfacemobappios","_exists_:(user_mau.1704.topfacemobappandroid OR user_mau.1704.topfacemobappios OR user_mau.1704.topface OR user_mau.1704.standalonetf)",0
"2017-08-01 00:00:00","first_app:topfacemobappios","_exists_:(user_mau.1705.topfacemobappandroid OR user_mau.1705.topfacemobappios OR user_mau.1705.topface OR user_mau.1705.standalonetf)",0
"2017-08-01 00:00:00","first_app:topfacemobappios","_exists_:(user_mau.1706.topfacemobappandroid OR user_mau.1706.topfacemobappios OR user_mau.1706.topface OR user_mau.1706.standalonetf)",0
"2017-08-01 00:00:00","first_app:topfacemobappios","_exists_:(user_mau.1707.topfacemobappandroid OR user_mau.1707.topfacemobappios OR user_mau.1707.topface OR user_mau.1707.standalonetf)",0
"2017-08-01 00:00:00","first_app:topfacemobappios","_exists_:(user_mau.1708.topfacemobappandroid OR user_mau.1708.topfacemobappios OR user_mau.1708.topface OR user_mau.1708.standalonetf)","36,375"
"2017-08-01 00:00:00","first_app:topfacemobappios","_exists_:(user_mau.1709.topfacemobappandroid OR user_mau.1709.topfacemobappios OR user_mau.1709.topface OR user_mau.1709.standalonetf)","6,796"
"2017-08-01 00:00:00","first_app:topfacemobappios","_exists_:(user_mau.1710.topfacemobappandroid OR user_mau.1710.topfacemobappios OR user_mau.1710.topface OR user_mau.1710.standalonetf)","3,234"
"2017-08-01 00:00:00","first_app:topfacemobappios","_exists_:(user_mau.1711.topfacemobappandroid OR user_mau.1711.topfacemobappios OR user_mau.1711.topface OR user_mau.1711.standalonetf)","1,992"
"2017-08-01 00:00:00","first_app:topfacemobappios","_exists_:(user_mau.1712.topfacemobappandroid OR user_mau.1712.topfacemobappios OR user_mau.1712.topface OR user_mau.1712.standalonetf)","1,425"
"2017-08-01 00:00:00","first_app:topfacemobappios","_exists_:(user_mau.1801.topfacemobappandroid OR user_mau.1801.topfacemobappios OR user_mau.1801.topface OR user_mau.1801.standalonetf)","1,167"
"2017-08-01 00:00:00","first_app:topfacemobappios","_exists_:(user_mau.1802.topfacemobappandroid OR user_mau.1802.topfacemobappios OR user_mau.1802.topface OR user_mau.1802.standalonetf)",931
"2017-08-01 00:00:00","first_app:standalonetf","*","1,402"
"2017-08-01 00:00:00","first_app:standalonetf","_exists_:(user_mau.1501.topfacemobappandroid OR user_mau.1501.topfacemobappios OR user_mau.1501.topface OR user_mau.1501.standalonetf)",0
"2017-08-01 00:00:00","first_app:standalonetf","_exists_:(user_mau.1502.topfacemobappandroid OR user_mau.1502.topfacemobappios OR user_mau.1502.topface OR user_mau.1502.standalonetf)",0
"2017-08-01 00:00:00","first_app:standalonetf","_exists_:(user_mau.1503.topfacemobappandroid OR user_mau.1503.topfacemobappios OR user_mau.1503.topface OR user_mau.1503.standalonetf)",0
"2017-08-01 00:00:00","first_app:standalonetf","_exists_:(user_mau.1504.topfacemobappandroid OR user_mau.1504.topfacemobappios OR user_mau.1504.topface OR user_mau.1504.standalonetf)",0
"2017-08-01 00:00:00","first_app:standalonetf","_exists_:(user_mau.1505.topfacemobappandroid OR user_mau.1505.topfacemobappios OR user_mau.1505.topface OR user_mau.1505.standalonetf)",0
"2017-08-01 00:00:00","first_app:standalonetf","_exists_:(user_mau.1506.topfacemobappandroid OR user_mau.1506.topfacemobappios OR user_mau.1506.topface OR user_mau.1506.standalonetf)",0
"2017-08-01 00:00:00","first_app:standalonetf","_exists_:(user_mau.1507.topfacemobappandroid OR user_mau.1507.topfacemobappios OR user_mau.1507.topface OR user_mau.1507.standalonetf)",0
"2017-08-01 00:00:00","first_app:standalonetf","_exists_:(user_mau.1508.topfacemobappandroid OR user_mau.1508.topfacemobappios OR user_mau.1508.topface OR user_mau.1508.standalonetf)",0
"2017-08-01 00:00:00","first_app:standalonetf","_exists_:(user_mau.1509.topfacemobappandroid OR user_mau.1509.topfacemobappios OR user_mau.1509.topface OR user_mau.1509.standalonetf)",0
"2017-08-01 00:00:00","first_app:standalonetf","_exists_:(user_mau.1510.topfacemobappandroid OR user_mau.1510.topfacemobappios OR user_mau.1510.topface OR user_mau.1510.standalonetf)",0
"2017-08-01 00:00:00","first_app:standalonetf","_exists_:(user_mau.1511.topfacemobappandroid OR user_mau.1511.topfacemobappios OR user_mau.1511.topface OR user_mau.1511.standalonetf)",0
"2017-08-01 00:00:00","first_app:standalonetf","_exists_:(user_mau.1512.topfacemobappandroid OR user_mau.1512.topfacemobappios OR user_mau.1512.topface OR user_mau.1512.standalonetf)",0
"2017-08-01 00:00:00","first_app:standalonetf","_exists_:(user_mau.1601.topfacemobappandroid OR user_mau.1601.topfacemobappios OR user_mau.1601.topface OR user_mau.1601.standalonetf)",0
"2017-08-01 00:00:00","first_app:standalonetf","_exists_:(user_mau.1602.topfacemobappandroid OR user_mau.1602.topfacemobappios OR user_mau.1602.topface OR user_mau.1602.standalonetf)",0
"2017-08-01 00:00:00","first_app:standalonetf","_exists_:(user_mau.1603.topfacemobappandroid OR user_mau.1603.topfacemobappios OR user_mau.1603.topface OR user_mau.1603.standalonetf)",0
"2017-08-01 00:00:00","first_app:standalonetf","_exists_:(user_mau.1604.topfacemobappandroid OR user_mau.1604.topfacemobappios OR user_mau.1604.topface OR user_mau.1604.standalonetf)",0
"2017-08-01 00:00:00","first_app:standalonetf","_exists_:(user_mau.1605.topfacemobappandroid OR user_mau.1605.topfacemobappios OR user_mau.1605.topface OR user_mau.1605.standalonetf)",0
"2017-08-01 00:00:00","first_app:standalonetf","_exists_:(user_mau.1606.topfacemobappandroid OR user_mau.1606.topfacemobappios OR user_mau.1606.topface OR user_mau.1606.standalonetf)",0
"2017-08-01 00:00:00","first_app:standalonetf","_exists_:(user_mau.1607.topfacemobappandroid OR user_mau.1607.topfacemobappios OR user_mau.1607.topface OR user_mau.1607.standalonetf)",0
"2017-08-01 00:00:00","first_app:standalonetf","_exists_:(user_mau.1608.topfacemobappandroid OR user_mau.1608.topfacemobappios OR user_mau.1608.topface OR user_mau.1608.standalonetf)",0
"2017-08-01 00:00:00","first_app:standalonetf","_exists_:(user_mau.1609.topfacemobappandroid OR user_mau.1609.topfacemobappios OR user_mau.1609.topface OR user_mau.1609.standalonetf)",0
"2017-08-01 00:00:00","first_app:standalonetf","_exists_:(user_mau.1610.topfacemobappandroid OR user_mau.1610.topfacemobappios OR user_mau.1610.topface OR user_mau.1610.standalonetf)",0
"2017-08-01 00:00:00","first_app:standalonetf","_exists_:(user_mau.1611.topfacemobappandroid OR user_mau.1611.topfacemobappios OR user_mau.1611.topface OR user_mau.1611.standalonetf)",0
"2017-08-01 00:00:00","first_app:standalonetf","_exists_:(user_mau.1612.topfacemobappandroid OR user_mau.1612.topfacemobappios OR user_mau.1612.topface OR user_mau.1612.standalonetf)",0
"2017-08-01 00:00:00","first_app:standalonetf","_exists_:(user_mau.1701.topfacemobappandroid OR user_mau.1701.topfacemobappios OR user_mau.1701.topface OR user_mau.1701.standalonetf)",0
"2017-08-01 00:00:00","first_app:standalonetf","_exists_:(user_mau.1702.topfacemobappandroid OR user_mau.1702.topfacemobappios OR user_mau.1702.topface OR user_mau.1702.standalonetf)",0
"2017-08-01 00:00:00","first_app:standalonetf","_exists_:(user_mau.1703.topfacemobappandroid OR user_mau.1703.topfacemobappios OR user_mau.1703.topface OR user_mau.1703.standalonetf)",0
"2017-08-01 00:00:00","first_app:standalonetf","_exists_:(user_mau.1704.topfacemobappandroid OR user_mau.1704.topfacemobappios OR user_mau.1704.topface OR user_mau.1704.standalonetf)",0
"2017-08-01 00:00:00","first_app:standalonetf","_exists_:(user_mau.1705.topfacemobappandroid OR user_mau.1705.topfacemobappios OR user_mau.1705.topface OR user_mau.1705.standalonetf)",0
"2017-08-01 00:00:00","first_app:standalonetf","_exists_:(user_mau.1706.topfacemobappandroid OR user_mau.1706.topfacemobappios OR user_mau.1706.topface OR user_mau.1706.standalonetf)",0
"2017-08-01 00:00:00","first_app:standalonetf","_exists_:(user_mau.1707.topfacemobappandroid OR user_mau.1707.topfacemobappios OR user_mau.1707.topface OR user_mau.1707.standalonetf)",0
"2017-08-01 00:00:00","first_app:standalonetf","_exists_:(user_mau.1708.topfacemobappandroid OR user_mau.1708.topfacemobappios OR user_mau.1708.topface OR user_mau.1708.standalonetf)","1,197"
"2017-08-01 00:00:00","first_app:standalonetf","_exists_:(user_mau.1709.topfacemobappandroid OR user_mau.1709.topfacemobappios OR user_mau.1709.topface OR user_mau.1709.standalonetf)",328
"2017-08-01 00:00:00","first_app:standalonetf","_exists_:(user_mau.1710.topfacemobappandroid OR user_mau.1710.topfacemobappios OR user_mau.1710.topface OR user_mau.1710.standalonetf)",226
"2017-08-01 00:00:00","first_app:standalonetf","_exists_:(user_mau.1711.topfacemobappandroid OR user_mau.1711.topfacemobappios OR user_mau.1711.topface OR user_mau.1711.standalonetf)",175
"2017-08-01 00:00:00","first_app:standalonetf","_exists_:(user_mau.1712.topfacemobappandroid OR user_mau.1712.topfacemobappios OR user_mau.1712.topface OR user_mau.1712.standalonetf)",145
"2017-08-01 00:00:00","first_app:standalonetf","_exists_:(user_mau.1801.topfacemobappandroid OR user_mau.1801.topfacemobappios OR user_mau.1801.topface OR user_mau.1801.standalonetf)",139
"2017-08-01 00:00:00","first_app:standalonetf","_exists_:(user_mau.1802.topfacemobappandroid OR user_mau.1802.topfacemobappios OR user_mau.1802.topface OR user_mau.1802.standalonetf)",111
"2017-08-01 00:00:00","first_app:topface AND platform:vk","*",50
"2017-08-01 00:00:00","first_app:topface AND platform:vk","_exists_:(user_mau.1501.topfacemobappandroid OR user_mau.1501.topfacemobappios OR user_mau.1501.topface OR user_mau.1501.standalonetf)",0
"2017-08-01 00:00:00","first_app:topface AND platform:vk","_exists_:(user_mau.1502.topfacemobappandroid OR user_mau.1502.topfacemobappios OR user_mau.1502.topface OR user_mau.1502.standalonetf)",0
"2017-08-01 00:00:00","first_app:topface AND platform:vk","_exists_:(user_mau.1503.topfacemobappandroid OR user_mau.1503.topfacemobappios OR user_mau.1503.topface OR user_mau.1503.standalonetf)",0
"2017-08-01 00:00:00","first_app:topface AND platform:vk","_exists_:(user_mau.1504.topfacemobappandroid OR user_mau.1504.topfacemobappios OR user_mau.1504.topface OR user_mau.1504.standalonetf)",0
"2017-08-01 00:00:00","first_app:topface AND platform:vk","_exists_:(user_mau.1505.topfacemobappandroid OR user_mau.1505.topfacemobappios OR user_mau.1505.topface OR user_mau.1505.standalonetf)",0
"2017-08-01 00:00:00","first_app:topface AND platform:vk","_exists_:(user_mau.1506.topfacemobappandroid OR user_mau.1506.topfacemobappios OR user_mau.1506.topface OR user_mau.1506.standalonetf)",0
"2017-08-01 00:00:00","first_app:topface AND platform:vk","_exists_:(user_mau.1507.topfacemobappandroid OR user_mau.1507.topfacemobappios OR user_mau.1507.topface OR user_mau.1507.standalonetf)",0
"2017-08-01 00:00:00","first_app:topface AND platform:vk","_exists_:(user_mau.1508.topfacemobappandroid OR user_mau.1508.topfacemobappios OR user_mau.1508.topface OR user_mau.1508.standalonetf)",0
"2017-08-01 00:00:00","first_app:topface AND platform:vk","_exists_:(user_mau.1509.topfacemobappandroid OR user_mau.1509.topfacemobappios OR user_mau.1509.topface OR user_mau.1509.standalonetf)",0
"2017-08-01 00:00:00","first_app:topface AND platform:vk","_exists_:(user_mau.1510.topfacemobappandroid OR user_mau.1510.topfacemobappios OR user_mau.1510.topface OR user_mau.1510.standalonetf)",0
"2017-08-01 00:00:00","first_app:topface AND platform:vk","_exists_:(user_mau.1511.topfacemobappandroid OR user_mau.1511.topfacemobappios OR user_mau.1511.topface OR user_mau.1511.standalonetf)",0
"2017-08-01 00:00:00","first_app:topface AND platform:vk","_exists_:(user_mau.1512.topfacemobappandroid OR user_mau.1512.topfacemobappios OR user_mau.1512.topface OR user_mau.1512.standalonetf)",0
"2017-08-01 00:00:00","first_app:topface AND platform:vk","_exists_:(user_mau.1601.topfacemobappandroid OR user_mau.1601.topfacemobappios OR user_mau.1601.topface OR user_mau.1601.standalonetf)",0
"2017-08-01 00:00:00","first_app:topface AND platform:vk","_exists_:(user_mau.1602.topfacemobappandroid OR user_mau.1602.topfacemobappios OR user_mau.1602.topface OR user_mau.1602.standalonetf)",0
"2017-08-01 00:00:00","first_app:topface AND platform:vk","_exists_:(user_mau.1603.topfacemobappandroid OR user_mau.1603.topfacemobappios OR user_mau.1603.topface OR user_mau.1603.standalonetf)",0
"2017-08-01 00:00:00","first_app:topface AND platform:vk","_exists_:(user_mau.1604.topfacemobappandroid OR user_mau.1604.topfacemobappios OR user_mau.1604.topface OR user_mau.1604.standalonetf)",0
"2017-08-01 00:00:00","first_app:topface AND platform:vk","_exists_:(user_mau.1605.topfacemobappandroid OR user_mau.1605.topfacemobappios OR user_mau.1605.topface OR user_mau.1605.standalonetf)",0
"2017-08-01 00:00:00","first_app:topface AND platform:vk","_exists_:(user_mau.1606.topfacemobappandroid OR user_mau.1606.topfacemobappios OR user_mau.1606.topface OR user_mau.1606.standalonetf)",0
"2017-08-01 00:00:00","first_app:topface AND platform:vk","_exists_:(user_mau.1607.topfacemobappandroid OR user_mau.1607.topfacemobappios OR user_mau.1607.topface OR user_mau.1607.standalonetf)",0
"2017-08-01 00:00:00","first_app:topface AND platform:vk","_exists_:(user_mau.1608.topfacemobappandroid OR user_mau.1608.topfacemobappios OR user_mau.1608.topface OR user_mau.1608.standalonetf)",0
"2017-08-01 00:00:00","first_app:topface AND platform:vk","_exists_:(user_mau.1609.topfacemobappandroid OR user_mau.1609.topfacemobappios OR user_mau.1609.topface OR user_mau.1609.standalonetf)",0
"2017-08-01 00:00:00","first_app:topface AND platform:vk","_exists_:(user_mau.1610.topfacemobappandroid OR user_mau.1610.topfacemobappios OR user_mau.1610.topface OR user_mau.1610.standalonetf)",0
"2017-08-01 00:00:00","first_app:topface AND platform:vk","_exists_:(user_mau.1611.topfacemobappandroid OR user_mau.1611.topfacemobappios OR user_mau.1611.topface OR user_mau.1611.standalonetf)",0
"2017-08-01 00:00:00","first_app:topface AND platform:vk","_exists_:(user_mau.1612.topfacemobappandroid OR user_mau.1612.topfacemobappios OR user_mau.1612.topface OR user_mau.1612.standalonetf)",0
"2017-08-01 00:00:00","first_app:topface AND platform:vk","_exists_:(user_mau.1701.topfacemobappandroid OR user_mau.1701.topfacemobappios OR user_mau.1701.topface OR user_mau.1701.standalonetf)",0
"2017-08-01 00:00:00","first_app:topface AND platform:vk","_exists_:(user_mau.1702.topfacemobappandroid OR user_mau.1702.topfacemobappios OR user_mau.1702.topface OR user_mau.1702.standalonetf)",0
"2017-08-01 00:00:00","first_app:topface AND platform:vk","_exists_:(user_mau.1703.topfacemobappandroid OR user_mau.1703.topfacemobappios OR user_mau.1703.topface OR user_mau.1703.standalonetf)",0
"2017-08-01 00:00:00","first_app:topface AND platform:vk","_exists_:(user_mau.1704.topfacemobappandroid OR user_mau.1704.topfacemobappios OR user_mau.1704.topface OR user_mau.1704.standalonetf)",0
"2017-08-01 00:00:00","first_app:topface AND platform:vk","_exists_:(user_mau.1705.topfacemobappandroid OR user_mau.1705.topfacemobappios OR user_mau.1705.topface OR user_mau.1705.standalonetf)",0
"2017-08-01 00:00:00","first_app:topface AND platform:vk","_exists_:(user_mau.1706.topfacemobappandroid OR user_mau.1706.topfacemobappios OR user_mau.1706.topface OR user_mau.1706.standalonetf)",0
"2017-08-01 00:00:00","first_app:topface AND platform:vk","_exists_:(user_mau.1707.topfacemobappandroid OR user_mau.1707.topfacemobappios OR user_mau.1707.topface OR user_mau.1707.standalonetf)",0
"2017-08-01 00:00:00","first_app:topface AND platform:vk","_exists_:(user_mau.1708.topfacemobappandroid OR user_mau.1708.topfacemobappios OR user_mau.1708.topface OR user_mau.1708.standalonetf)",50
"2017-08-01 00:00:00","first_app:topface AND platform:vk","_exists_:(user_mau.1709.topfacemobappandroid OR user_mau.1709.topfacemobappios OR user_mau.1709.topface OR user_mau.1709.standalonetf)",24
"2017-08-01 00:00:00","first_app:topface AND platform:vk","_exists_:(user_mau.1710.topfacemobappandroid OR user_mau.1710.topfacemobappios OR user_mau.1710.topface OR user_mau.1710.standalonetf)",18
"2017-08-01 00:00:00","first_app:topface AND platform:vk","_exists_:(user_mau.1711.topfacemobappandroid OR user_mau.1711.topfacemobappios OR user_mau.1711.topface OR user_mau.1711.standalonetf)",15
"2017-08-01 00:00:00","first_app:topface AND platform:vk","_exists_:(user_mau.1712.topfacemobappandroid OR user_mau.1712.topfacemobappios OR user_mau.1712.topface OR user_mau.1712.standalonetf)",10
"2017-08-01 00:00:00","first_app:topface AND platform:vk","_exists_:(user_mau.1801.topfacemobappandroid OR user_mau.1801.topfacemobappios OR user_mau.1801.topface OR user_mau.1801.standalonetf)",7
"2017-08-01 00:00:00","first_app:topface AND platform:vk","_exists_:(user_mau.1802.topfacemobappandroid OR user_mau.1802.topfacemobappios OR user_mau.1802.topface OR user_mau.1802.standalonetf)",6
"2017-08-01 00:00:00","first_app:topface AND platform:ok","*",4
"2017-08-01 00:00:00","first_app:topface AND platform:ok","_exists_:(user_mau.1501.topfacemobappandroid OR user_mau.1501.topfacemobappios OR user_mau.1501.topface OR user_mau.1501.standalonetf)",0
"2017-08-01 00:00:00","first_app:topface AND platform:ok","_exists_:(user_mau.1502.topfacemobappandroid OR user_mau.1502.topfacemobappios OR user_mau.1502.topface OR user_mau.1502.standalonetf)",0
"2017-08-01 00:00:00","first_app:topface AND platform:ok","_exists_:(user_mau.1503.topfacemobappandroid OR user_mau.1503.topfacemobappios OR user_mau.1503.topface OR user_mau.1503.standalonetf)",0
"2017-08-01 00:00:00","first_app:topface AND platform:ok","_exists_:(user_mau.1504.topfacemobappandroid OR user_mau.1504.topfacemobappios OR user_mau.1504.topface OR user_mau.1504.standalonetf)",0
"2017-08-01 00:00:00","first_app:topface AND platform:ok","_exists_:(user_mau.1505.topfacemobappandroid OR user_mau.1505.topfacemobappios OR user_mau.1505.topface OR user_mau.1505.standalonetf)",0
"2017-08-01 00:00:00","first_app:topface AND platform:ok","_exists_:(user_mau.1506.topfacemobappandroid OR user_mau.1506.topfacemobappios OR user_mau.1506.topface OR user_mau.1506.standalonetf)",0
"2017-08-01 00:00:00","first_app:topface AND platform:ok","_exists_:(user_mau.1507.topfacemobappandroid OR user_mau.1507.topfacemobappios OR user_mau.1507.topface OR user_mau.1507.standalonetf)",0
"2017-08-01 00:00:00","first_app:topface AND platform:ok","_exists_:(user_mau.1508.topfacemobappandroid OR user_mau.1508.topfacemobappios OR user_mau.1508.topface OR user_mau.1508.standalonetf)",0
"2017-08-01 00:00:00","first_app:topface AND platform:ok","_exists_:(user_mau.1509.topfacemobappandroid OR user_mau.1509.topfacemobappios OR user_mau.1509.topface OR user_mau.1509.standalonetf)",0
"2017-08-01 00:00:00","first_app:topface AND platform:ok","_exists_:(user_mau.1510.topfacemobappandroid OR user_mau.1510.topfacemobappios OR user_mau.1510.topface OR user_mau.1510.standalonetf)",0
"2017-08-01 00:00:00","first_app:topface AND platform:ok","_exists_:(user_mau.1511.topfacemobappandroid OR user_mau.1511.topfacemobappios OR user_mau.1511.topface OR user_mau.1511.standalonetf)",0
"2017-08-01 00:00:00","first_app:topface AND platform:ok","_exists_:(user_mau.1512.topfacemobappandroid OR user_mau.1512.topfacemobappios OR user_mau.1512.topface OR user_mau.1512.standalonetf)",0
"2017-08-01 00:00:00","first_app:topface AND platform:ok","_exists_:(user_mau.1601.topfacemobappandroid OR user_mau.1601.topfacemobappios OR user_mau.1601.topface OR user_mau.1601.standalonetf)",0
"2017-08-01 00:00:00","first_app:topface AND platform:ok","_exists_:(user_mau.1602.topfacemobappandroid OR user_mau.1602.topfacemobappios OR user_mau.1602.topface OR user_mau.1602.standalonetf)",0
"2017-08-01 00:00:00","first_app:topface AND platform:ok","_exists_:(user_mau.1603.topfacemobappandroid OR user_mau.1603.topfacemobappios OR user_mau.1603.topface OR user_mau.1603.standalonetf)",0
"2017-08-01 00:00:00","first_app:topface AND platform:ok","_exists_:(user_mau.1604.topfacemobappandroid OR user_mau.1604.topfacemobappios OR user_mau.1604.topface OR user_mau.1604.standalonetf)",0
"2017-08-01 00:00:00","first_app:topface AND platform:ok","_exists_:(user_mau.1605.topfacemobappandroid OR user_mau.1605.topfacemobappios OR user_mau.1605.topface OR user_mau.1605.standalonetf)",0
"2017-08-01 00:00:00","first_app:topface AND platform:ok","_exists_:(user_mau.1606.topfacemobappandroid OR user_mau.1606.topfacemobappios OR user_mau.1606.topface OR user_mau.1606.standalonetf)",0
"2017-08-01 00:00:00","first_app:topface AND platform:ok","_exists_:(user_mau.1607.topfacemobappandroid OR user_mau.1607.topfacemobappios OR user_mau.1607.topface OR user_mau.1607.standalonetf)",0
"2017-08-01 00:00:00","first_app:topface AND platform:ok","_exists_:(user_mau.1608.topfacemobappandroid OR user_mau.1608.topfacemobappios OR user_mau.1608.topface OR user_mau.1608.standalonetf)",0
"2017-08-01 00:00:00","first_app:topface AND platform:ok","_exists_:(user_mau.1609.topfacemobappandroid OR user_mau.1609.topfacemobappios OR user_mau.1609.topface OR user_mau.1609.standalonetf)",0
"2017-08-01 00:00:00","first_app:topface AND platform:ok","_exists_:(user_mau.1610.topfacemobappandroid OR user_mau.1610.topfacemobappios OR user_mau.1610.topface OR user_mau.1610.standalonetf)",0
"2017-08-01 00:00:00","first_app:topface AND platform:ok","_exists_:(user_mau.1611.topfacemobappandroid OR user_mau.1611.topfacemobappios OR user_mau.1611.topface OR user_mau.1611.standalonetf)",0
"2017-08-01 00:00:00","first_app:topface AND platform:ok","_exists_:(user_mau.1612.topfacemobappandroid OR user_mau.1612.topfacemobappios OR user_mau.1612.topface OR user_mau.1612.standalonetf)",0
"2017-08-01 00:00:00","first_app:topface AND platform:ok","_exists_:(user_mau.1701.topfacemobappandroid OR user_mau.1701.topfacemobappios OR user_mau.1701.topface OR user_mau.1701.standalonetf)",0
"2017-08-01 00:00:00","first_app:topface AND platform:ok","_exists_:(user_mau.1702.topfacemobappandroid OR user_mau.1702.topfacemobappios OR user_mau.1702.topface OR user_mau.1702.standalonetf)",0
"2017-08-01 00:00:00","first_app:topface AND platform:ok","_exists_:(user_mau.1703.topfacemobappandroid OR user_mau.1703.topfacemobappios OR user_mau.1703.topface OR user_mau.1703.standalonetf)",0
"2017-08-01 00:00:00","first_app:topface AND platform:ok","_exists_:(user_mau.1704.topfacemobappandroid OR user_mau.1704.topfacemobappios OR user_mau.1704.topface OR user_mau.1704.standalonetf)",0
"2017-08-01 00:00:00","first_app:topface AND platform:ok","_exists_:(user_mau.1705.topfacemobappandroid OR user_mau.1705.topfacemobappios OR user_mau.1705.topface OR user_mau.1705.standalonetf)",0
"2017-08-01 00:00:00","first_app:topface AND platform:ok","_exists_:(user_mau.1706.topfacemobappandroid OR user_mau.1706.topfacemobappios OR user_mau.1706.topface OR user_mau.1706.standalonetf)",0
"2017-08-01 00:00:00","first_app:topface AND platform:ok","_exists_:(user_mau.1707.topfacemobappandroid OR user_mau.1707.topfacemobappios OR user_mau.1707.topface OR user_mau.1707.standalonetf)",0
"2017-08-01 00:00:00","first_app:topface AND platform:ok","_exists_:(user_mau.1708.topfacemobappandroid OR user_mau.1708.topfacemobappios OR user_mau.1708.topface OR user_mau.1708.standalonetf)",4
"2017-08-01 00:00:00","first_app:topface AND platform:ok","_exists_:(user_mau.1709.topfacemobappandroid OR user_mau.1709.topfacemobappios OR user_mau.1709.topface OR user_mau.1709.standalonetf)",0
"2017-08-01 00:00:00","first_app:topface AND platform:ok","_exists_:(user_mau.1710.topfacemobappandroid OR user_mau.1710.topfacemobappios OR user_mau.1710.topface OR user_mau.1710.standalonetf)",0
"2017-08-01 00:00:00","first_app:topface AND platform:ok","_exists_:(user_mau.1711.topfacemobappandroid OR user_mau.1711.topfacemobappios OR user_mau.1711.topface OR user_mau.1711.standalonetf)",0
"2017-08-01 00:00:00","first_app:topface AND platform:ok","_exists_:(user_mau.1712.topfacemobappandroid OR user_mau.1712.topfacemobappios OR user_mau.1712.topface OR user_mau.1712.standalonetf)",0
"2017-08-01 00:00:00","first_app:topface AND platform:ok","_exists_:(user_mau.1801.topfacemobappandroid OR user_mau.1801.topfacemobappios OR user_mau.1801.topface OR user_mau.1801.standalonetf)",0
"2017-08-01 00:00:00","first_app:topface AND platform:ok","_exists_:(user_mau.1802.topfacemobappandroid OR user_mau.1802.topfacemobappios OR user_mau.1802.topface OR user_mau.1802.standalonetf)",0
"2017-08-01 00:00:00","first_app:topface AND platform:fb","*",6
"2017-08-01 00:00:00","first_app:topface AND platform:fb","_exists_:(user_mau.1501.topfacemobappandroid OR user_mau.1501.topfacemobappios OR user_mau.1501.topface OR user_mau.1501.standalonetf)",0
"2017-08-01 00:00:00","first_app:topface AND platform:fb","_exists_:(user_mau.1502.topfacemobappandroid OR user_mau.1502.topfacemobappios OR user_mau.1502.topface OR user_mau.1502.standalonetf)",0
"2017-08-01 00:00:00","first_app:topface AND platform:fb","_exists_:(user_mau.1503.topfacemobappandroid OR user_mau.1503.topfacemobappios OR user_mau.1503.topface OR user_mau.1503.standalonetf)",0
"2017-08-01 00:00:00","first_app:topface AND platform:fb","_exists_:(user_mau.1504.topfacemobappandroid OR user_mau.1504.topfacemobappios OR user_mau.1504.topface OR user_mau.1504.standalonetf)",0
"2017-08-01 00:00:00","first_app:topface AND platform:fb","_exists_:(user_mau.1505.topfacemobappandroid OR user_mau.1505.topfacemobappios OR user_mau.1505.topface OR user_mau.1505.standalonetf)",0
"2017-08-01 00:00:00","first_app:topface AND platform:fb","_exists_:(user_mau.1506.topfacemobappandroid OR user_mau.1506.topfacemobappios OR user_mau.1506.topface OR user_mau.1506.standalonetf)",0
"2017-08-01 00:00:00","first_app:topface AND platform:fb","_exists_:(user_mau.1507.topfacemobappandroid OR user_mau.1507.topfacemobappios OR user_mau.1507.topface OR user_mau.1507.standalonetf)",0
"2017-08-01 00:00:00","first_app:topface AND platform:fb","_exists_:(user_mau.1508.topfacemobappandroid OR user_mau.1508.topfacemobappios OR user_mau.1508.topface OR user_mau.1508.standalonetf)",0
"2017-08-01 00:00:00","first_app:topface AND platform:fb","_exists_:(user_mau.1509.topfacemobappandroid OR user_mau.1509.topfacemobappios OR user_mau.1509.topface OR user_mau.1509.standalonetf)",0
"2017-08-01 00:00:00","first_app:topface AND platform:fb","_exists_:(user_mau.1510.topfacemobappandroid OR user_mau.1510.topfacemobappios OR user_mau.1510.topface OR user_mau.1510.standalonetf)",0
"2017-08-01 00:00:00","first_app:topface AND platform:fb","_exists_:(user_mau.1511.topfacemobappandroid OR user_mau.1511.topfacemobappios OR user_mau.1511.topface OR user_mau.1511.standalonetf)",0
"2017-08-01 00:00:00","first_app:topface AND platform:fb","_exists_:(user_mau.1512.topfacemobappandroid OR user_mau.1512.topfacemobappios OR user_mau.1512.topface OR user_mau.1512.standalonetf)",0
"2017-08-01 00:00:00","first_app:topface AND platform:fb","_exists_:(user_mau.1601.topfacemobappandroid OR user_mau.1601.topfacemobappios OR user_mau.1601.topface OR user_mau.1601.standalonetf)",0
"2017-08-01 00:00:00","first_app:topface AND platform:fb","_exists_:(user_mau.1602.topfacemobappandroid OR user_mau.1602.topfacemobappios OR user_mau.1602.topface OR user_mau.1602.standalonetf)",0
"2017-08-01 00:00:00","first_app:topface AND platform:fb","_exists_:(user_mau.1603.topfacemobappandroid OR user_mau.1603.topfacemobappios OR user_mau.1603.topface OR user_mau.1603.standalonetf)",0
"2017-08-01 00:00:00","first_app:topface AND platform:fb","_exists_:(user_mau.1604.topfacemobappandroid OR user_mau.1604.topfacemobappios OR user_mau.1604.topface OR user_mau.1604.standalonetf)",0
"2017-08-01 00:00:00","first_app:topface AND platform:fb","_exists_:(user_mau.1605.topfacemobappandroid OR user_mau.1605.topfacemobappios OR user_mau.1605.topface OR user_mau.1605.standalonetf)",0
"2017-08-01 00:00:00","first_app:topface AND platform:fb","_exists_:(user_mau.1606.topfacemobappandroid OR user_mau.1606.topfacemobappios OR user_mau.1606.topface OR user_mau.1606.standalonetf)",0
"2017-08-01 00:00:00","first_app:topface AND platform:fb","_exists_:(user_mau.1607.topfacemobappandroid OR user_mau.1607.topfacemobappios OR user_mau.1607.topface OR user_mau.1607.standalonetf)",0
"2017-08-01 00:00:00","first_app:topface AND platform:fb","_exists_:(user_mau.1608.topfacemobappandroid OR user_mau.1608.topfacemobappios OR user_mau.1608.topface OR user_mau.1608.standalonetf)",0
"2017-08-01 00:00:00","first_app:topface AND platform:fb","_exists_:(user_mau.1609.topfacemobappandroid OR user_mau.1609.topfacemobappios OR user_mau.1609.topface OR user_mau.1609.standalonetf)",0
"2017-08-01 00:00:00","first_app:topface AND platform:fb","_exists_:(user_mau.1610.topfacemobappandroid OR user_mau.1610.topfacemobappios OR user_mau.1610.topface OR user_mau.1610.standalonetf)",0
"2017-08-01 00:00:00","first_app:topface AND platform:fb","_exists_:(user_mau.1611.topfacemobappandroid OR user_mau.1611.topfacemobappios OR user_mau.1611.topface OR user_mau.1611.standalonetf)",0
"2017-08-01 00:00:00","first_app:topface AND platform:fb","_exists_:(user_mau.1612.topfacemobappandroid OR user_mau.1612.topfacemobappios OR user_mau.1612.topface OR user_mau.1612.standalonetf)",0
"2017-08-01 00:00:00","first_app:topface AND platform:fb","_exists_:(user_mau.1701.topfacemobappandroid OR user_mau.1701.topfacemobappios OR user_mau.1701.topface OR user_mau.1701.standalonetf)",0
"2017-08-01 00:00:00","first_app:topface AND platform:fb","_exists_:(user_mau.1702.topfacemobappandroid OR user_mau.1702.topfacemobappios OR user_mau.1702.topface OR user_mau.1702.standalonetf)",0
"2017-08-01 00:00:00","first_app:topface AND platform:fb","_exists_:(user_mau.1703.topfacemobappandroid OR user_mau.1703.topfacemobappios OR user_mau.1703.topface OR user_mau.1703.standalonetf)",0
"2017-08-01 00:00:00","first_app:topface AND platform:fb","_exists_:(user_mau.1704.topfacemobappandroid OR user_mau.1704.topfacemobappios OR user_mau.1704.topface OR user_mau.1704.standalonetf)",0
"2017-08-01 00:00:00","first_app:topface AND platform:fb","_exists_:(user_mau.1705.topfacemobappandroid OR user_mau.1705.topfacemobappios OR user_mau.1705.topface OR user_mau.1705.standalonetf)",0
"2017-08-01 00:00:00","first_app:topface AND platform:fb","_exists_:(user_mau.1706.topfacemobappandroid OR user_mau.1706.topfacemobappios OR user_mau.1706.topface OR user_mau.1706.standalonetf)",0
"2017-08-01 00:00:00","first_app:topface AND platform:fb","_exists_:(user_mau.1707.topfacemobappandroid OR user_mau.1707.topfacemobappios OR user_mau.1707.topface OR user_mau.1707.standalonetf)",0
"2017-08-01 00:00:00","first_app:topface AND platform:fb","_exists_:(user_mau.1708.topfacemobappandroid OR user_mau.1708.topfacemobappios OR user_mau.1708.topface OR user_mau.1708.standalonetf)",6
"2017-08-01 00:00:00","first_app:topface AND platform:fb","_exists_:(user_mau.1709.topfacemobappandroid OR user_mau.1709.topfacemobappios OR user_mau.1709.topface OR user_mau.1709.standalonetf)",0
"2017-08-01 00:00:00","first_app:topface AND platform:fb","_exists_:(user_mau.1710.topfacemobappandroid OR user_mau.1710.topfacemobappios OR user_mau.1710.topface OR user_mau.1710.standalonetf)",0
"2017-08-01 00:00:00","first_app:topface AND platform:fb","_exists_:(user_mau.1711.topfacemobappandroid OR user_mau.1711.topfacemobappios OR user_mau.1711.topface OR user_mau.1711.standalonetf)",1
"2017-08-01 00:00:00","first_app:topface AND platform:fb","_exists_:(user_mau.1712.topfacemobappandroid OR user_mau.1712.topfacemobappios OR user_mau.1712.topface OR user_mau.1712.standalonetf)",1
"2017-08-01 00:00:00","first_app:topface AND platform:fb","_exists_:(user_mau.1801.topfacemobappandroid OR user_mau.1801.topfacemobappios OR user_mau.1801.topface OR user_mau.1801.standalonetf)",0
"2017-08-01 00:00:00","first_app:topface AND platform:fb","_exists_:(user_mau.1802.topfacemobappandroid OR user_mau.1802.topfacemobappios OR user_mau.1802.topface OR user_mau.1802.standalonetf)",0
"2017-09-01 00:00:00","first_app:topfacemobappandroid","*","206,204"
"2017-09-01 00:00:00","first_app:topfacemobappandroid","_exists_:(user_mau.1501.topfacemobappandroid OR user_mau.1501.topfacemobappios OR user_mau.1501.topface OR user_mau.1501.standalonetf)",0
"2017-09-01 00:00:00","first_app:topfacemobappandroid","_exists_:(user_mau.1502.topfacemobappandroid OR user_mau.1502.topfacemobappios OR user_mau.1502.topface OR user_mau.1502.standalonetf)",0
"2017-09-01 00:00:00","first_app:topfacemobappandroid","_exists_:(user_mau.1503.topfacemobappandroid OR user_mau.1503.topfacemobappios OR user_mau.1503.topface OR user_mau.1503.standalonetf)",0
"2017-09-01 00:00:00","first_app:topfacemobappandroid","_exists_:(user_mau.1504.topfacemobappandroid OR user_mau.1504.topfacemobappios OR user_mau.1504.topface OR user_mau.1504.standalonetf)",0
"2017-09-01 00:00:00","first_app:topfacemobappandroid","_exists_:(user_mau.1505.topfacemobappandroid OR user_mau.1505.topfacemobappios OR user_mau.1505.topface OR user_mau.1505.standalonetf)",0
"2017-09-01 00:00:00","first_app:topfacemobappandroid","_exists_:(user_mau.1506.topfacemobappandroid OR user_mau.1506.topfacemobappios OR user_mau.1506.topface OR user_mau.1506.standalonetf)",0
"2017-09-01 00:00:00","first_app:topfacemobappandroid","_exists_:(user_mau.1507.topfacemobappandroid OR user_mau.1507.topfacemobappios OR user_mau.1507.topface OR user_mau.1507.standalonetf)",0
"2017-09-01 00:00:00","first_app:topfacemobappandroid","_exists_:(user_mau.1508.topfacemobappandroid OR user_mau.1508.topfacemobappios OR user_mau.1508.topface OR user_mau.1508.standalonetf)",0
"2017-09-01 00:00:00","first_app:topfacemobappandroid","_exists_:(user_mau.1509.topfacemobappandroid OR user_mau.1509.topfacemobappios OR user_mau.1509.topface OR user_mau.1509.standalonetf)",0
"2017-09-01 00:00:00","first_app:topfacemobappandroid","_exists_:(user_mau.1510.topfacemobappandroid OR user_mau.1510.topfacemobappios OR user_mau.1510.topface OR user_mau.1510.standalonetf)",0
"2017-09-01 00:00:00","first_app:topfacemobappandroid","_exists_:(user_mau.1511.topfacemobappandroid OR user_mau.1511.topfacemobappios OR user_mau.1511.topface OR user_mau.1511.standalonetf)",0
"2017-09-01 00:00:00","first_app:topfacemobappandroid","_exists_:(user_mau.1512.topfacemobappandroid OR user_mau.1512.topfacemobappios OR user_mau.1512.topface OR user_mau.1512.standalonetf)",0
"2017-09-01 00:00:00","first_app:topfacemobappandroid","_exists_:(user_mau.1601.topfacemobappandroid OR user_mau.1601.topfacemobappios OR user_mau.1601.topface OR user_mau.1601.standalonetf)",0
"2017-09-01 00:00:00","first_app:topfacemobappandroid","_exists_:(user_mau.1602.topfacemobappandroid OR user_mau.1602.topfacemobappios OR user_mau.1602.topface OR user_mau.1602.standalonetf)",0
"2017-09-01 00:00:00","first_app:topfacemobappandroid","_exists_:(user_mau.1603.topfacemobappandroid OR user_mau.1603.topfacemobappios OR user_mau.1603.topface OR user_mau.1603.standalonetf)",0
"2017-09-01 00:00:00","first_app:topfacemobappandroid","_exists_:(user_mau.1604.topfacemobappandroid OR user_mau.1604.topfacemobappios OR user_mau.1604.topface OR user_mau.1604.standalonetf)",0
"2017-09-01 00:00:00","first_app:topfacemobappandroid","_exists_:(user_mau.1605.topfacemobappandroid OR user_mau.1605.topfacemobappios OR user_mau.1605.topface OR user_mau.1605.standalonetf)",0
"2017-09-01 00:00:00","first_app:topfacemobappandroid","_exists_:(user_mau.1606.topfacemobappandroid OR user_mau.1606.topfacemobappios OR user_mau.1606.topface OR user_mau.1606.standalonetf)",0
"2017-09-01 00:00:00","first_app:topfacemobappandroid","_exists_:(user_mau.1607.topfacemobappandroid OR user_mau.1607.topfacemobappios OR user_mau.1607.topface OR user_mau.1607.standalonetf)",0
"2017-09-01 00:00:00","first_app:topfacemobappandroid","_exists_:(user_mau.1608.topfacemobappandroid OR user_mau.1608.topfacemobappios OR user_mau.1608.topface OR user_mau.1608.standalonetf)",0
"2017-09-01 00:00:00","first_app:topfacemobappandroid","_exists_:(user_mau.1609.topfacemobappandroid OR user_mau.1609.topfacemobappios OR user_mau.1609.topface OR user_mau.1609.standalonetf)",0
"2017-09-01 00:00:00","first_app:topfacemobappandroid","_exists_:(user_mau.1610.topfacemobappandroid OR user_mau.1610.topfacemobappios OR user_mau.1610.topface OR user_mau.1610.standalonetf)",0
"2017-09-01 00:00:00","first_app:topfacemobappandroid","_exists_:(user_mau.1611.topfacemobappandroid OR user_mau.1611.topfacemobappios OR user_mau.1611.topface OR user_mau.1611.standalonetf)",0
"2017-09-01 00:00:00","first_app:topfacemobappandroid","_exists_:(user_mau.1612.topfacemobappandroid OR user_mau.1612.topfacemobappios OR user_mau.1612.topface OR user_mau.1612.standalonetf)",0
"2017-09-01 00:00:00","first_app:topfacemobappandroid","_exists_:(user_mau.1701.topfacemobappandroid OR user_mau.1701.topfacemobappios OR user_mau.1701.topface OR user_mau.1701.standalonetf)",0
"2017-09-01 00:00:00","first_app:topfacemobappandroid","_exists_:(user_mau.1702.topfacemobappandroid OR user_mau.1702.topfacemobappios OR user_mau.1702.topface OR user_mau.1702.standalonetf)",0
"2017-09-01 00:00:00","first_app:topfacemobappandroid","_exists_:(user_mau.1703.topfacemobappandroid OR user_mau.1703.topfacemobappios OR user_mau.1703.topface OR user_mau.1703.standalonetf)",0
"2017-09-01 00:00:00","first_app:topfacemobappandroid","_exists_:(user_mau.1704.topfacemobappandroid OR user_mau.1704.topfacemobappios OR user_mau.1704.topface OR user_mau.1704.standalonetf)",0
"2017-09-01 00:00:00","first_app:topfacemobappandroid","_exists_:(user_mau.1705.topfacemobappandroid OR user_mau.1705.topfacemobappios OR user_mau.1705.topface OR user_mau.1705.standalonetf)",0
"2017-09-01 00:00:00","first_app:topfacemobappandroid","_exists_:(user_mau.1706.topfacemobappandroid OR user_mau.1706.topfacemobappios OR user_mau.1706.topface OR user_mau.1706.standalonetf)",0
"2017-09-01 00:00:00","first_app:topfacemobappandroid","_exists_:(user_mau.1707.topfacemobappandroid OR user_mau.1707.topfacemobappios OR user_mau.1707.topface OR user_mau.1707.standalonetf)",0
"2017-09-01 00:00:00","first_app:topfacemobappandroid","_exists_:(user_mau.1708.topfacemobappandroid OR user_mau.1708.topfacemobappios OR user_mau.1708.topface OR user_mau.1708.standalonetf)",0
"2017-09-01 00:00:00","first_app:topfacemobappandroid","_exists_:(user_mau.1709.topfacemobappandroid OR user_mau.1709.topfacemobappios OR user_mau.1709.topface OR user_mau.1709.standalonetf)","206,203"
"2017-09-01 00:00:00","first_app:topfacemobappandroid","_exists_:(user_mau.1710.topfacemobappandroid OR user_mau.1710.topfacemobappios OR user_mau.1710.topface OR user_mau.1710.standalonetf)","30,907"
"2017-09-01 00:00:00","first_app:topfacemobappandroid","_exists_:(user_mau.1711.topfacemobappandroid OR user_mau.1711.topfacemobappios OR user_mau.1711.topface OR user_mau.1711.standalonetf)","15,960"
"2017-09-01 00:00:00","first_app:topfacemobappandroid","_exists_:(user_mau.1712.topfacemobappandroid OR user_mau.1712.topfacemobappios OR user_mau.1712.topface OR user_mau.1712.standalonetf)","9,826"
"2017-09-01 00:00:00","first_app:topfacemobappandroid","_exists_:(user_mau.1801.topfacemobappandroid OR user_mau.1801.topfacemobappios OR user_mau.1801.topface OR user_mau.1801.standalonetf)","7,658"
"2017-09-01 00:00:00","first_app:topfacemobappandroid","_exists_:(user_mau.1802.topfacemobappandroid OR user_mau.1802.topfacemobappios OR user_mau.1802.topface OR user_mau.1802.standalonetf)","6,043"
"2017-09-01 00:00:00","first_app:topfacemobappios","*","28,805"
"2017-09-01 00:00:00","first_app:topfacemobappios","_exists_:(user_mau.1501.topfacemobappandroid OR user_mau.1501.topfacemobappios OR user_mau.1501.topface OR user_mau.1501.standalonetf)",0
"2017-09-01 00:00:00","first_app:topfacemobappios","_exists_:(user_mau.1502.topfacemobappandroid OR user_mau.1502.topfacemobappios OR user_mau.1502.topface OR user_mau.1502.standalonetf)",0
"2017-09-01 00:00:00","first_app:topfacemobappios","_exists_:(user_mau.1503.topfacemobappandroid OR user_mau.1503.topfacemobappios OR user_mau.1503.topface OR user_mau.1503.standalonetf)",0
"2017-09-01 00:00:00","first_app:topfacemobappios","_exists_:(user_mau.1504.topfacemobappandroid OR user_mau.1504.topfacemobappios OR user_mau.1504.topface OR user_mau.1504.standalonetf)",0
"2017-09-01 00:00:00","first_app:topfacemobappios","_exists_:(user_mau.1505.topfacemobappandroid OR user_mau.1505.topfacemobappios OR user_mau.1505.topface OR user_mau.1505.standalonetf)",0
"2017-09-01 00:00:00","first_app:topfacemobappios","_exists_:(user_mau.1506.topfacemobappandroid OR user_mau.1506.topfacemobappios OR user_mau.1506.topface OR user_mau.1506.standalonetf)",0
"2017-09-01 00:00:00","first_app:topfacemobappios","_exists_:(user_mau.1507.topfacemobappandroid OR user_mau.1507.topfacemobappios OR user_mau.1507.topface OR user_mau.1507.standalonetf)",0
"2017-09-01 00:00:00","first_app:topfacemobappios","_exists_:(user_mau.1508.topfacemobappandroid OR user_mau.1508.topfacemobappios OR user_mau.1508.topface OR user_mau.1508.standalonetf)",0
"2017-09-01 00:00:00","first_app:topfacemobappios","_exists_:(user_mau.1509.topfacemobappandroid OR user_mau.1509.topfacemobappios OR user_mau.1509.topface OR user_mau.1509.standalonetf)",0
"2017-09-01 00:00:00","first_app:topfacemobappios","_exists_:(user_mau.1510.topfacemobappandroid OR user_mau.1510.topfacemobappios OR user_mau.1510.topface OR user_mau.1510.standalonetf)",0
"2017-09-01 00:00:00","first_app:topfacemobappios","_exists_:(user_mau.1511.topfacemobappandroid OR user_mau.1511.topfacemobappios OR user_mau.1511.topface OR user_mau.1511.standalonetf)",0
"2017-09-01 00:00:00","first_app:topfacemobappios","_exists_:(user_mau.1512.topfacemobappandroid OR user_mau.1512.topfacemobappios OR user_mau.1512.topface OR user_mau.1512.standalonetf)",0
"2017-09-01 00:00:00","first_app:topfacemobappios","_exists_:(user_mau.1601.topfacemobappandroid OR user_mau.1601.topfacemobappios OR user_mau.1601.topface OR user_mau.1601.standalonetf)",0
"2017-09-01 00:00:00","first_app:topfacemobappios","_exists_:(user_mau.1602.topfacemobappandroid OR user_mau.1602.topfacemobappios OR user_mau.1602.topface OR user_mau.1602.standalonetf)",0
"2017-09-01 00:00:00","first_app:topfacemobappios","_exists_:(user_mau.1603.topfacemobappandroid OR user_mau.1603.topfacemobappios OR user_mau.1603.topface OR user_mau.1603.standalonetf)",0
"2017-09-01 00:00:00","first_app:topfacemobappios","_exists_:(user_mau.1604.topfacemobappandroid OR user_mau.1604.topfacemobappios OR user_mau.1604.topface OR user_mau.1604.standalonetf)",0
"2017-09-01 00:00:00","first_app:topfacemobappios","_exists_:(user_mau.1605.topfacemobappandroid OR user_mau.1605.topfacemobappios OR user_mau.1605.topface OR user_mau.1605.standalonetf)",0
"2017-09-01 00:00:00","first_app:topfacemobappios","_exists_:(user_mau.1606.topfacemobappandroid OR user_mau.1606.topfacemobappios OR user_mau.1606.topface OR user_mau.1606.standalonetf)",0
"2017-09-01 00:00:00","first_app:topfacemobappios","_exists_:(user_mau.1607.topfacemobappandroid OR user_mau.1607.topfacemobappios OR user_mau.1607.topface OR user_mau.1607.standalonetf)",0
"2017-09-01 00:00:00","first_app:topfacemobappios","_exists_:(user_mau.1608.topfacemobappandroid OR user_mau.1608.topfacemobappios OR user_mau.1608.topface OR user_mau.1608.standalonetf)",0
"2017-09-01 00:00:00","first_app:topfacemobappios","_exists_:(user_mau.1609.topfacemobappandroid OR user_mau.1609.topfacemobappios OR user_mau.1609.topface OR user_mau.1609.standalonetf)",0
"2017-09-01 00:00:00","first_app:topfacemobappios","_exists_:(user_mau.1610.topfacemobappandroid OR user_mau.1610.topfacemobappios OR user_mau.1610.topface OR user_mau.1610.standalonetf)",0
"2017-09-01 00:00:00","first_app:topfacemobappios","_exists_:(user_mau.1611.topfacemobappandroid OR user_mau.1611.topfacemobappios OR user_mau.1611.topface OR user_mau.1611.standalonetf)",0
"2017-09-01 00:00:00","first_app:topfacemobappios","_exists_:(user_mau.1612.topfacemobappandroid OR user_mau.1612.topfacemobappios OR user_mau.1612.topface OR user_mau.1612.standalonetf)",0
"2017-09-01 00:00:00","first_app:topfacemobappios","_exists_:(user_mau.1701.topfacemobappandroid OR user_mau.1701.topfacemobappios OR user_mau.1701.topface OR user_mau.1701.standalonetf)",0
"2017-09-01 00:00:00","first_app:topfacemobappios","_exists_:(user_mau.1702.topfacemobappandroid OR user_mau.1702.topfacemobappios OR user_mau.1702.topface OR user_mau.1702.standalonetf)",0
"2017-09-01 00:00:00","first_app:topfacemobappios","_exists_:(user_mau.1703.topfacemobappandroid OR user_mau.1703.topfacemobappios OR user_mau.1703.topface OR user_mau.1703.standalonetf)",0
"2017-09-01 00:00:00","first_app:topfacemobappios","_exists_:(user_mau.1704.topfacemobappandroid OR user_mau.1704.topfacemobappios OR user_mau.1704.topface OR user_mau.1704.standalonetf)",0
"2017-09-01 00:00:00","first_app:topfacemobappios","_exists_:(user_mau.1705.topfacemobappandroid OR user_mau.1705.topfacemobappios OR user_mau.1705.topface OR user_mau.1705.standalonetf)",0
"2017-09-01 00:00:00","first_app:topfacemobappios","_exists_:(user_mau.1706.topfacemobappandroid OR user_mau.1706.topfacemobappios OR user_mau.1706.topface OR user_mau.1706.standalonetf)",0
"2017-09-01 00:00:00","first_app:topfacemobappios","_exists_:(user_mau.1707.topfacemobappandroid OR user_mau.1707.topfacemobappios OR user_mau.1707.topface OR user_mau.1707.standalonetf)",0
"2017-09-01 00:00:00","first_app:topfacemobappios","_exists_:(user_mau.1708.topfacemobappandroid OR user_mau.1708.topfacemobappios OR user_mau.1708.topface OR user_mau.1708.standalonetf)",0
"2017-09-01 00:00:00","first_app:topfacemobappios","_exists_:(user_mau.1709.topfacemobappandroid OR user_mau.1709.topfacemobappios OR user_mau.1709.topface OR user_mau.1709.standalonetf)","28,805"
"2017-09-01 00:00:00","first_app:topfacemobappios","_exists_:(user_mau.1710.topfacemobappandroid OR user_mau.1710.topfacemobappios OR user_mau.1710.topface OR user_mau.1710.standalonetf)","4,421"
"2017-09-01 00:00:00","first_app:topfacemobappios","_exists_:(user_mau.1711.topfacemobappandroid OR user_mau.1711.topfacemobappios OR user_mau.1711.topface OR user_mau.1711.standalonetf)","2,071"
"2017-09-01 00:00:00","first_app:topfacemobappios","_exists_:(user_mau.1712.topfacemobappandroid OR user_mau.1712.topfacemobappios OR user_mau.1712.topface OR user_mau.1712.standalonetf)","1,377"
"2017-09-01 00:00:00","first_app:topfacemobappios","_exists_:(user_mau.1801.topfacemobappandroid OR user_mau.1801.topfacemobappios OR user_mau.1801.topface OR user_mau.1801.standalonetf)",991
"2017-09-01 00:00:00","first_app:topfacemobappios","_exists_:(user_mau.1802.topfacemobappandroid OR user_mau.1802.topfacemobappios OR user_mau.1802.topface OR user_mau.1802.standalonetf)",714
"2017-09-01 00:00:00","first_app:standalonetf","*","1,357"
"2017-09-01 00:00:00","first_app:standalonetf","_exists_:(user_mau.1501.topfacemobappandroid OR user_mau.1501.topfacemobappios OR user_mau.1501.topface OR user_mau.1501.standalonetf)",0
"2017-09-01 00:00:00","first_app:standalonetf","_exists_:(user_mau.1502.topfacemobappandroid OR user_mau.1502.topfacemobappios OR user_mau.1502.topface OR user_mau.1502.standalonetf)",0
"2017-09-01 00:00:00","first_app:standalonetf","_exists_:(user_mau.1503.topfacemobappandroid OR user_mau.1503.topfacemobappios OR user_mau.1503.topface OR user_mau.1503.standalonetf)",0
"2017-09-01 00:00:00","first_app:standalonetf","_exists_:(user_mau.1504.topfacemobappandroid OR user_mau.1504.topfacemobappios OR user_mau.1504.topface OR user_mau.1504.standalonetf)",0
"2017-09-01 00:00:00","first_app:standalonetf","_exists_:(user_mau.1505.topfacemobappandroid OR user_mau.1505.topfacemobappios OR user_mau.1505.topface OR user_mau.1505.standalonetf)",0
"2017-09-01 00:00:00","first_app:standalonetf","_exists_:(user_mau.1506.topfacemobappandroid OR user_mau.1506.topfacemobappios OR user_mau.1506.topface OR user_mau.1506.standalonetf)",0
"2017-09-01 00:00:00","first_app:standalonetf","_exists_:(user_mau.1507.topfacemobappandroid OR user_mau.1507.topfacemobappios OR user_mau.1507.topface OR user_mau.1507.standalonetf)",0
"2017-09-01 00:00:00","first_app:standalonetf","_exists_:(user_mau.1508.topfacemobappandroid OR user_mau.1508.topfacemobappios OR user_mau.1508.topface OR user_mau.1508.standalonetf)",0
"2017-09-01 00:00:00","first_app:standalonetf","_exists_:(user_mau.1509.topfacemobappandroid OR user_mau.1509.topfacemobappios OR user_mau.1509.topface OR user_mau.1509.standalonetf)",0
"2017-09-01 00:00:00","first_app:standalonetf","_exists_:(user_mau.1510.topfacemobappandroid OR user_mau.1510.topfacemobappios OR user_mau.1510.topface OR user_mau.1510.standalonetf)",0
"2017-09-01 00:00:00","first_app:standalonetf","_exists_:(user_mau.1511.topfacemobappandroid OR user_mau.1511.topfacemobappios OR user_mau.1511.topface OR user_mau.1511.standalonetf)",0
"2017-09-01 00:00:00","first_app:standalonetf","_exists_:(user_mau.1512.topfacemobappandroid OR user_mau.1512.topfacemobappios OR user_mau.1512.topface OR user_mau.1512.standalonetf)",0
"2017-09-01 00:00:00","first_app:standalonetf","_exists_:(user_mau.1601.topfacemobappandroid OR user_mau.1601.topfacemobappios OR user_mau.1601.topface OR user_mau.1601.standalonetf)",0
"2017-09-01 00:00:00","first_app:standalonetf","_exists_:(user_mau.1602.topfacemobappandroid OR user_mau.1602.topfacemobappios OR user_mau.1602.topface OR user_mau.1602.standalonetf)",0
"2017-09-01 00:00:00","first_app:standalonetf","_exists_:(user_mau.1603.topfacemobappandroid OR user_mau.1603.topfacemobappios OR user_mau.1603.topface OR user_mau.1603.standalonetf)",0
"2017-09-01 00:00:00","first_app:standalonetf","_exists_:(user_mau.1604.topfacemobappandroid OR user_mau.1604.topfacemobappios OR user_mau.1604.topface OR user_mau.1604.standalonetf)",0
"2017-09-01 00:00:00","first_app:standalonetf","_exists_:(user_mau.1605.topfacemobappandroid OR user_mau.1605.topfacemobappios OR user_mau.1605.topface OR user_mau.1605.standalonetf)",0
"2017-09-01 00:00:00","first_app:standalonetf","_exists_:(user_mau.1606.topfacemobappandroid OR user_mau.1606.topfacemobappios OR user_mau.1606.topface OR user_mau.1606.standalonetf)",0
"2017-09-01 00:00:00","first_app:standalonetf","_exists_:(user_mau.1607.topfacemobappandroid OR user_mau.1607.topfacemobappios OR user_mau.1607.topface OR user_mau.1607.standalonetf)",0
"2017-09-01 00:00:00","first_app:standalonetf","_exists_:(user_mau.1608.topfacemobappandroid OR user_mau.1608.topfacemobappios OR user_mau.1608.topface OR user_mau.1608.standalonetf)",0
"2017-09-01 00:00:00","first_app:standalonetf","_exists_:(user_mau.1609.topfacemobappandroid OR user_mau.1609.topfacemobappios OR user_mau.1609.topface OR user_mau.1609.standalonetf)",0
"2017-09-01 00:00:00","first_app:standalonetf","_exists_:(user_mau.1610.topfacemobappandroid OR user_mau.1610.topfacemobappios OR user_mau.1610.topface OR user_mau.1610.standalonetf)",0
"2017-09-01 00:00:00","first_app:standalonetf","_exists_:(user_mau.1611.topfacemobappandroid OR user_mau.1611.topfacemobappios OR user_mau.1611.topface OR user_mau.1611.standalonetf)",0
"2017-09-01 00:00:00","first_app:standalonetf","_exists_:(user_mau.1612.topfacemobappandroid OR user_mau.1612.topfacemobappios OR user_mau.1612.topface OR user_mau.1612.standalonetf)",0
"2017-09-01 00:00:00","first_app:standalonetf","_exists_:(user_mau.1701.topfacemobappandroid OR user_mau.1701.topfacemobappios OR user_mau.1701.topface OR user_mau.1701.standalonetf)",0
"2017-09-01 00:00:00","first_app:standalonetf","_exists_:(user_mau.1702.topfacemobappandroid OR user_mau.1702.topfacemobappios OR user_mau.1702.topface OR user_mau.1702.standalonetf)",0
"2017-09-01 00:00:00","first_app:standalonetf","_exists_:(user_mau.1703.topfacemobappandroid OR user_mau.1703.topfacemobappios OR user_mau.1703.topface OR user_mau.1703.standalonetf)",0
"2017-09-01 00:00:00","first_app:standalonetf","_exists_:(user_mau.1704.topfacemobappandroid OR user_mau.1704.topfacemobappios OR user_mau.1704.topface OR user_mau.1704.standalonetf)",0
"2017-09-01 00:00:00","first_app:standalonetf","_exists_:(user_mau.1705.topfacemobappandroid OR user_mau.1705.topfacemobappios OR user_mau.1705.topface OR user_mau.1705.standalonetf)",0
"2017-09-01 00:00:00","first_app:standalonetf","_exists_:(user_mau.1706.topfacemobappandroid OR user_mau.1706.topfacemobappios OR user_mau.1706.topface OR user_mau.1706.standalonetf)",0
"2017-09-01 00:00:00","first_app:standalonetf","_exists_:(user_mau.1707.topfacemobappandroid OR user_mau.1707.topfacemobappios OR user_mau.1707.topface OR user_mau.1707.standalonetf)",0
"2017-09-01 00:00:00","first_app:standalonetf","_exists_:(user_mau.1708.topfacemobappandroid OR user_mau.1708.topfacemobappios OR user_mau.1708.topface OR user_mau.1708.standalonetf)",0
"2017-09-01 00:00:00","first_app:standalonetf","_exists_:(user_mau.1709.topfacemobappandroid OR user_mau.1709.topfacemobappios OR user_mau.1709.topface OR user_mau.1709.standalonetf)","1,182"
"2017-09-01 00:00:00","first_app:standalonetf","_exists_:(user_mau.1710.topfacemobappandroid OR user_mau.1710.topfacemobappios OR user_mau.1710.topface OR user_mau.1710.standalonetf)",332
"2017-09-01 00:00:00","first_app:standalonetf","_exists_:(user_mau.1711.topfacemobappandroid OR user_mau.1711.topfacemobappios OR user_mau.1711.topface OR user_mau.1711.standalonetf)",202
"2017-09-01 00:00:00","first_app:standalonetf","_exists_:(user_mau.1712.topfacemobappandroid OR user_mau.1712.topfacemobappios OR user_mau.1712.topface OR user_mau.1712.standalonetf)",151
"2017-09-01 00:00:00","first_app:standalonetf","_exists_:(user_mau.1801.topfacemobappandroid OR user_mau.1801.topfacemobappios OR user_mau.1801.topface OR user_mau.1801.standalonetf)",130
"2017-09-01 00:00:00","first_app:standalonetf","_exists_:(user_mau.1802.topfacemobappandroid OR user_mau.1802.topfacemobappios OR user_mau.1802.topface OR user_mau.1802.standalonetf)",115
"2017-09-01 00:00:00","first_app:topface AND platform:vk","*",41
"2017-09-01 00:00:00","first_app:topface AND platform:vk","_exists_:(user_mau.1501.topfacemobappandroid OR user_mau.1501.topfacemobappios OR user_mau.1501.topface OR user_mau.1501.standalonetf)",0
"2017-09-01 00:00:00","first_app:topface AND platform:vk","_exists_:(user_mau.1502.topfacemobappandroid OR user_mau.1502.topfacemobappios OR user_mau.1502.topface OR user_mau.1502.standalonetf)",0
"2017-09-01 00:00:00","first_app:topface AND platform:vk","_exists_:(user_mau.1503.topfacemobappandroid OR user_mau.1503.topfacemobappios OR user_mau.1503.topface OR user_mau.1503.standalonetf)",0
"2017-09-01 00:00:00","first_app:topface AND platform:vk","_exists_:(user_mau.1504.topfacemobappandroid OR user_mau.1504.topfacemobappios OR user_mau.1504.topface OR user_mau.1504.standalonetf)",0
"2017-09-01 00:00:00","first_app:topface AND platform:vk","_exists_:(user_mau.1505.topfacemobappandroid OR user_mau.1505.topfacemobappios OR user_mau.1505.topface OR user_mau.1505.standalonetf)",0
"2017-09-01 00:00:00","first_app:topface AND platform:vk","_exists_:(user_mau.1506.topfacemobappandroid OR user_mau.1506.topfacemobappios OR user_mau.1506.topface OR user_mau.1506.standalonetf)",0
"2017-09-01 00:00:00","first_app:topface AND platform:vk","_exists_:(user_mau.1507.topfacemobappandroid OR user_mau.1507.topfacemobappios OR user_mau.1507.topface OR user_mau.1507.standalonetf)",0
"2017-09-01 00:00:00","first_app:topface AND platform:vk","_exists_:(user_mau.1508.topfacemobappandroid OR user_mau.1508.topfacemobappios OR user_mau.1508.topface OR user_mau.1508.standalonetf)",0
"2017-09-01 00:00:00","first_app:topface AND platform:vk","_exists_:(user_mau.1509.topfacemobappandroid OR user_mau.1509.topfacemobappios OR user_mau.1509.topface OR user_mau.1509.standalonetf)",0
"2017-09-01 00:00:00","first_app:topface AND platform:vk","_exists_:(user_mau.1510.topfacemobappandroid OR user_mau.1510.topfacemobappios OR user_mau.1510.topface OR user_mau.1510.standalonetf)",0
"2017-09-01 00:00:00","first_app:topface AND platform:vk","_exists_:(user_mau.1511.topfacemobappandroid OR user_mau.1511.topfacemobappios OR user_mau.1511.topface OR user_mau.1511.standalonetf)",0
"2017-09-01 00:00:00","first_app:topface AND platform:vk","_exists_:(user_mau.1512.topfacemobappandroid OR user_mau.1512.topfacemobappios OR user_mau.1512.topface OR user_mau.1512.standalonetf)",0
"2017-09-01 00:00:00","first_app:topface AND platform:vk","_exists_:(user_mau.1601.topfacemobappandroid OR user_mau.1601.topfacemobappios OR user_mau.1601.topface OR user_mau.1601.standalonetf)",0
"2017-09-01 00:00:00","first_app:topface AND platform:vk","_exists_:(user_mau.1602.topfacemobappandroid OR user_mau.1602.topfacemobappios OR user_mau.1602.topface OR user_mau.1602.standalonetf)",0
"2017-09-01 00:00:00","first_app:topface AND platform:vk","_exists_:(user_mau.1603.topfacemobappandroid OR user_mau.1603.topfacemobappios OR user_mau.1603.topface OR user_mau.1603.standalonetf)",0
"2017-09-01 00:00:00","first_app:topface AND platform:vk","_exists_:(user_mau.1604.topfacemobappandroid OR user_mau.1604.topfacemobappios OR user_mau.1604.topface OR user_mau.1604.standalonetf)",0
"2017-09-01 00:00:00","first_app:topface AND platform:vk","_exists_:(user_mau.1605.topfacemobappandroid OR user_mau.1605.topfacemobappios OR user_mau.1605.topface OR user_mau.1605.standalonetf)",0
"2017-09-01 00:00:00","first_app:topface AND platform:vk","_exists_:(user_mau.1606.topfacemobappandroid OR user_mau.1606.topfacemobappios OR user_mau.1606.topface OR user_mau.1606.standalonetf)",0
"2017-09-01 00:00:00","first_app:topface AND platform:vk","_exists_:(user_mau.1607.topfacemobappandroid OR user_mau.1607.topfacemobappios OR user_mau.1607.topface OR user_mau.1607.standalonetf)",0
"2017-09-01 00:00:00","first_app:topface AND platform:vk","_exists_:(user_mau.1608.topfacemobappandroid OR user_mau.1608.topfacemobappios OR user_mau.1608.topface OR user_mau.1608.standalonetf)",0
"2017-09-01 00:00:00","first_app:topface AND platform:vk","_exists_:(user_mau.1609.topfacemobappandroid OR user_mau.1609.topfacemobappios OR user_mau.1609.topface OR user_mau.1609.standalonetf)",0
"2017-09-01 00:00:00","first_app:topface AND platform:vk","_exists_:(user_mau.1610.topfacemobappandroid OR user_mau.1610.topfacemobappios OR user_mau.1610.topface OR user_mau.1610.standalonetf)",0
"2017-09-01 00:00:00","first_app:topface AND platform:vk","_exists_:(user_mau.1611.topfacemobappandroid OR user_mau.1611.topfacemobappios OR user_mau.1611.topface OR user_mau.1611.standalonetf)",0
"2017-09-01 00:00:00","first_app:topface AND platform:vk","_exists_:(user_mau.1612.topfacemobappandroid OR user_mau.1612.topfacemobappios OR user_mau.1612.topface OR user_mau.1612.standalonetf)",0
"2017-09-01 00:00:00","first_app:topface AND platform:vk","_exists_:(user_mau.1701.topfacemobappandroid OR user_mau.1701.topfacemobappios OR user_mau.1701.topface OR user_mau.1701.standalonetf)",0
"2017-09-01 00:00:00","first_app:topface AND platform:vk","_exists_:(user_mau.1702.topfacemobappandroid OR user_mau.1702.topfacemobappios OR user_mau.1702.topface OR user_mau.1702.standalonetf)",0
"2017-09-01 00:00:00","first_app:topface AND platform:vk","_exists_:(user_mau.1703.topfacemobappandroid OR user_mau.1703.topfacemobappios OR user_mau.1703.topface OR user_mau.1703.standalonetf)",0
"2017-09-01 00:00:00","first_app:topface AND platform:vk","_exists_:(user_mau.1704.topfacemobappandroid OR user_mau.1704.topfacemobappios OR user_mau.1704.topface OR user_mau.1704.standalonetf)",0
"2017-09-01 00:00:00","first_app:topface AND platform:vk","_exists_:(user_mau.1705.topfacemobappandroid OR user_mau.1705.topfacemobappios OR user_mau.1705.topface OR user_mau.1705.standalonetf)",0
"2017-09-01 00:00:00","first_app:topface AND platform:vk","_exists_:(user_mau.1706.topfacemobappandroid OR user_mau.1706.topfacemobappios OR user_mau.1706.topface OR user_mau.1706.standalonetf)",0
"2017-09-01 00:00:00","first_app:topface AND platform:vk","_exists_:(user_mau.1707.topfacemobappandroid OR user_mau.1707.topfacemobappios OR user_mau.1707.topface OR user_mau.1707.standalonetf)",0
"2017-09-01 00:00:00","first_app:topface AND platform:vk","_exists_:(user_mau.1708.topfacemobappandroid OR user_mau.1708.topfacemobappios OR user_mau.1708.topface OR user_mau.1708.standalonetf)",0
"2017-09-01 00:00:00","first_app:topface AND platform:vk","_exists_:(user_mau.1709.topfacemobappandroid OR user_mau.1709.topfacemobappios OR user_mau.1709.topface OR user_mau.1709.standalonetf)",41
"2017-09-01 00:00:00","first_app:topface AND platform:vk","_exists_:(user_mau.1710.topfacemobappandroid OR user_mau.1710.topfacemobappios OR user_mau.1710.topface OR user_mau.1710.standalonetf)",17
"2017-09-01 00:00:00","first_app:topface AND platform:vk","_exists_:(user_mau.1711.topfacemobappandroid OR user_mau.1711.topfacemobappios OR user_mau.1711.topface OR user_mau.1711.standalonetf)",10
"2017-09-01 00:00:00","first_app:topface AND platform:vk","_exists_:(user_mau.1712.topfacemobappandroid OR user_mau.1712.topfacemobappios OR user_mau.1712.topface OR user_mau.1712.standalonetf)",12
"2017-09-01 00:00:00","first_app:topface AND platform:vk","_exists_:(user_mau.1801.topfacemobappandroid OR user_mau.1801.topfacemobappios OR user_mau.1801.topface OR user_mau.1801.standalonetf)",9
"2017-09-01 00:00:00","first_app:topface AND platform:vk","_exists_:(user_mau.1802.topfacemobappandroid OR user_mau.1802.topfacemobappios OR user_mau.1802.topface OR user_mau.1802.standalonetf)",8
"2017-09-01 00:00:00","first_app:topface AND platform:ok","*",0
"2017-09-01 00:00:00","first_app:topface AND platform:ok","_exists_:(user_mau.1501.topfacemobappandroid OR user_mau.1501.topfacemobappios OR user_mau.1501.topface OR user_mau.1501.standalonetf)",0
"2017-09-01 00:00:00","first_app:topface AND platform:ok","_exists_:(user_mau.1502.topfacemobappandroid OR user_mau.1502.topfacemobappios OR user_mau.1502.topface OR user_mau.1502.standalonetf)",0
"2017-09-01 00:00:00","first_app:topface AND platform:ok","_exists_:(user_mau.1503.topfacemobappandroid OR user_mau.1503.topfacemobappios OR user_mau.1503.topface OR user_mau.1503.standalonetf)",0
"2017-09-01 00:00:00","first_app:topface AND platform:ok","_exists_:(user_mau.1504.topfacemobappandroid OR user_mau.1504.topfacemobappios OR user_mau.1504.topface OR user_mau.1504.standalonetf)",0
"2017-09-01 00:00:00","first_app:topface AND platform:ok","_exists_:(user_mau.1505.topfacemobappandroid OR user_mau.1505.topfacemobappios OR user_mau.1505.topface OR user_mau.1505.standalonetf)",0
"2017-09-01 00:00:00","first_app:topface AND platform:ok","_exists_:(user_mau.1506.topfacemobappandroid OR user_mau.1506.topfacemobappios OR user_mau.1506.topface OR user_mau.1506.standalonetf)",0
"2017-09-01 00:00:00","first_app:topface AND platform:ok","_exists_:(user_mau.1507.topfacemobappandroid OR user_mau.1507.topfacemobappios OR user_mau.1507.topface OR user_mau.1507.standalonetf)",0
"2017-09-01 00:00:00","first_app:topface AND platform:ok","_exists_:(user_mau.1508.topfacemobappandroid OR user_mau.1508.topfacemobappios OR user_mau.1508.topface OR user_mau.1508.standalonetf)",0
"2017-09-01 00:00:00","first_app:topface AND platform:ok","_exists_:(user_mau.1509.topfacemobappandroid OR user_mau.1509.topfacemobappios OR user_mau.1509.topface OR user_mau.1509.standalonetf)",0
"2017-09-01 00:00:00","first_app:topface AND platform:ok","_exists_:(user_mau.1510.topfacemobappandroid OR user_mau.1510.topfacemobappios OR user_mau.1510.topface OR user_mau.1510.standalonetf)",0
"2017-09-01 00:00:00","first_app:topface AND platform:ok","_exists_:(user_mau.1511.topfacemobappandroid OR user_mau.1511.topfacemobappios OR user_mau.1511.topface OR user_mau.1511.standalonetf)",0
"2017-09-01 00:00:00","first_app:topface AND platform:ok","_exists_:(user_mau.1512.topfacemobappandroid OR user_mau.1512.topfacemobappios OR user_mau.1512.topface OR user_mau.1512.standalonetf)",0
"2017-09-01 00:00:00","first_app:topface AND platform:ok","_exists_:(user_mau.1601.topfacemobappandroid OR user_mau.1601.topfacemobappios OR user_mau.1601.topface OR user_mau.1601.standalonetf)",0
"2017-09-01 00:00:00","first_app:topface AND platform:ok","_exists_:(user_mau.1602.topfacemobappandroid OR user_mau.1602.topfacemobappios OR user_mau.1602.topface OR user_mau.1602.standalonetf)",0
"2017-09-01 00:00:00","first_app:topface AND platform:ok","_exists_:(user_mau.1603.topfacemobappandroid OR user_mau.1603.topfacemobappios OR user_mau.1603.topface OR user_mau.1603.standalonetf)",0
"2017-09-01 00:00:00","first_app:topface AND platform:ok","_exists_:(user_mau.1604.topfacemobappandroid OR user_mau.1604.topfacemobappios OR user_mau.1604.topface OR user_mau.1604.standalonetf)",0
"2017-09-01 00:00:00","first_app:topface AND platform:ok","_exists_:(user_mau.1605.topfacemobappandroid OR user_mau.1605.topfacemobappios OR user_mau.1605.topface OR user_mau.1605.standalonetf)",0
"2017-09-01 00:00:00","first_app:topface AND platform:ok","_exists_:(user_mau.1606.topfacemobappandroid OR user_mau.1606.topfacemobappios OR user_mau.1606.topface OR user_mau.1606.standalonetf)",0
"2017-09-01 00:00:00","first_app:topface AND platform:ok","_exists_:(user_mau.1607.topfacemobappandroid OR user_mau.1607.topfacemobappios OR user_mau.1607.topface OR user_mau.1607.standalonetf)",0
"2017-09-01 00:00:00","first_app:topface AND platform:ok","_exists_:(user_mau.1608.topfacemobappandroid OR user_mau.1608.topfacemobappios OR user_mau.1608.topface OR user_mau.1608.standalonetf)",0
"2017-09-01 00:00:00","first_app:topface AND platform:ok","_exists_:(user_mau.1609.topfacemobappandroid OR user_mau.1609.topfacemobappios OR user_mau.1609.topface OR user_mau.1609.standalonetf)",0
"2017-09-01 00:00:00","first_app:topface AND platform:ok","_exists_:(user_mau.1610.topfacemobappandroid OR user_mau.1610.topfacemobappios OR user_mau.1610.topface OR user_mau.1610.standalonetf)",0
"2017-09-01 00:00:00","first_app:topface AND platform:ok","_exists_:(user_mau.1611.topfacemobappandroid OR user_mau.1611.topfacemobappios OR user_mau.1611.topface OR user_mau.1611.standalonetf)",0
"2017-09-01 00:00:00","first_app:topface AND platform:ok","_exists_:(user_mau.1612.topfacemobappandroid OR user_mau.1612.topfacemobappios OR user_mau.1612.topface OR user_mau.1612.standalonetf)",0
"2017-09-01 00:00:00","first_app:topface AND platform:ok","_exists_:(user_mau.1701.topfacemobappandroid OR user_mau.1701.topfacemobappios OR user_mau.1701.topface OR user_mau.1701.standalonetf)",0
"2017-09-01 00:00:00","first_app:topface AND platform:ok","_exists_:(user_mau.1702.topfacemobappandroid OR user_mau.1702.topfacemobappios OR user_mau.1702.topface OR user_mau.1702.standalonetf)",0
"2017-09-01 00:00:00","first_app:topface AND platform:ok","_exists_:(user_mau.1703.topfacemobappandroid OR user_mau.1703.topfacemobappios OR user_mau.1703.topface OR user_mau.1703.standalonetf)",0
"2017-09-01 00:00:00","first_app:topface AND platform:ok","_exists_:(user_mau.1704.topfacemobappandroid OR user_mau.1704.topfacemobappios OR user_mau.1704.topface OR user_mau.1704.standalonetf)",0
"2017-09-01 00:00:00","first_app:topface AND platform:ok","_exists_:(user_mau.1705.topfacemobappandroid OR user_mau.1705.topfacemobappios OR user_mau.1705.topface OR user_mau.1705.standalonetf)",0
"2017-09-01 00:00:00","first_app:topface AND platform:ok","_exists_:(user_mau.1706.topfacemobappandroid OR user_mau.1706.topfacemobappios OR user_mau.1706.topface OR user_mau.1706.standalonetf)",0
"2017-09-01 00:00:00","first_app:topface AND platform:ok","_exists_:(user_mau.1707.topfacemobappandroid OR user_mau.1707.topfacemobappios OR user_mau.1707.topface OR user_mau.1707.standalonetf)",0
"2017-09-01 00:00:00","first_app:topface AND platform:ok","_exists_:(user_mau.1708.topfacemobappandroid OR user_mau.1708.topfacemobappios OR user_mau.1708.topface OR user_mau.1708.standalonetf)",0
"2017-09-01 00:00:00","first_app:topface AND platform:ok","_exists_:(user_mau.1709.topfacemobappandroid OR user_mau.1709.topfacemobappios OR user_mau.1709.topface OR user_mau.1709.standalonetf)",0
"2017-09-01 00:00:00","first_app:topface AND platform:ok","_exists_:(user_mau.1710.topfacemobappandroid OR user_mau.1710.topfacemobappios OR user_mau.1710.topface OR user_mau.1710.standalonetf)",0
"2017-09-01 00:00:00","first_app:topface AND platform:ok","_exists_:(user_mau.1711.topfacemobappandroid OR user_mau.1711.topfacemobappios OR user_mau.1711.topface OR user_mau.1711.standalonetf)",0
"2017-09-01 00:00:00","first_app:topface AND platform:ok","_exists_:(user_mau.1712.topfacemobappandroid OR user_mau.1712.topfacemobappios OR user_mau.1712.topface OR user_mau.1712.standalonetf)",0
"2017-09-01 00:00:00","first_app:topface AND platform:ok","_exists_:(user_mau.1801.topfacemobappandroid OR user_mau.1801.topfacemobappios OR user_mau.1801.topface OR user_mau.1801.standalonetf)",0
"2017-09-01 00:00:00","first_app:topface AND platform:ok","_exists_:(user_mau.1802.topfacemobappandroid OR user_mau.1802.topfacemobappios OR user_mau.1802.topface OR user_mau.1802.standalonetf)",0
"2017-09-01 00:00:00","first_app:topface AND platform:fb","*",3
"2017-09-01 00:00:00","first_app:topface AND platform:fb","_exists_:(user_mau.1501.topfacemobappandroid OR user_mau.1501.topfacemobappios OR user_mau.1501.topface OR user_mau.1501.standalonetf)",0
"2017-09-01 00:00:00","first_app:topface AND platform:fb","_exists_:(user_mau.1502.topfacemobappandroid OR user_mau.1502.topfacemobappios OR user_mau.1502.topface OR user_mau.1502.standalonetf)",0
"2017-09-01 00:00:00","first_app:topface AND platform:fb","_exists_:(user_mau.1503.topfacemobappandroid OR user_mau.1503.topfacemobappios OR user_mau.1503.topface OR user_mau.1503.standalonetf)",0
"2017-09-01 00:00:00","first_app:topface AND platform:fb","_exists_:(user_mau.1504.topfacemobappandroid OR user_mau.1504.topfacemobappios OR user_mau.1504.topface OR user_mau.1504.standalonetf)",0
"2017-09-01 00:00:00","first_app:topface AND platform:fb","_exists_:(user_mau.1505.topfacemobappandroid OR user_mau.1505.topfacemobappios OR user_mau.1505.topface OR user_mau.1505.standalonetf)",0
"2017-09-01 00:00:00","first_app:topface AND platform:fb","_exists_:(user_mau.1506.topfacemobappandroid OR user_mau.1506.topfacemobappios OR user_mau.1506.topface OR user_mau.1506.standalonetf)",0
"2017-09-01 00:00:00","first_app:topface AND platform:fb","_exists_:(user_mau.1507.topfacemobappandroid OR user_mau.1507.topfacemobappios OR user_mau.1507.topface OR user_mau.1507.standalonetf)",0
"2017-09-01 00:00:00","first_app:topface AND platform:fb","_exists_:(user_mau.1508.topfacemobappandroid OR user_mau.1508.topfacemobappios OR user_mau.1508.topface OR user_mau.1508.standalonetf)",0
"2017-09-01 00:00:00","first_app:topface AND platform:fb","_exists_:(user_mau.1509.topfacemobappandroid OR user_mau.1509.topfacemobappios OR user_mau.1509.topface OR user_mau.1509.standalonetf)",0
"2017-09-01 00:00:00","first_app:topface AND platform:fb","_exists_:(user_mau.1510.topfacemobappandroid OR user_mau.1510.topfacemobappios OR user_mau.1510.topface OR user_mau.1510.standalonetf)",0
"2017-09-01 00:00:00","first_app:topface AND platform:fb","_exists_:(user_mau.1511.topfacemobappandroid OR user_mau.1511.topfacemobappios OR user_mau.1511.topface OR user_mau.1511.standalonetf)",0
"2017-09-01 00:00:00","first_app:topface AND platform:fb","_exists_:(user_mau.1512.topfacemobappandroid OR user_mau.1512.topfacemobappios OR user_mau.1512.topface OR user_mau.1512.standalonetf)",0
"2017-09-01 00:00:00","first_app:topface AND platform:fb","_exists_:(user_mau.1601.topfacemobappandroid OR user_mau.1601.topfacemobappios OR user_mau.1601.topface OR user_mau.1601.standalonetf)",0
"2017-09-01 00:00:00","first_app:topface AND platform:fb","_exists_:(user_mau.1602.topfacemobappandroid OR user_mau.1602.topfacemobappios OR user_mau.1602.topface OR user_mau.1602.standalonetf)",0
"2017-09-01 00:00:00","first_app:topface AND platform:fb","_exists_:(user_mau.1603.topfacemobappandroid OR user_mau.1603.topfacemobappios OR user_mau.1603.topface OR user_mau.1603.standalonetf)",0
"2017-09-01 00:00:00","first_app:topface AND platform:fb","_exists_:(user_mau.1604.topfacemobappandroid OR user_mau.1604.topfacemobappios OR user_mau.1604.topface OR user_mau.1604.standalonetf)",0
"2017-09-01 00:00:00","first_app:topface AND platform:fb","_exists_:(user_mau.1605.topfacemobappandroid OR user_mau.1605.topfacemobappios OR user_mau.1605.topface OR user_mau.1605.standalonetf)",0
"2017-09-01 00:00:00","first_app:topface AND platform:fb","_exists_:(user_mau.1606.topfacemobappandroid OR user_mau.1606.topfacemobappios OR user_mau.1606.topface OR user_mau.1606.standalonetf)",0
"2017-09-01 00:00:00","first_app:topface AND platform:fb","_exists_:(user_mau.1607.topfacemobappandroid OR user_mau.1607.topfacemobappios OR user_mau.1607.topface OR user_mau.1607.standalonetf)",0
"2017-09-01 00:00:00","first_app:topface AND platform:fb","_exists_:(user_mau.1608.topfacemobappandroid OR user_mau.1608.topfacemobappios OR user_mau.1608.topface OR user_mau.1608.standalonetf)",0
"2017-09-01 00:00:00","first_app:topface AND platform:fb","_exists_:(user_mau.1609.topfacemobappandroid OR user_mau.1609.topfacemobappios OR user_mau.1609.topface OR user_mau.1609.standalonetf)",0
"2017-09-01 00:00:00","first_app:topface AND platform:fb","_exists_:(user_mau.1610.topfacemobappandroid OR user_mau.1610.topfacemobappios OR user_mau.1610.topface OR user_mau.1610.standalonetf)",0
"2017-09-01 00:00:00","first_app:topface AND platform:fb","_exists_:(user_mau.1611.topfacemobappandroid OR user_mau.1611.topfacemobappios OR user_mau.1611.topface OR user_mau.1611.standalonetf)",0
"2017-09-01 00:00:00","first_app:topface AND platform:fb","_exists_:(user_mau.1612.topfacemobappandroid OR user_mau.1612.topfacemobappios OR user_mau.1612.topface OR user_mau.1612.standalonetf)",0
"2017-09-01 00:00:00","first_app:topface AND platform:fb","_exists_:(user_mau.1701.topfacemobappandroid OR user_mau.1701.topfacemobappios OR user_mau.1701.topface OR user_mau.1701.standalonetf)",0
"2017-09-01 00:00:00","first_app:topface AND platform:fb","_exists_:(user_mau.1702.topfacemobappandroid OR user_mau.1702.topfacemobappios OR user_mau.1702.topface OR user_mau.1702.standalonetf)",0
"2017-09-01 00:00:00","first_app:topface AND platform:fb","_exists_:(user_mau.1703.topfacemobappandroid OR user_mau.1703.topfacemobappios OR user_mau.1703.topface OR user_mau.1703.standalonetf)",0
"2017-09-01 00:00:00","first_app:topface AND platform:fb","_exists_:(user_mau.1704.topfacemobappandroid OR user_mau.1704.topfacemobappios OR user_mau.1704.topface OR user_mau.1704.standalonetf)",0
"2017-09-01 00:00:00","first_app:topface AND platform:fb","_exists_:(user_mau.1705.topfacemobappandroid OR user_mau.1705.topfacemobappios OR user_mau.1705.topface OR user_mau.1705.standalonetf)",0
"2017-09-01 00:00:00","first_app:topface AND platform:fb","_exists_:(user_mau.1706.topfacemobappandroid OR user_mau.1706.topfacemobappios OR user_mau.1706.topface OR user_mau.1706.standalonetf)",0
"2017-09-01 00:00:00","first_app:topface AND platform:fb","_exists_:(user_mau.1707.topfacemobappandroid OR user_mau.1707.topfacemobappios OR user_mau.1707.topface OR user_mau.1707.standalonetf)",0
"2017-09-01 00:00:00","first_app:topface AND platform:fb","_exists_:(user_mau.1708.topfacemobappandroid OR user_mau.1708.topfacemobappios OR user_mau.1708.topface OR user_mau.1708.standalonetf)",0
"2017-09-01 00:00:00","first_app:topface AND platform:fb","_exists_:(user_mau.1709.topfacemobappandroid OR user_mau.1709.topfacemobappios OR user_mau.1709.topface OR user_mau.1709.standalonetf)",3
"2017-09-01 00:00:00","first_app:topface AND platform:fb","_exists_:(user_mau.1710.topfacemobappandroid OR user_mau.1710.topfacemobappios OR user_mau.1710.topface OR user_mau.1710.standalonetf)",0
"2017-09-01 00:00:00","first_app:topface AND platform:fb","_exists_:(user_mau.1711.topfacemobappandroid OR user_mau.1711.topfacemobappios OR user_mau.1711.topface OR user_mau.1711.standalonetf)",1
"2017-09-01 00:00:00","first_app:topface AND platform:fb","_exists_:(user_mau.1712.topfacemobappandroid OR user_mau.1712.topfacemobappios OR user_mau.1712.topface OR user_mau.1712.standalonetf)",0
"2017-09-01 00:00:00","first_app:topface AND platform:fb","_exists_:(user_mau.1801.topfacemobappandroid OR user_mau.1801.topfacemobappios OR user_mau.1801.topface OR user_mau.1801.standalonetf)",0
"2017-09-01 00:00:00","first_app:topface AND platform:fb","_exists_:(user_mau.1802.topfacemobappandroid OR user_mau.1802.topfacemobappios OR user_mau.1802.topface OR user_mau.1802.standalonetf)",1
"2017-10-01 00:00:00","first_app:topfacemobappandroid","*","209,466"
"2017-10-01 00:00:00","first_app:topfacemobappandroid","_exists_:(user_mau.1501.topfacemobappandroid OR user_mau.1501.topfacemobappios OR user_mau.1501.topface OR user_mau.1501.standalonetf)",0
"2017-10-01 00:00:00","first_app:topfacemobappandroid","_exists_:(user_mau.1502.topfacemobappandroid OR user_mau.1502.topfacemobappios OR user_mau.1502.topface OR user_mau.1502.standalonetf)",0
"2017-10-01 00:00:00","first_app:topfacemobappandroid","_exists_:(user_mau.1503.topfacemobappandroid OR user_mau.1503.topfacemobappios OR user_mau.1503.topface OR user_mau.1503.standalonetf)",0
"2017-10-01 00:00:00","first_app:topfacemobappandroid","_exists_:(user_mau.1504.topfacemobappandroid OR user_mau.1504.topfacemobappios OR user_mau.1504.topface OR user_mau.1504.standalonetf)",0
"2017-10-01 00:00:00","first_app:topfacemobappandroid","_exists_:(user_mau.1505.topfacemobappandroid OR user_mau.1505.topfacemobappios OR user_mau.1505.topface OR user_mau.1505.standalonetf)",0
"2017-10-01 00:00:00","first_app:topfacemobappandroid","_exists_:(user_mau.1506.topfacemobappandroid OR user_mau.1506.topfacemobappios OR user_mau.1506.topface OR user_mau.1506.standalonetf)",0
"2017-10-01 00:00:00","first_app:topfacemobappandroid","_exists_:(user_mau.1507.topfacemobappandroid OR user_mau.1507.topfacemobappios OR user_mau.1507.topface OR user_mau.1507.standalonetf)",0
"2017-10-01 00:00:00","first_app:topfacemobappandroid","_exists_:(user_mau.1508.topfacemobappandroid OR user_mau.1508.topfacemobappios OR user_mau.1508.topface OR user_mau.1508.standalonetf)",0
"2017-10-01 00:00:00","first_app:topfacemobappandroid","_exists_:(user_mau.1509.topfacemobappandroid OR user_mau.1509.topfacemobappios OR user_mau.1509.topface OR user_mau.1509.standalonetf)",0
"2017-10-01 00:00:00","first_app:topfacemobappandroid","_exists_:(user_mau.1510.topfacemobappandroid OR user_mau.1510.topfacemobappios OR user_mau.1510.topface OR user_mau.1510.standalonetf)",0
"2017-10-01 00:00:00","first_app:topfacemobappandroid","_exists_:(user_mau.1511.topfacemobappandroid OR user_mau.1511.topfacemobappios OR user_mau.1511.topface OR user_mau.1511.standalonetf)",0
"2017-10-01 00:00:00","first_app:topfacemobappandroid","_exists_:(user_mau.1512.topfacemobappandroid OR user_mau.1512.topfacemobappios OR user_mau.1512.topface OR user_mau.1512.standalonetf)",0
"2017-10-01 00:00:00","first_app:topfacemobappandroid","_exists_:(user_mau.1601.topfacemobappandroid OR user_mau.1601.topfacemobappios OR user_mau.1601.topface OR user_mau.1601.standalonetf)",0
"2017-10-01 00:00:00","first_app:topfacemobappandroid","_exists_:(user_mau.1602.topfacemobappandroid OR user_mau.1602.topfacemobappios OR user_mau.1602.topface OR user_mau.1602.standalonetf)",0
"2017-10-01 00:00:00","first_app:topfacemobappandroid","_exists_:(user_mau.1603.topfacemobappandroid OR user_mau.1603.topfacemobappios OR user_mau.1603.topface OR user_mau.1603.standalonetf)",0
"2017-10-01 00:00:00","first_app:topfacemobappandroid","_exists_:(user_mau.1604.topfacemobappandroid OR user_mau.1604.topfacemobappios OR user_mau.1604.topface OR user_mau.1604.standalonetf)",0
"2017-10-01 00:00:00","first_app:topfacemobappandroid","_exists_:(user_mau.1605.topfacemobappandroid OR user_mau.1605.topfacemobappios OR user_mau.1605.topface OR user_mau.1605.standalonetf)",0
"2017-10-01 00:00:00","first_app:topfacemobappandroid","_exists_:(user_mau.1606.topfacemobappandroid OR user_mau.1606.topfacemobappios OR user_mau.1606.topface OR user_mau.1606.standalonetf)",0
"2017-10-01 00:00:00","first_app:topfacemobappandroid","_exists_:(user_mau.1607.topfacemobappandroid OR user_mau.1607.topfacemobappios OR user_mau.1607.topface OR user_mau.1607.standalonetf)",0
"2017-10-01 00:00:00","first_app:topfacemobappandroid","_exists_:(user_mau.1608.topfacemobappandroid OR user_mau.1608.topfacemobappios OR user_mau.1608.topface OR user_mau.1608.standalonetf)",0
"2017-10-01 00:00:00","first_app:topfacemobappandroid","_exists_:(user_mau.1609.topfacemobappandroid OR user_mau.1609.topfacemobappios OR user_mau.1609.topface OR user_mau.1609.standalonetf)",0
"2017-10-01 00:00:00","first_app:topfacemobappandroid","_exists_:(user_mau.1610.topfacemobappandroid OR user_mau.1610.topfacemobappios OR user_mau.1610.topface OR user_mau.1610.standalonetf)",0
"2017-10-01 00:00:00","first_app:topfacemobappandroid","_exists_:(user_mau.1611.topfacemobappandroid OR user_mau.1611.topfacemobappios OR user_mau.1611.topface OR user_mau.1611.standalonetf)",0
"2017-10-01 00:00:00","first_app:topfacemobappandroid","_exists_:(user_mau.1612.topfacemobappandroid OR user_mau.1612.topfacemobappios OR user_mau.1612.topface OR user_mau.1612.standalonetf)",0
"2017-10-01 00:00:00","first_app:topfacemobappandroid","_exists_:(user_mau.1701.topfacemobappandroid OR user_mau.1701.topfacemobappios OR user_mau.1701.topface OR user_mau.1701.standalonetf)",0
"2017-10-01 00:00:00","first_app:topfacemobappandroid","_exists_:(user_mau.1702.topfacemobappandroid OR user_mau.1702.topfacemobappios OR user_mau.1702.topface OR user_mau.1702.standalonetf)",0
"2017-10-01 00:00:00","first_app:topfacemobappandroid","_exists_:(user_mau.1703.topfacemobappandroid OR user_mau.1703.topfacemobappios OR user_mau.1703.topface OR user_mau.1703.standalonetf)",0
"2017-10-01 00:00:00","first_app:topfacemobappandroid","_exists_:(user_mau.1704.topfacemobappandroid OR user_mau.1704.topfacemobappios OR user_mau.1704.topface OR user_mau.1704.standalonetf)",0
"2017-10-01 00:00:00","first_app:topfacemobappandroid","_exists_:(user_mau.1705.topfacemobappandroid OR user_mau.1705.topfacemobappios OR user_mau.1705.topface OR user_mau.1705.standalonetf)",0
"2017-10-01 00:00:00","first_app:topfacemobappandroid","_exists_:(user_mau.1706.topfacemobappandroid OR user_mau.1706.topfacemobappios OR user_mau.1706.topface OR user_mau.1706.standalonetf)",0
"2017-10-01 00:00:00","first_app:topfacemobappandroid","_exists_:(user_mau.1707.topfacemobappandroid OR user_mau.1707.topfacemobappios OR user_mau.1707.topface OR user_mau.1707.standalonetf)",0
"2017-10-01 00:00:00","first_app:topfacemobappandroid","_exists_:(user_mau.1708.topfacemobappandroid OR user_mau.1708.topfacemobappios OR user_mau.1708.topface OR user_mau.1708.standalonetf)",0
"2017-10-01 00:00:00","first_app:topfacemobappandroid","_exists_:(user_mau.1709.topfacemobappandroid OR user_mau.1709.topfacemobappios OR user_mau.1709.topface OR user_mau.1709.standalonetf)",0
"2017-10-01 00:00:00","first_app:topfacemobappandroid","_exists_:(user_mau.1710.topfacemobappandroid OR user_mau.1710.topfacemobappios OR user_mau.1710.topface OR user_mau.1710.standalonetf)","209,466"
"2017-10-01 00:00:00","first_app:topfacemobappandroid","_exists_:(user_mau.1711.topfacemobappandroid OR user_mau.1711.topfacemobappios OR user_mau.1711.topface OR user_mau.1711.standalonetf)","33,748"
"2017-10-01 00:00:00","first_app:topfacemobappandroid","_exists_:(user_mau.1712.topfacemobappandroid OR user_mau.1712.topfacemobappios OR user_mau.1712.topface OR user_mau.1712.standalonetf)","16,725"
"2017-10-01 00:00:00","first_app:topfacemobappandroid","_exists_:(user_mau.1801.topfacemobappandroid OR user_mau.1801.topfacemobappios OR user_mau.1801.topface OR user_mau.1801.standalonetf)","9,790"
"2017-10-01 00:00:00","first_app:topfacemobappandroid","_exists_:(user_mau.1802.topfacemobappandroid OR user_mau.1802.topfacemobappios OR user_mau.1802.topface OR user_mau.1802.standalonetf)","7,649"
"2017-10-01 00:00:00","first_app:topfacemobappios","*","44,302"
"2017-10-01 00:00:00","first_app:topfacemobappios","_exists_:(user_mau.1501.topfacemobappandroid OR user_mau.1501.topfacemobappios OR user_mau.1501.topface OR user_mau.1501.standalonetf)",0
"2017-10-01 00:00:00","first_app:topfacemobappios","_exists_:(user_mau.1502.topfacemobappandroid OR user_mau.1502.topfacemobappios OR user_mau.1502.topface OR user_mau.1502.standalonetf)",0
"2017-10-01 00:00:00","first_app:topfacemobappios","_exists_:(user_mau.1503.topfacemobappandroid OR user_mau.1503.topfacemobappios OR user_mau.1503.topface OR user_mau.1503.standalonetf)",0
"2017-10-01 00:00:00","first_app:topfacemobappios","_exists_:(user_mau.1504.topfacemobappandroid OR user_mau.1504.topfacemobappios OR user_mau.1504.topface OR user_mau.1504.standalonetf)",0
"2017-10-01 00:00:00","first_app:topfacemobappios","_exists_:(user_mau.1505.topfacemobappandroid OR user_mau.1505.topfacemobappios OR user_mau.1505.topface OR user_mau.1505.standalonetf)",0
"2017-10-01 00:00:00","first_app:topfacemobappios","_exists_:(user_mau.1506.topfacemobappandroid OR user_mau.1506.topfacemobappios OR user_mau.1506.topface OR user_mau.1506.standalonetf)",0
"2017-10-01 00:00:00","first_app:topfacemobappios","_exists_:(user_mau.1507.topfacemobappandroid OR user_mau.1507.topfacemobappios OR user_mau.1507.topface OR user_mau.1507.standalonetf)",0
"2017-10-01 00:00:00","first_app:topfacemobappios","_exists_:(user_mau.1508.topfacemobappandroid OR user_mau.1508.topfacemobappios OR user_mau.1508.topface OR user_mau.1508.standalonetf)",0
"2017-10-01 00:00:00","first_app:topfacemobappios","_exists_:(user_mau.1509.topfacemobappandroid OR user_mau.1509.topfacemobappios OR user_mau.1509.topface OR user_mau.1509.standalonetf)",0
"2017-10-01 00:00:00","first_app:topfacemobappios","_exists_:(user_mau.1510.topfacemobappandroid OR user_mau.1510.topfacemobappios OR user_mau.1510.topface OR user_mau.1510.standalonetf)",0
"2017-10-01 00:00:00","first_app:topfacemobappios","_exists_:(user_mau.1511.topfacemobappandroid OR user_mau.1511.topfacemobappios OR user_mau.1511.topface OR user_mau.1511.standalonetf)",0
"2017-10-01 00:00:00","first_app:topfacemobappios","_exists_:(user_mau.1512.topfacemobappandroid OR user_mau.1512.topfacemobappios OR user_mau.1512.topface OR user_mau.1512.standalonetf)",0
"2017-10-01 00:00:00","first_app:topfacemobappios","_exists_:(user_mau.1601.topfacemobappandroid OR user_mau.1601.topfacemobappios OR user_mau.1601.topface OR user_mau.1601.standalonetf)",0
"2017-10-01 00:00:00","first_app:topfacemobappios","_exists_:(user_mau.1602.topfacemobappandroid OR user_mau.1602.topfacemobappios OR user_mau.1602.topface OR user_mau.1602.standalonetf)",0
"2017-10-01 00:00:00","first_app:topfacemobappios","_exists_:(user_mau.1603.topfacemobappandroid OR user_mau.1603.topfacemobappios OR user_mau.1603.topface OR user_mau.1603.standalonetf)",0
"2017-10-01 00:00:00","first_app:topfacemobappios","_exists_:(user_mau.1604.topfacemobappandroid OR user_mau.1604.topfacemobappios OR user_mau.1604.topface OR user_mau.1604.standalonetf)",0
"2017-10-01 00:00:00","first_app:topfacemobappios","_exists_:(user_mau.1605.topfacemobappandroid OR user_mau.1605.topfacemobappios OR user_mau.1605.topface OR user_mau.1605.standalonetf)",0
"2017-10-01 00:00:00","first_app:topfacemobappios","_exists_:(user_mau.1606.topfacemobappandroid OR user_mau.1606.topfacemobappios OR user_mau.1606.topface OR user_mau.1606.standalonetf)",0
"2017-10-01 00:00:00","first_app:topfacemobappios","_exists_:(user_mau.1607.topfacemobappandroid OR user_mau.1607.topfacemobappios OR user_mau.1607.topface OR user_mau.1607.standalonetf)",0
"2017-10-01 00:00:00","first_app:topfacemobappios","_exists_:(user_mau.1608.topfacemobappandroid OR user_mau.1608.topfacemobappios OR user_mau.1608.topface OR user_mau.1608.standalonetf)",0
"2017-10-01 00:00:00","first_app:topfacemobappios","_exists_:(user_mau.1609.topfacemobappandroid OR user_mau.1609.topfacemobappios OR user_mau.1609.topface OR user_mau.1609.standalonetf)",0
"2017-10-01 00:00:00","first_app:topfacemobappios","_exists_:(user_mau.1610.topfacemobappandroid OR user_mau.1610.topfacemobappios OR user_mau.1610.topface OR user_mau.1610.standalonetf)",0
"2017-10-01 00:00:00","first_app:topfacemobappios","_exists_:(user_mau.1611.topfacemobappandroid OR user_mau.1611.topfacemobappios OR user_mau.1611.topface OR user_mau.1611.standalonetf)",0
"2017-10-01 00:00:00","first_app:topfacemobappios","_exists_:(user_mau.1612.topfacemobappandroid OR user_mau.1612.topfacemobappios OR user_mau.1612.topface OR user_mau.1612.standalonetf)",0
"2017-10-01 00:00:00","first_app:topfacemobappios","_exists_:(user_mau.1701.topfacemobappandroid OR user_mau.1701.topfacemobappios OR user_mau.1701.topface OR user_mau.1701.standalonetf)",0
"2017-10-01 00:00:00","first_app:topfacemobappios","_exists_:(user_mau.1702.topfacemobappandroid OR user_mau.1702.topfacemobappios OR user_mau.1702.topface OR user_mau.1702.standalonetf)",0
"2017-10-01 00:00:00","first_app:topfacemobappios","_exists_:(user_mau.1703.topfacemobappandroid OR user_mau.1703.topfacemobappios OR user_mau.1703.topface OR user_mau.1703.standalonetf)",0
"2017-10-01 00:00:00","first_app:topfacemobappios","_exists_:(user_mau.1704.topfacemobappandroid OR user_mau.1704.topfacemobappios OR user_mau.1704.topface OR user_mau.1704.standalonetf)",0
"2017-10-01 00:00:00","first_app:topfacemobappios","_exists_:(user_mau.1705.topfacemobappandroid OR user_mau.1705.topfacemobappios OR user_mau.1705.topface OR user_mau.1705.standalonetf)",0
"2017-10-01 00:00:00","first_app:topfacemobappios","_exists_:(user_mau.1706.topfacemobappandroid OR user_mau.1706.topfacemobappios OR user_mau.1706.topface OR user_mau.1706.standalonetf)",0
"2017-10-01 00:00:00","first_app:topfacemobappios","_exists_:(user_mau.1707.topfacemobappandroid OR user_mau.1707.topfacemobappios OR user_mau.1707.topface OR user_mau.1707.standalonetf)",0
"2017-10-01 00:00:00","first_app:topfacemobappios","_exists_:(user_mau.1708.topfacemobappandroid OR user_mau.1708.topfacemobappios OR user_mau.1708.topface OR user_mau.1708.standalonetf)",0
"2017-10-01 00:00:00","first_app:topfacemobappios","_exists_:(user_mau.1709.topfacemobappandroid OR user_mau.1709.topfacemobappios OR user_mau.1709.topface OR user_mau.1709.standalonetf)",0
"2017-10-01 00:00:00","first_app:topfacemobappios","_exists_:(user_mau.1710.topfacemobappandroid OR user_mau.1710.topfacemobappios OR user_mau.1710.topface OR user_mau.1710.standalonetf)","44,302"
"2017-10-01 00:00:00","first_app:topfacemobappios","_exists_:(user_mau.1711.topfacemobappandroid OR user_mau.1711.topfacemobappios OR user_mau.1711.topface OR user_mau.1711.standalonetf)","7,565"
"2017-10-01 00:00:00","first_app:topfacemobappios","_exists_:(user_mau.1712.topfacemobappandroid OR user_mau.1712.topfacemobappios OR user_mau.1712.topface OR user_mau.1712.standalonetf)","3,352"
"2017-10-01 00:00:00","first_app:topfacemobappios","_exists_:(user_mau.1801.topfacemobappandroid OR user_mau.1801.topfacemobappios OR user_mau.1801.topface OR user_mau.1801.standalonetf)","2,082"
"2017-10-01 00:00:00","first_app:topfacemobappios","_exists_:(user_mau.1802.topfacemobappandroid OR user_mau.1802.topfacemobappios OR user_mau.1802.topface OR user_mau.1802.standalonetf)","1,353"
"2017-10-01 00:00:00","first_app:standalonetf","*","1,301"
"2017-10-01 00:00:00","first_app:standalonetf","_exists_:(user_mau.1501.topfacemobappandroid OR user_mau.1501.topfacemobappios OR user_mau.1501.topface OR user_mau.1501.standalonetf)",0
"2017-10-01 00:00:00","first_app:standalonetf","_exists_:(user_mau.1502.topfacemobappandroid OR user_mau.1502.topfacemobappios OR user_mau.1502.topface OR user_mau.1502.standalonetf)",0
"2017-10-01 00:00:00","first_app:standalonetf","_exists_:(user_mau.1503.topfacemobappandroid OR user_mau.1503.topfacemobappios OR user_mau.1503.topface OR user_mau.1503.standalonetf)",0
"2017-10-01 00:00:00","first_app:standalonetf","_exists_:(user_mau.1504.topfacemobappandroid OR user_mau.1504.topfacemobappios OR user_mau.1504.topface OR user_mau.1504.standalonetf)",0
"2017-10-01 00:00:00","first_app:standalonetf","_exists_:(user_mau.1505.topfacemobappandroid OR user_mau.1505.topfacemobappios OR user_mau.1505.topface OR user_mau.1505.standalonetf)",0
"2017-10-01 00:00:00","first_app:standalonetf","_exists_:(user_mau.1506.topfacemobappandroid OR user_mau.1506.topfacemobappios OR user_mau.1506.topface OR user_mau.1506.standalonetf)",0
"2017-10-01 00:00:00","first_app:standalonetf","_exists_:(user_mau.1507.topfacemobappandroid OR user_mau.1507.topfacemobappios OR user_mau.1507.topface OR user_mau.1507.standalonetf)",0
"2017-10-01 00:00:00","first_app:standalonetf","_exists_:(user_mau.1508.topfacemobappandroid OR user_mau.1508.topfacemobappios OR user_mau.1508.topface OR user_mau.1508.standalonetf)",0
"2017-10-01 00:00:00","first_app:standalonetf","_exists_:(user_mau.1509.topfacemobappandroid OR user_mau.1509.topfacemobappios OR user_mau.1509.topface OR user_mau.1509.standalonetf)",0
"2017-10-01 00:00:00","first_app:standalonetf","_exists_:(user_mau.1510.topfacemobappandroid OR user_mau.1510.topfacemobappios OR user_mau.1510.topface OR user_mau.1510.standalonetf)",0
"2017-10-01 00:00:00","first_app:standalonetf","_exists_:(user_mau.1511.topfacemobappandroid OR user_mau.1511.topfacemobappios OR user_mau.1511.topface OR user_mau.1511.standalonetf)",0
"2017-10-01 00:00:00","first_app:standalonetf","_exists_:(user_mau.1512.topfacemobappandroid OR user_mau.1512.topfacemobappios OR user_mau.1512.topface OR user_mau.1512.standalonetf)",0
"2017-10-01 00:00:00","first_app:standalonetf","_exists_:(user_mau.1601.topfacemobappandroid OR user_mau.1601.topfacemobappios OR user_mau.1601.topface OR user_mau.1601.standalonetf)",0
"2017-10-01 00:00:00","first_app:standalonetf","_exists_:(user_mau.1602.topfacemobappandroid OR user_mau.1602.topfacemobappios OR user_mau.1602.topface OR user_mau.1602.standalonetf)",0
"2017-10-01 00:00:00","first_app:standalonetf","_exists_:(user_mau.1603.topfacemobappandroid OR user_mau.1603.topfacemobappios OR user_mau.1603.topface OR user_mau.1603.standalonetf)",0
"2017-10-01 00:00:00","first_app:standalonetf","_exists_:(user_mau.1604.topfacemobappandroid OR user_mau.1604.topfacemobappios OR user_mau.1604.topface OR user_mau.1604.standalonetf)",0
"2017-10-01 00:00:00","first_app:standalonetf","_exists_:(user_mau.1605.topfacemobappandroid OR user_mau.1605.topfacemobappios OR user_mau.1605.topface OR user_mau.1605.standalonetf)",0
"2017-10-01 00:00:00","first_app:standalonetf","_exists_:(user_mau.1606.topfacemobappandroid OR user_mau.1606.topfacemobappios OR user_mau.1606.topface OR user_mau.1606.standalonetf)",0
"2017-10-01 00:00:00","first_app:standalonetf","_exists_:(user_mau.1607.topfacemobappandroid OR user_mau.1607.topfacemobappios OR user_mau.1607.topface OR user_mau.1607.standalonetf)",0
"2017-10-01 00:00:00","first_app:standalonetf","_exists_:(user_mau.1608.topfacemobappandroid OR user_mau.1608.topfacemobappios OR user_mau.1608.topface OR user_mau.1608.standalonetf)",0
"2017-10-01 00:00:00","first_app:standalonetf","_exists_:(user_mau.1609.topfacemobappandroid OR user_mau.1609.topfacemobappios OR user_mau.1609.topface OR user_mau.1609.standalonetf)",0
"2017-10-01 00:00:00","first_app:standalonetf","_exists_:(user_mau.1610.topfacemobappandroid OR user_mau.1610.topfacemobappios OR user_mau.1610.topface OR user_mau.1610.standalonetf)",0
"2017-10-01 00:00:00","first_app:standalonetf","_exists_:(user_mau.1611.topfacemobappandroid OR user_mau.1611.topfacemobappios OR user_mau.1611.topface OR user_mau.1611.standalonetf)",0
"2017-10-01 00:00:00","first_app:standalonetf","_exists_:(user_mau.1612.topfacemobappandroid OR user_mau.1612.topfacemobappios OR user_mau.1612.topface OR user_mau.1612.standalonetf)",0
"2017-10-01 00:00:00","first_app:standalonetf","_exists_:(user_mau.1701.topfacemobappandroid OR user_mau.1701.topfacemobappios OR user_mau.1701.topface OR user_mau.1701.standalonetf)",0
"2017-10-01 00:00:00","first_app:standalonetf","_exists_:(user_mau.1702.topfacemobappandroid OR user_mau.1702.topfacemobappios OR user_mau.1702.topface OR user_mau.1702.standalonetf)",0
"2017-10-01 00:00:00","first_app:standalonetf","_exists_:(user_mau.1703.topfacemobappandroid OR user_mau.1703.topfacemobappios OR user_mau.1703.topface OR user_mau.1703.standalonetf)",0
"2017-10-01 00:00:00","first_app:standalonetf","_exists_:(user_mau.1704.topfacemobappandroid OR user_mau.1704.topfacemobappios OR user_mau.1704.topface OR user_mau.1704.standalonetf)",0
"2017-10-01 00:00:00","first_app:standalonetf","_exists_:(user_mau.1705.topfacemobappandroid OR user_mau.1705.topfacemobappios OR user_mau.1705.topface OR user_mau.1705.standalonetf)",0
"2017-10-01 00:00:00","first_app:standalonetf","_exists_:(user_mau.1706.topfacemobappandroid OR user_mau.1706.topfacemobappios OR user_mau.1706.topface OR user_mau.1706.standalonetf)",0
"2017-10-01 00:00:00","first_app:standalonetf","_exists_:(user_mau.1707.topfacemobappandroid OR user_mau.1707.topfacemobappios OR user_mau.1707.topface OR user_mau.1707.standalonetf)",0
"2017-10-01 00:00:00","first_app:standalonetf","_exists_:(user_mau.1708.topfacemobappandroid OR user_mau.1708.topfacemobappios OR user_mau.1708.topface OR user_mau.1708.standalonetf)",0
"2017-10-01 00:00:00","first_app:standalonetf","_exists_:(user_mau.1709.topfacemobappandroid OR user_mau.1709.topfacemobappios OR user_mau.1709.topface OR user_mau.1709.standalonetf)",0
"2017-10-01 00:00:00","first_app:standalonetf","_exists_:(user_mau.1710.topfacemobappandroid OR user_mau.1710.topfacemobappios OR user_mau.1710.topface OR user_mau.1710.standalonetf)","1,126"
"2017-10-01 00:00:00","first_app:standalonetf","_exists_:(user_mau.1711.topfacemobappandroid OR user_mau.1711.topfacemobappios OR user_mau.1711.topface OR user_mau.1711.standalonetf)",283
"2017-10-01 00:00:00","first_app:standalonetf","_exists_:(user_mau.1712.topfacemobappandroid OR user_mau.1712.topfacemobappios OR user_mau.1712.topface OR user_mau.1712.standalonetf)",160
"2017-10-01 00:00:00","first_app:standalonetf","_exists_:(user_mau.1801.topfacemobappandroid OR user_mau.1801.topfacemobappios OR user_mau.1801.topface OR user_mau.1801.standalonetf)",147
"2017-10-01 00:00:00","first_app:standalonetf","_exists_:(user_mau.1802.topfacemobappandroid OR user_mau.1802.topfacemobappios OR user_mau.1802.topface OR user_mau.1802.standalonetf)",122
"2017-10-01 00:00:00","first_app:topface AND platform:vk","*",36
"2017-10-01 00:00:00","first_app:topface AND platform:vk","_exists_:(user_mau.1501.topfacemobappandroid OR user_mau.1501.topfacemobappios OR user_mau.1501.topface OR user_mau.1501.standalonetf)",0
"2017-10-01 00:00:00","first_app:topface AND platform:vk","_exists_:(user_mau.1502.topfacemobappandroid OR user_mau.1502.topfacemobappios OR user_mau.1502.topface OR user_mau.1502.standalonetf)",0
"2017-10-01 00:00:00","first_app:topface AND platform:vk","_exists_:(user_mau.1503.topfacemobappandroid OR user_mau.1503.topfacemobappios OR user_mau.1503.topface OR user_mau.1503.standalonetf)",0
"2017-10-01 00:00:00","first_app:topface AND platform:vk","_exists_:(user_mau.1504.topfacemobappandroid OR user_mau.1504.topfacemobappios OR user_mau.1504.topface OR user_mau.1504.standalonetf)",0
"2017-10-01 00:00:00","first_app:topface AND platform:vk","_exists_:(user_mau.1505.topfacemobappandroid OR user_mau.1505.topfacemobappios OR user_mau.1505.topface OR user_mau.1505.standalonetf)",0
"2017-10-01 00:00:00","first_app:topface AND platform:vk","_exists_:(user_mau.1506.topfacemobappandroid OR user_mau.1506.topfacemobappios OR user_mau.1506.topface OR user_mau.1506.standalonetf)",0
"2017-10-01 00:00:00","first_app:topface AND platform:vk","_exists_:(user_mau.1507.topfacemobappandroid OR user_mau.1507.topfacemobappios OR user_mau.1507.topface OR user_mau.1507.standalonetf)",0
"2017-10-01 00:00:00","first_app:topface AND platform:vk","_exists_:(user_mau.1508.topfacemobappandroid OR user_mau.1508.topfacemobappios OR user_mau.1508.topface OR user_mau.1508.standalonetf)",0
"2017-10-01 00:00:00","first_app:topface AND platform:vk","_exists_:(user_mau.1509.topfacemobappandroid OR user_mau.1509.topfacemobappios OR user_mau.1509.topface OR user_mau.1509.standalonetf)",0
"2017-10-01 00:00:00","first_app:topface AND platform:vk","_exists_:(user_mau.1510.topfacemobappandroid OR user_mau.1510.topfacemobappios OR user_mau.1510.topface OR user_mau.1510.standalonetf)",0
"2017-10-01 00:00:00","first_app:topface AND platform:vk","_exists_:(user_mau.1511.topfacemobappandroid OR user_mau.1511.topfacemobappios OR user_mau.1511.topface OR user_mau.1511.standalonetf)",0
"2017-10-01 00:00:00","first_app:topface AND platform:vk","_exists_:(user_mau.1512.topfacemobappandroid OR user_mau.1512.topfacemobappios OR user_mau.1512.topface OR user_mau.1512.standalonetf)",0
"2017-10-01 00:00:00","first_app:topface AND platform:vk","_exists_:(user_mau.1601.topfacemobappandroid OR user_mau.1601.topfacemobappios OR user_mau.1601.topface OR user_mau.1601.standalonetf)",0
"2017-10-01 00:00:00","first_app:topface AND platform:vk","_exists_:(user_mau.1602.topfacemobappandroid OR user_mau.1602.topfacemobappios OR user_mau.1602.topface OR user_mau.1602.standalonetf)",0
"2017-10-01 00:00:00","first_app:topface AND platform:vk","_exists_:(user_mau.1603.topfacemobappandroid OR user_mau.1603.topfacemobappios OR user_mau.1603.topface OR user_mau.1603.standalonetf)",0
"2017-10-01 00:00:00","first_app:topface AND platform:vk","_exists_:(user_mau.1604.topfacemobappandroid OR user_mau.1604.topfacemobappios OR user_mau.1604.topface OR user_mau.1604.standalonetf)",0
"2017-10-01 00:00:00","first_app:topface AND platform:vk","_exists_:(user_mau.1605.topfacemobappandroid OR user_mau.1605.topfacemobappios OR user_mau.1605.topface OR user_mau.1605.standalonetf)",0
"2017-10-01 00:00:00","first_app:topface AND platform:vk","_exists_:(user_mau.1606.topfacemobappandroid OR user_mau.1606.topfacemobappios OR user_mau.1606.topface OR user_mau.1606.standalonetf)",0
"2017-10-01 00:00:00","first_app:topface AND platform:vk","_exists_:(user_mau.1607.topfacemobappandroid OR user_mau.1607.topfacemobappios OR user_mau.1607.topface OR user_mau.1607.standalonetf)",0
"2017-10-01 00:00:00","first_app:topface AND platform:vk","_exists_:(user_mau.1608.topfacemobappandroid OR user_mau.1608.topfacemobappios OR user_mau.1608.topface OR user_mau.1608.standalonetf)",0
"2017-10-01 00:00:00","first_app:topface AND platform:vk","_exists_:(user_mau.1609.topfacemobappandroid OR user_mau.1609.topfacemobappios OR user_mau.1609.topface OR user_mau.1609.standalonetf)",0
"2017-10-01 00:00:00","first_app:topface AND platform:vk","_exists_:(user_mau.1610.topfacemobappandroid OR user_mau.1610.topfacemobappios OR user_mau.1610.topface OR user_mau.1610.standalonetf)",0
"2017-10-01 00:00:00","first_app:topface AND platform:vk","_exists_:(user_mau.1611.topfacemobappandroid OR user_mau.1611.topfacemobappios OR user_mau.1611.topface OR user_mau.1611.standalonetf)",0
"2017-10-01 00:00:00","first_app:topface AND platform:vk","_exists_:(user_mau.1612.topfacemobappandroid OR user_mau.1612.topfacemobappios OR user_mau.1612.topface OR user_mau.1612.standalonetf)",0
"2017-10-01 00:00:00","first_app:topface AND platform:vk","_exists_:(user_mau.1701.topfacemobappandroid OR user_mau.1701.topfacemobappios OR user_mau.1701.topface OR user_mau.1701.standalonetf)",0
"2017-10-01 00:00:00","first_app:topface AND platform:vk","_exists_:(user_mau.1702.topfacemobappandroid OR user_mau.1702.topfacemobappios OR user_mau.1702.topface OR user_mau.1702.standalonetf)",0
"2017-10-01 00:00:00","first_app:topface AND platform:vk","_exists_:(user_mau.1703.topfacemobappandroid OR user_mau.1703.topfacemobappios OR user_mau.1703.topface OR user_mau.1703.standalonetf)",0
"2017-10-01 00:00:00","first_app:topface AND platform:vk","_exists_:(user_mau.1704.topfacemobappandroid OR user_mau.1704.topfacemobappios OR user_mau.1704.topface OR user_mau.1704.standalonetf)",0
"2017-10-01 00:00:00","first_app:topface AND platform:vk","_exists_:(user_mau.1705.topfacemobappandroid OR user_mau.1705.topfacemobappios OR user_mau.1705.topface OR user_mau.1705.standalonetf)",0
"2017-10-01 00:00:00","first_app:topface AND platform:vk","_exists_:(user_mau.1706.topfacemobappandroid OR user_mau.1706.topfacemobappios OR user_mau.1706.topface OR user_mau.1706.standalonetf)",0
"2017-10-01 00:00:00","first_app:topface AND platform:vk","_exists_:(user_mau.1707.topfacemobappandroid OR user_mau.1707.topfacemobappios OR user_mau.1707.topface OR user_mau.1707.standalonetf)",0
"2017-10-01 00:00:00","first_app:topface AND platform:vk","_exists_:(user_mau.1708.topfacemobappandroid OR user_mau.1708.topfacemobappios OR user_mau.1708.topface OR user_mau.1708.standalonetf)",0
"2017-10-01 00:00:00","first_app:topface AND platform:vk","_exists_:(user_mau.1709.topfacemobappandroid OR user_mau.1709.topfacemobappios OR user_mau.1709.topface OR user_mau.1709.standalonetf)",0
"2017-10-01 00:00:00","first_app:topface AND platform:vk","_exists_:(user_mau.1710.topfacemobappandroid OR user_mau.1710.topfacemobappios OR user_mau.1710.topface OR user_mau.1710.standalonetf)",36
"2017-10-01 00:00:00","first_app:topface AND platform:vk","_exists_:(user_mau.1711.topfacemobappandroid OR user_mau.1711.topfacemobappios OR user_mau.1711.topface OR user_mau.1711.standalonetf)",12
"2017-10-01 00:00:00","first_app:topface AND platform:vk","_exists_:(user_mau.1712.topfacemobappandroid OR user_mau.1712.topfacemobappios OR user_mau.1712.topface OR user_mau.1712.standalonetf)",7
"2017-10-01 00:00:00","first_app:topface AND platform:vk","_exists_:(user_mau.1801.topfacemobappandroid OR user_mau.1801.topfacemobappios OR user_mau.1801.topface OR user_mau.1801.standalonetf)",4
"2017-10-01 00:00:00","first_app:topface AND platform:vk","_exists_:(user_mau.1802.topfacemobappandroid OR user_mau.1802.topfacemobappios OR user_mau.1802.topface OR user_mau.1802.standalonetf)",4
"2017-10-01 00:00:00","first_app:topface AND platform:ok","*",2
"2017-10-01 00:00:00","first_app:topface AND platform:ok","_exists_:(user_mau.1501.topfacemobappandroid OR user_mau.1501.topfacemobappios OR user_mau.1501.topface OR user_mau.1501.standalonetf)",0
"2017-10-01 00:00:00","first_app:topface AND platform:ok","_exists_:(user_mau.1502.topfacemobappandroid OR user_mau.1502.topfacemobappios OR user_mau.1502.topface OR user_mau.1502.standalonetf)",0
"2017-10-01 00:00:00","first_app:topface AND platform:ok","_exists_:(user_mau.1503.topfacemobappandroid OR user_mau.1503.topfacemobappios OR user_mau.1503.topface OR user_mau.1503.standalonetf)",0
"2017-10-01 00:00:00","first_app:topface AND platform:ok","_exists_:(user_mau.1504.topfacemobappandroid OR user_mau.1504.topfacemobappios OR user_mau.1504.topface OR user_mau.1504.standalonetf)",0
"2017-10-01 00:00:00","first_app:topface AND platform:ok","_exists_:(user_mau.1505.topfacemobappandroid OR user_mau.1505.topfacemobappios OR user_mau.1505.topface OR user_mau.1505.standalonetf)",0
"2017-10-01 00:00:00","first_app:topface AND platform:ok","_exists_:(user_mau.1506.topfacemobappandroid OR user_mau.1506.topfacemobappios OR user_mau.1506.topface OR user_mau.1506.standalonetf)",0
"2017-10-01 00:00:00","first_app:topface AND platform:ok","_exists_:(user_mau.1507.topfacemobappandroid OR user_mau.1507.topfacemobappios OR user_mau.1507.topface OR user_mau.1507.standalonetf)",0
"2017-10-01 00:00:00","first_app:topface AND platform:ok","_exists_:(user_mau.1508.topfacemobappandroid OR user_mau.1508.topfacemobappios OR user_mau.1508.topface OR user_mau.1508.standalonetf)",0
"2017-10-01 00:00:00","first_app:topface AND platform:ok","_exists_:(user_mau.1509.topfacemobappandroid OR user_mau.1509.topfacemobappios OR user_mau.1509.topface OR user_mau.1509.standalonetf)",0
"2017-10-01 00:00:00","first_app:topface AND platform:ok","_exists_:(user_mau.1510.topfacemobappandroid OR user_mau.1510.topfacemobappios OR user_mau.1510.topface OR user_mau.1510.standalonetf)",0
"2017-10-01 00:00:00","first_app:topface AND platform:ok","_exists_:(user_mau.1511.topfacemobappandroid OR user_mau.1511.topfacemobappios OR user_mau.1511.topface OR user_mau.1511.standalonetf)",0
"2017-10-01 00:00:00","first_app:topface AND platform:ok","_exists_:(user_mau.1512.topfacemobappandroid OR user_mau.1512.topfacemobappios OR user_mau.1512.topface OR user_mau.1512.standalonetf)",0
"2017-10-01 00:00:00","first_app:topface AND platform:ok","_exists_:(user_mau.1601.topfacemobappandroid OR user_mau.1601.topfacemobappios OR user_mau.1601.topface OR user_mau.1601.standalonetf)",0
"2017-10-01 00:00:00","first_app:topface AND platform:ok","_exists_:(user_mau.1602.topfacemobappandroid OR user_mau.1602.topfacemobappios OR user_mau.1602.topface OR user_mau.1602.standalonetf)",0
"2017-10-01 00:00:00","first_app:topface AND platform:ok","_exists_:(user_mau.1603.topfacemobappandroid OR user_mau.1603.topfacemobappios OR user_mau.1603.topface OR user_mau.1603.standalonetf)",0
"2017-10-01 00:00:00","first_app:topface AND platform:ok","_exists_:(user_mau.1604.topfacemobappandroid OR user_mau.1604.topfacemobappios OR user_mau.1604.topface OR user_mau.1604.standalonetf)",0
"2017-10-01 00:00:00","first_app:topface AND platform:ok","_exists_:(user_mau.1605.topfacemobappandroid OR user_mau.1605.topfacemobappios OR user_mau.1605.topface OR user_mau.1605.standalonetf)",0
"2017-10-01 00:00:00","first_app:topface AND platform:ok","_exists_:(user_mau.1606.topfacemobappandroid OR user_mau.1606.topfacemobappios OR user_mau.1606.topface OR user_mau.1606.standalonetf)",0
"2017-10-01 00:00:00","first_app:topface AND platform:ok","_exists_:(user_mau.1607.topfacemobappandroid OR user_mau.1607.topfacemobappios OR user_mau.1607.topface OR user_mau.1607.standalonetf)",0
"2017-10-01 00:00:00","first_app:topface AND platform:ok","_exists_:(user_mau.1608.topfacemobappandroid OR user_mau.1608.topfacemobappios OR user_mau.1608.topface OR user_mau.1608.standalonetf)",0
"2017-10-01 00:00:00","first_app:topface AND platform:ok","_exists_:(user_mau.1609.topfacemobappandroid OR user_mau.1609.topfacemobappios OR user_mau.1609.topface OR user_mau.1609.standalonetf)",0
"2017-10-01 00:00:00","first_app:topface AND platform:ok","_exists_:(user_mau.1610.topfacemobappandroid OR user_mau.1610.topfacemobappios OR user_mau.1610.topface OR user_mau.1610.standalonetf)",0
"2017-10-01 00:00:00","first_app:topface AND platform:ok","_exists_:(user_mau.1611.topfacemobappandroid OR user_mau.1611.topfacemobappios OR user_mau.1611.topface OR user_mau.1611.standalonetf)",0
"2017-10-01 00:00:00","first_app:topface AND platform:ok","_exists_:(user_mau.1612.topfacemobappandroid OR user_mau.1612.topfacemobappios OR user_mau.1612.topface OR user_mau.1612.standalonetf)",0
"2017-10-01 00:00:00","first_app:topface AND platform:ok","_exists_:(user_mau.1701.topfacemobappandroid OR user_mau.1701.topfacemobappios OR user_mau.1701.topface OR user_mau.1701.standalonetf)",0
"2017-10-01 00:00:00","first_app:topface AND platform:ok","_exists_:(user_mau.1702.topfacemobappandroid OR user_mau.1702.topfacemobappios OR user_mau.1702.topface OR user_mau.1702.standalonetf)",0
"2017-10-01 00:00:00","first_app:topface AND platform:ok","_exists_:(user_mau.1703.topfacemobappandroid OR user_mau.1703.topfacemobappios OR user_mau.1703.topface OR user_mau.1703.standalonetf)",0
"2017-10-01 00:00:00","first_app:topface AND platform:ok","_exists_:(user_mau.1704.topfacemobappandroid OR user_mau.1704.topfacemobappios OR user_mau.1704.topface OR user_mau.1704.standalonetf)",0
"2017-10-01 00:00:00","first_app:topface AND platform:ok","_exists_:(user_mau.1705.topfacemobappandroid OR user_mau.1705.topfacemobappios OR user_mau.1705.topface OR user_mau.1705.standalonetf)",0
"2017-10-01 00:00:00","first_app:topface AND platform:ok","_exists_:(user_mau.1706.topfacemobappandroid OR user_mau.1706.topfacemobappios OR user_mau.1706.topface OR user_mau.1706.standalonetf)",0
"2017-10-01 00:00:00","first_app:topface AND platform:ok","_exists_:(user_mau.1707.topfacemobappandroid OR user_mau.1707.topfacemobappios OR user_mau.1707.topface OR user_mau.1707.standalonetf)",0
"2017-10-01 00:00:00","first_app:topface AND platform:ok","_exists_:(user_mau.1708.topfacemobappandroid OR user_mau.1708.topfacemobappios OR user_mau.1708.topface OR user_mau.1708.standalonetf)",0
"2017-10-01 00:00:00","first_app:topface AND platform:ok","_exists_:(user_mau.1709.topfacemobappandroid OR user_mau.1709.topfacemobappios OR user_mau.1709.topface OR user_mau.1709.standalonetf)",0
"2017-10-01 00:00:00","first_app:topface AND platform:ok","_exists_:(user_mau.1710.topfacemobappandroid OR user_mau.1710.topfacemobappios OR user_mau.1710.topface OR user_mau.1710.standalonetf)",2
"2017-10-01 00:00:00","first_app:topface AND platform:ok","_exists_:(user_mau.1711.topfacemobappandroid OR user_mau.1711.topfacemobappios OR user_mau.1711.topface OR user_mau.1711.standalonetf)",0
"2017-10-01 00:00:00","first_app:topface AND platform:ok","_exists_:(user_mau.1712.topfacemobappandroid OR user_mau.1712.topfacemobappios OR user_mau.1712.topface OR user_mau.1712.standalonetf)",0
"2017-10-01 00:00:00","first_app:topface AND platform:ok","_exists_:(user_mau.1801.topfacemobappandroid OR user_mau.1801.topfacemobappios OR user_mau.1801.topface OR user_mau.1801.standalonetf)",1
"2017-10-01 00:00:00","first_app:topface AND platform:ok","_exists_:(user_mau.1802.topfacemobappandroid OR user_mau.1802.topfacemobappios OR user_mau.1802.topface OR user_mau.1802.standalonetf)",0
"2017-10-01 00:00:00","first_app:topface AND platform:fb","*",8
"2017-10-01 00:00:00","first_app:topface AND platform:fb","_exists_:(user_mau.1501.topfacemobappandroid OR user_mau.1501.topfacemobappios OR user_mau.1501.topface OR user_mau.1501.standalonetf)",0
"2017-10-01 00:00:00","first_app:topface AND platform:fb","_exists_:(user_mau.1502.topfacemobappandroid OR user_mau.1502.topfacemobappios OR user_mau.1502.topface OR user_mau.1502.standalonetf)",0
"2017-10-01 00:00:00","first_app:topface AND platform:fb","_exists_:(user_mau.1503.topfacemobappandroid OR user_mau.1503.topfacemobappios OR user_mau.1503.topface OR user_mau.1503.standalonetf)",0
"2017-10-01 00:00:00","first_app:topface AND platform:fb","_exists_:(user_mau.1504.topfacemobappandroid OR user_mau.1504.topfacemobappios OR user_mau.1504.topface OR user_mau.1504.standalonetf)",0
"2017-10-01 00:00:00","first_app:topface AND platform:fb","_exists_:(user_mau.1505.topfacemobappandroid OR user_mau.1505.topfacemobappios OR user_mau.1505.topface OR user_mau.1505.standalonetf)",0
"2017-10-01 00:00:00","first_app:topface AND platform:fb","_exists_:(user_mau.1506.topfacemobappandroid OR user_mau.1506.topfacemobappios OR user_mau.1506.topface OR user_mau.1506.standalonetf)",0
"2017-10-01 00:00:00","first_app:topface AND platform:fb","_exists_:(user_mau.1507.topfacemobappandroid OR user_mau.1507.topfacemobappios OR user_mau.1507.topface OR user_mau.1507.standalonetf)",0
"2017-10-01 00:00:00","first_app:topface AND platform:fb","_exists_:(user_mau.1508.topfacemobappandroid OR user_mau.1508.topfacemobappios OR user_mau.1508.topface OR user_mau.1508.standalonetf)",0
"2017-10-01 00:00:00","first_app:topface AND platform:fb","_exists_:(user_mau.1509.topfacemobappandroid OR user_mau.1509.topfacemobappios OR user_mau.1509.topface OR user_mau.1509.standalonetf)",0
"2017-10-01 00:00:00","first_app:topface AND platform:fb","_exists_:(user_mau.1510.topfacemobappandroid OR user_mau.1510.topfacemobappios OR user_mau.1510.topface OR user_mau.1510.standalonetf)",0
"2017-10-01 00:00:00","first_app:topface AND platform:fb","_exists_:(user_mau.1511.topfacemobappandroid OR user_mau.1511.topfacemobappios OR user_mau.1511.topface OR user_mau.1511.standalonetf)",0
"2017-10-01 00:00:00","first_app:topface AND platform:fb","_exists_:(user_mau.1512.topfacemobappandroid OR user_mau.1512.topfacemobappios OR user_mau.1512.topface OR user_mau.1512.standalonetf)",0
"2017-10-01 00:00:00","first_app:topface AND platform:fb","_exists_:(user_mau.1601.topfacemobappandroid OR user_mau.1601.topfacemobappios OR user_mau.1601.topface OR user_mau.1601.standalonetf)",0
"2017-10-01 00:00:00","first_app:topface AND platform:fb","_exists_:(user_mau.1602.topfacemobappandroid OR user_mau.1602.topfacemobappios OR user_mau.1602.topface OR user_mau.1602.standalonetf)",0
"2017-10-01 00:00:00","first_app:topface AND platform:fb","_exists_:(user_mau.1603.topfacemobappandroid OR user_mau.1603.topfacemobappios OR user_mau.1603.topface OR user_mau.1603.standalonetf)",0
"2017-10-01 00:00:00","first_app:topface AND platform:fb","_exists_:(user_mau.1604.topfacemobappandroid OR user_mau.1604.topfacemobappios OR user_mau.1604.topface OR user_mau.1604.standalonetf)",0
"2017-10-01 00:00:00","first_app:topface AND platform:fb","_exists_:(user_mau.1605.topfacemobappandroid OR user_mau.1605.topfacemobappios OR user_mau.1605.topface OR user_mau.1605.standalonetf)",0
"2017-10-01 00:00:00","first_app:topface AND platform:fb","_exists_:(user_mau.1606.topfacemobappandroid OR user_mau.1606.topfacemobappios OR user_mau.1606.topface OR user_mau.1606.standalonetf)",0
"2017-10-01 00:00:00","first_app:topface AND platform:fb","_exists_:(user_mau.1607.topfacemobappandroid OR user_mau.1607.topfacemobappios OR user_mau.1607.topface OR user_mau.1607.standalonetf)",0
"2017-10-01 00:00:00","first_app:topface AND platform:fb","_exists_:(user_mau.1608.topfacemobappandroid OR user_mau.1608.topfacemobappios OR user_mau.1608.topface OR user_mau.1608.standalonetf)",0
"2017-10-01 00:00:00","first_app:topface AND platform:fb","_exists_:(user_mau.1609.topfacemobappandroid OR user_mau.1609.topfacemobappios OR user_mau.1609.topface OR user_mau.1609.standalonetf)",0
"2017-10-01 00:00:00","first_app:topface AND platform:fb","_exists_:(user_mau.1610.topfacemobappandroid OR user_mau.1610.topfacemobappios OR user_mau.1610.topface OR user_mau.1610.standalonetf)",0
"2017-10-01 00:00:00","first_app:topface AND platform:fb","_exists_:(user_mau.1611.topfacemobappandroid OR user_mau.1611.topfacemobappios OR user_mau.1611.topface OR user_mau.1611.standalonetf)",0
"2017-10-01 00:00:00","first_app:topface AND platform:fb","_exists_:(user_mau.1612.topfacemobappandroid OR user_mau.1612.topfacemobappios OR user_mau.1612.topface OR user_mau.1612.standalonetf)",0
"2017-10-01 00:00:00","first_app:topface AND platform:fb","_exists_:(user_mau.1701.topfacemobappandroid OR user_mau.1701.topfacemobappios OR user_mau.1701.topface OR user_mau.1701.standalonetf)",0
"2017-10-01 00:00:00","first_app:topface AND platform:fb","_exists_:(user_mau.1702.topfacemobappandroid OR user_mau.1702.topfacemobappios OR user_mau.1702.topface OR user_mau.1702.standalonetf)",0
"2017-10-01 00:00:00","first_app:topface AND platform:fb","_exists_:(user_mau.1703.topfacemobappandroid OR user_mau.1703.topfacemobappios OR user_mau.1703.topface OR user_mau.1703.standalonetf)",0
"2017-10-01 00:00:00","first_app:topface AND platform:fb","_exists_:(user_mau.1704.topfacemobappandroid OR user_mau.1704.topfacemobappios OR user_mau.1704.topface OR user_mau.1704.standalonetf)",0
"2017-10-01 00:00:00","first_app:topface AND platform:fb","_exists_:(user_mau.1705.topfacemobappandroid OR user_mau.1705.topfacemobappios OR user_mau.1705.topface OR user_mau.1705.standalonetf)",0
"2017-10-01 00:00:00","first_app:topface AND platform:fb","_exists_:(user_mau.1706.topfacemobappandroid OR user_mau.1706.topfacemobappios OR user_mau.1706.topface OR user_mau.1706.standalonetf)",0
"2017-10-01 00:00:00","first_app:topface AND platform:fb","_exists_:(user_mau.1707.topfacemobappandroid OR user_mau.1707.topfacemobappios OR user_mau.1707.topface OR user_mau.1707.standalonetf)",0
"2017-10-01 00:00:00","first_app:topface AND platform:fb","_exists_:(user_mau.1708.topfacemobappandroid OR user_mau.1708.topfacemobappios OR user_mau.1708.topface OR user_mau.1708.standalonetf)",0
"2017-10-01 00:00:00","first_app:topface AND platform:fb","_exists_:(user_mau.1709.topfacemobappandroid OR user_mau.1709.topfacemobappios OR user_mau.1709.topface OR user_mau.1709.standalonetf)",0
"2017-10-01 00:00:00","first_app:topface AND platform:fb","_exists_:(user_mau.1710.topfacemobappandroid OR user_mau.1710.topfacemobappios OR user_mau.1710.topface OR user_mau.1710.standalonetf)",8
"2017-10-01 00:00:00","first_app:topface AND platform:fb","_exists_:(user_mau.1711.topfacemobappandroid OR user_mau.1711.topfacemobappios OR user_mau.1711.topface OR user_mau.1711.standalonetf)",2
"2017-10-01 00:00:00","first_app:topface AND platform:fb","_exists_:(user_mau.1712.topfacemobappandroid OR user_mau.1712.topfacemobappios OR user_mau.1712.topface OR user_mau.1712.standalonetf)",0
"2017-10-01 00:00:00","first_app:topface AND platform:fb","_exists_:(user_mau.1801.topfacemobappandroid OR user_mau.1801.topfacemobappios OR user_mau.1801.topface OR user_mau.1801.standalonetf)",2
"2017-10-01 00:00:00","first_app:topface AND platform:fb","_exists_:(user_mau.1802.topfacemobappandroid OR user_mau.1802.topfacemobappios OR user_mau.1802.topface OR user_mau.1802.standalonetf)",2
"2017-11-01 00:00:00","first_app:topfacemobappandroid","*","203,232"
"2017-11-01 00:00:00","first_app:topfacemobappandroid","_exists_:(user_mau.1501.topfacemobappandroid OR user_mau.1501.topfacemobappios OR user_mau.1501.topface OR user_mau.1501.standalonetf)",0
"2017-11-01 00:00:00","first_app:topfacemobappandroid","_exists_:(user_mau.1502.topfacemobappandroid OR user_mau.1502.topfacemobappios OR user_mau.1502.topface OR user_mau.1502.standalonetf)",0
"2017-11-01 00:00:00","first_app:topfacemobappandroid","_exists_:(user_mau.1503.topfacemobappandroid OR user_mau.1503.topfacemobappios OR user_mau.1503.topface OR user_mau.1503.standalonetf)",0
"2017-11-01 00:00:00","first_app:topfacemobappandroid","_exists_:(user_mau.1504.topfacemobappandroid OR user_mau.1504.topfacemobappios OR user_mau.1504.topface OR user_mau.1504.standalonetf)",0
"2017-11-01 00:00:00","first_app:topfacemobappandroid","_exists_:(user_mau.1505.topfacemobappandroid OR user_mau.1505.topfacemobappios OR user_mau.1505.topface OR user_mau.1505.standalonetf)",0
"2017-11-01 00:00:00","first_app:topfacemobappandroid","_exists_:(user_mau.1506.topfacemobappandroid OR user_mau.1506.topfacemobappios OR user_mau.1506.topface OR user_mau.1506.standalonetf)",0
"2017-11-01 00:00:00","first_app:topfacemobappandroid","_exists_:(user_mau.1507.topfacemobappandroid OR user_mau.1507.topfacemobappios OR user_mau.1507.topface OR user_mau.1507.standalonetf)",0
"2017-11-01 00:00:00","first_app:topfacemobappandroid","_exists_:(user_mau.1508.topfacemobappandroid OR user_mau.1508.topfacemobappios OR user_mau.1508.topface OR user_mau.1508.standalonetf)",0
"2017-11-01 00:00:00","first_app:topfacemobappandroid","_exists_:(user_mau.1509.topfacemobappandroid OR user_mau.1509.topfacemobappios OR user_mau.1509.topface OR user_mau.1509.standalonetf)",0
"2017-11-01 00:00:00","first_app:topfacemobappandroid","_exists_:(user_mau.1510.topfacemobappandroid OR user_mau.1510.topfacemobappios OR user_mau.1510.topface OR user_mau.1510.standalonetf)",0
"2017-11-01 00:00:00","first_app:topfacemobappandroid","_exists_:(user_mau.1511.topfacemobappandroid OR user_mau.1511.topfacemobappios OR user_mau.1511.topface OR user_mau.1511.standalonetf)",0
"2017-11-01 00:00:00","first_app:topfacemobappandroid","_exists_:(user_mau.1512.topfacemobappandroid OR user_mau.1512.topfacemobappios OR user_mau.1512.topface OR user_mau.1512.standalonetf)",0
"2017-11-01 00:00:00","first_app:topfacemobappandroid","_exists_:(user_mau.1601.topfacemobappandroid OR user_mau.1601.topfacemobappios OR user_mau.1601.topface OR user_mau.1601.standalonetf)",0
"2017-11-01 00:00:00","first_app:topfacemobappandroid","_exists_:(user_mau.1602.topfacemobappandroid OR user_mau.1602.topfacemobappios OR user_mau.1602.topface OR user_mau.1602.standalonetf)",0
"2017-11-01 00:00:00","first_app:topfacemobappandroid","_exists_:(user_mau.1603.topfacemobappandroid OR user_mau.1603.topfacemobappios OR user_mau.1603.topface OR user_mau.1603.standalonetf)",0
"2017-11-01 00:00:00","first_app:topfacemobappandroid","_exists_:(user_mau.1604.topfacemobappandroid OR user_mau.1604.topfacemobappios OR user_mau.1604.topface OR user_mau.1604.standalonetf)",0
"2017-11-01 00:00:00","first_app:topfacemobappandroid","_exists_:(user_mau.1605.topfacemobappandroid OR user_mau.1605.topfacemobappios OR user_mau.1605.topface OR user_mau.1605.standalonetf)",0
"2017-11-01 00:00:00","first_app:topfacemobappandroid","_exists_:(user_mau.1606.topfacemobappandroid OR user_mau.1606.topfacemobappios OR user_mau.1606.topface OR user_mau.1606.standalonetf)",0
"2017-11-01 00:00:00","first_app:topfacemobappandroid","_exists_:(user_mau.1607.topfacemobappandroid OR user_mau.1607.topfacemobappios OR user_mau.1607.topface OR user_mau.1607.standalonetf)",0
"2017-11-01 00:00:00","first_app:topfacemobappandroid","_exists_:(user_mau.1608.topfacemobappandroid OR user_mau.1608.topfacemobappios OR user_mau.1608.topface OR user_mau.1608.standalonetf)",0
"2017-11-01 00:00:00","first_app:topfacemobappandroid","_exists_:(user_mau.1609.topfacemobappandroid OR user_mau.1609.topfacemobappios OR user_mau.1609.topface OR user_mau.1609.standalonetf)",0
"2017-11-01 00:00:00","first_app:topfacemobappandroid","_exists_:(user_mau.1610.topfacemobappandroid OR user_mau.1610.topfacemobappios OR user_mau.1610.topface OR user_mau.1610.standalonetf)",0
"2017-11-01 00:00:00","first_app:topfacemobappandroid","_exists_:(user_mau.1611.topfacemobappandroid OR user_mau.1611.topfacemobappios OR user_mau.1611.topface OR user_mau.1611.standalonetf)",0
"2017-11-01 00:00:00","first_app:topfacemobappandroid","_exists_:(user_mau.1612.topfacemobappandroid OR user_mau.1612.topfacemobappios OR user_mau.1612.topface OR user_mau.1612.standalonetf)",0
"2017-11-01 00:00:00","first_app:topfacemobappandroid","_exists_:(user_mau.1701.topfacemobappandroid OR user_mau.1701.topfacemobappios OR user_mau.1701.topface OR user_mau.1701.standalonetf)",0
"2017-11-01 00:00:00","first_app:topfacemobappandroid","_exists_:(user_mau.1702.topfacemobappandroid OR user_mau.1702.topfacemobappios OR user_mau.1702.topface OR user_mau.1702.standalonetf)",0
"2017-11-01 00:00:00","first_app:topfacemobappandroid","_exists_:(user_mau.1703.topfacemobappandroid OR user_mau.1703.topfacemobappios OR user_mau.1703.topface OR user_mau.1703.standalonetf)",0
"2017-11-01 00:00:00","first_app:topfacemobappandroid","_exists_:(user_mau.1704.topfacemobappandroid OR user_mau.1704.topfacemobappios OR user_mau.1704.topface OR user_mau.1704.standalonetf)",0
"2017-11-01 00:00:00","first_app:topfacemobappandroid","_exists_:(user_mau.1705.topfacemobappandroid OR user_mau.1705.topfacemobappios OR user_mau.1705.topface OR user_mau.1705.standalonetf)",0
"2017-11-01 00:00:00","first_app:topfacemobappandroid","_exists_:(user_mau.1706.topfacemobappandroid OR user_mau.1706.topfacemobappios OR user_mau.1706.topface OR user_mau.1706.standalonetf)",0
"2017-11-01 00:00:00","first_app:topfacemobappandroid","_exists_:(user_mau.1707.topfacemobappandroid OR user_mau.1707.topfacemobappios OR user_mau.1707.topface OR user_mau.1707.standalonetf)",0
"2017-11-01 00:00:00","first_app:topfacemobappandroid","_exists_:(user_mau.1708.topfacemobappandroid OR user_mau.1708.topfacemobappios OR user_mau.1708.topface OR user_mau.1708.standalonetf)",0
"2017-11-01 00:00:00","first_app:topfacemobappandroid","_exists_:(user_mau.1709.topfacemobappandroid OR user_mau.1709.topfacemobappios OR user_mau.1709.topface OR user_mau.1709.standalonetf)",0
"2017-11-01 00:00:00","first_app:topfacemobappandroid","_exists_:(user_mau.1710.topfacemobappandroid OR user_mau.1710.topfacemobappios OR user_mau.1710.topface OR user_mau.1710.standalonetf)",0
"2017-11-01 00:00:00","first_app:topfacemobappandroid","_exists_:(user_mau.1711.topfacemobappandroid OR user_mau.1711.topfacemobappios OR user_mau.1711.topface OR user_mau.1711.standalonetf)","203,232"
"2017-11-01 00:00:00","first_app:topfacemobappandroid","_exists_:(user_mau.1712.topfacemobappandroid OR user_mau.1712.topfacemobappios OR user_mau.1712.topface OR user_mau.1712.standalonetf)","33,410"
"2017-11-01 00:00:00","first_app:topfacemobappandroid","_exists_:(user_mau.1801.topfacemobappandroid OR user_mau.1801.topfacemobappios OR user_mau.1801.topface OR user_mau.1801.standalonetf)","16,139"
"2017-11-01 00:00:00","first_app:topfacemobappandroid","_exists_:(user_mau.1802.topfacemobappandroid OR user_mau.1802.topfacemobappios OR user_mau.1802.topface OR user_mau.1802.standalonetf)","9,096"
"2017-11-01 00:00:00","first_app:topfacemobappios","*","43,222"
"2017-11-01 00:00:00","first_app:topfacemobappios","_exists_:(user_mau.1501.topfacemobappandroid OR user_mau.1501.topfacemobappios OR user_mau.1501.topface OR user_mau.1501.standalonetf)",0
"2017-11-01 00:00:00","first_app:topfacemobappios","_exists_:(user_mau.1502.topfacemobappandroid OR user_mau.1502.topfacemobappios OR user_mau.1502.topface OR user_mau.1502.standalonetf)",0
"2017-11-01 00:00:00","first_app:topfacemobappios","_exists_:(user_mau.1503.topfacemobappandroid OR user_mau.1503.topfacemobappios OR user_mau.1503.topface OR user_mau.1503.standalonetf)",0
"2017-11-01 00:00:00","first_app:topfacemobappios","_exists_:(user_mau.1504.topfacemobappandroid OR user_mau.1504.topfacemobappios OR user_mau.1504.topface OR user_mau.1504.standalonetf)",0
"2017-11-01 00:00:00","first_app:topfacemobappios","_exists_:(user_mau.1505.topfacemobappandroid OR user_mau.1505.topfacemobappios OR user_mau.1505.topface OR user_mau.1505.standalonetf)",0
"2017-11-01 00:00:00","first_app:topfacemobappios","_exists_:(user_mau.1506.topfacemobappandroid OR user_mau.1506.topfacemobappios OR user_mau.1506.topface OR user_mau.1506.standalonetf)",0
"2017-11-01 00:00:00","first_app:topfacemobappios","_exists_:(user_mau.1507.topfacemobappandroid OR user_mau.1507.topfacemobappios OR user_mau.1507.topface OR user_mau.1507.standalonetf)",0
"2017-11-01 00:00:00","first_app:topfacemobappios","_exists_:(user_mau.1508.topfacemobappandroid OR user_mau.1508.topfacemobappios OR user_mau.1508.topface OR user_mau.1508.standalonetf)",0
"2017-11-01 00:00:00","first_app:topfacemobappios","_exists_:(user_mau.1509.topfacemobappandroid OR user_mau.1509.topfacemobappios OR user_mau.1509.topface OR user_mau.1509.standalonetf)",0
"2017-11-01 00:00:00","first_app:topfacemobappios","_exists_:(user_mau.1510.topfacemobappandroid OR user_mau.1510.topfacemobappios OR user_mau.1510.topface OR user_mau.1510.standalonetf)",0
"2017-11-01 00:00:00","first_app:topfacemobappios","_exists_:(user_mau.1511.topfacemobappandroid OR user_mau.1511.topfacemobappios OR user_mau.1511.topface OR user_mau.1511.standalonetf)",0
"2017-11-01 00:00:00","first_app:topfacemobappios","_exists_:(user_mau.1512.topfacemobappandroid OR user_mau.1512.topfacemobappios OR user_mau.1512.topface OR user_mau.1512.standalonetf)",0
"2017-11-01 00:00:00","first_app:topfacemobappios","_exists_:(user_mau.1601.topfacemobappandroid OR user_mau.1601.topfacemobappios OR user_mau.1601.topface OR user_mau.1601.standalonetf)",0
"2017-11-01 00:00:00","first_app:topfacemobappios","_exists_:(user_mau.1602.topfacemobappandroid OR user_mau.1602.topfacemobappios OR user_mau.1602.topface OR user_mau.1602.standalonetf)",0
"2017-11-01 00:00:00","first_app:topfacemobappios","_exists_:(user_mau.1603.topfacemobappandroid OR user_mau.1603.topfacemobappios OR user_mau.1603.topface OR user_mau.1603.standalonetf)",0
"2017-11-01 00:00:00","first_app:topfacemobappios","_exists_:(user_mau.1604.topfacemobappandroid OR user_mau.1604.topfacemobappios OR user_mau.1604.topface OR user_mau.1604.standalonetf)",0
"2017-11-01 00:00:00","first_app:topfacemobappios","_exists_:(user_mau.1605.topfacemobappandroid OR user_mau.1605.topfacemobappios OR user_mau.1605.topface OR user_mau.1605.standalonetf)",0
"2017-11-01 00:00:00","first_app:topfacemobappios","_exists_:(user_mau.1606.topfacemobappandroid OR user_mau.1606.topfacemobappios OR user_mau.1606.topface OR user_mau.1606.standalonetf)",0
"2017-11-01 00:00:00","first_app:topfacemobappios","_exists_:(user_mau.1607.topfacemobappandroid OR user_mau.1607.topfacemobappios OR user_mau.1607.topface OR user_mau.1607.standalonetf)",0
"2017-11-01 00:00:00","first_app:topfacemobappios","_exists_:(user_mau.1608.topfacemobappandroid OR user_mau.1608.topfacemobappios OR user_mau.1608.topface OR user_mau.1608.standalonetf)",0
"2017-11-01 00:00:00","first_app:topfacemobappios","_exists_:(user_mau.1609.topfacemobappandroid OR user_mau.1609.topfacemobappios OR user_mau.1609.topface OR user_mau.1609.standalonetf)",0
"2017-11-01 00:00:00","first_app:topfacemobappios","_exists_:(user_mau.1610.topfacemobappandroid OR user_mau.1610.topfacemobappios OR user_mau.1610.topface OR user_mau.1610.standalonetf)",0
"2017-11-01 00:00:00","first_app:topfacemobappios","_exists_:(user_mau.1611.topfacemobappandroid OR user_mau.1611.topfacemobappios OR user_mau.1611.topface OR user_mau.1611.standalonetf)",0
"2017-11-01 00:00:00","first_app:topfacemobappios","_exists_:(user_mau.1612.topfacemobappandroid OR user_mau.1612.topfacemobappios OR user_mau.1612.topface OR user_mau.1612.standalonetf)",0
"2017-11-01 00:00:00","first_app:topfacemobappios","_exists_:(user_mau.1701.topfacemobappandroid OR user_mau.1701.topfacemobappios OR user_mau.1701.topface OR user_mau.1701.standalonetf)",0
"2017-11-01 00:00:00","first_app:topfacemobappios","_exists_:(user_mau.1702.topfacemobappandroid OR user_mau.1702.topfacemobappios OR user_mau.1702.topface OR user_mau.1702.standalonetf)",0
"2017-11-01 00:00:00","first_app:topfacemobappios","_exists_:(user_mau.1703.topfacemobappandroid OR user_mau.1703.topfacemobappios OR user_mau.1703.topface OR user_mau.1703.standalonetf)",0
"2017-11-01 00:00:00","first_app:topfacemobappios","_exists_:(user_mau.1704.topfacemobappandroid OR user_mau.1704.topfacemobappios OR user_mau.1704.topface OR user_mau.1704.standalonetf)",0
"2017-11-01 00:00:00","first_app:topfacemobappios","_exists_:(user_mau.1705.topfacemobappandroid OR user_mau.1705.topfacemobappios OR user_mau.1705.topface OR user_mau.1705.standalonetf)",0
"2017-11-01 00:00:00","first_app:topfacemobappios","_exists_:(user_mau.1706.topfacemobappandroid OR user_mau.1706.topfacemobappios OR user_mau.1706.topface OR user_mau.1706.standalonetf)",0
"2017-11-01 00:00:00","first_app:topfacemobappios","_exists_:(user_mau.1707.topfacemobappandroid OR user_mau.1707.topfacemobappios OR user_mau.1707.topface OR user_mau.1707.standalonetf)",0
"2017-11-01 00:00:00","first_app:topfacemobappios","_exists_:(user_mau.1708.topfacemobappandroid OR user_mau.1708.topfacemobappios OR user_mau.1708.topface OR user_mau.1708.standalonetf)",0
"2017-11-01 00:00:00","first_app:topfacemobappios","_exists_:(user_mau.1709.topfacemobappandroid OR user_mau.1709.topfacemobappios OR user_mau.1709.topface OR user_mau.1709.standalonetf)",0
"2017-11-01 00:00:00","first_app:topfacemobappios","_exists_:(user_mau.1710.topfacemobappandroid OR user_mau.1710.topfacemobappios OR user_mau.1710.topface OR user_mau.1710.standalonetf)",0
"2017-11-01 00:00:00","first_app:topfacemobappios","_exists_:(user_mau.1711.topfacemobappandroid OR user_mau.1711.topfacemobappios OR user_mau.1711.topface OR user_mau.1711.standalonetf)","43,222"
"2017-11-01 00:00:00","first_app:topfacemobappios","_exists_:(user_mau.1712.topfacemobappandroid OR user_mau.1712.topfacemobappios OR user_mau.1712.topface OR user_mau.1712.standalonetf)","6,725"
"2017-11-01 00:00:00","first_app:topfacemobappios","_exists_:(user_mau.1801.topfacemobappandroid OR user_mau.1801.topfacemobappios OR user_mau.1801.topface OR user_mau.1801.standalonetf)","2,851"
"2017-11-01 00:00:00","first_app:topfacemobappios","_exists_:(user_mau.1802.topfacemobappandroid OR user_mau.1802.topfacemobappios OR user_mau.1802.topface OR user_mau.1802.standalonetf)","1,579"
"2017-11-01 00:00:00","first_app:standalonetf","*","1,344"
"2017-11-01 00:00:00","first_app:standalonetf","_exists_:(user_mau.1501.topfacemobappandroid OR user_mau.1501.topfacemobappios OR user_mau.1501.topface OR user_mau.1501.standalonetf)",0
"2017-11-01 00:00:00","first_app:standalonetf","_exists_:(user_mau.1502.topfacemobappandroid OR user_mau.1502.topfacemobappios OR user_mau.1502.topface OR user_mau.1502.standalonetf)",0
"2017-11-01 00:00:00","first_app:standalonetf","_exists_:(user_mau.1503.topfacemobappandroid OR user_mau.1503.topfacemobappios OR user_mau.1503.topface OR user_mau.1503.standalonetf)",0
"2017-11-01 00:00:00","first_app:standalonetf","_exists_:(user_mau.1504.topfacemobappandroid OR user_mau.1504.topfacemobappios OR user_mau.1504.topface OR user_mau.1504.standalonetf)",0
"2017-11-01 00:00:00","first_app:standalonetf","_exists_:(user_mau.1505.topfacemobappandroid OR user_mau.1505.topfacemobappios OR user_mau.1505.topface OR user_mau.1505.standalonetf)",0
"2017-11-01 00:00:00","first_app:standalonetf","_exists_:(user_mau.1506.topfacemobappandroid OR user_mau.1506.topfacemobappios OR user_mau.1506.topface OR user_mau.1506.standalonetf)",0
"2017-11-01 00:00:00","first_app:standalonetf","_exists_:(user_mau.1507.topfacemobappandroid OR user_mau.1507.topfacemobappios OR user_mau.1507.topface OR user_mau.1507.standalonetf)",0
"2017-11-01 00:00:00","first_app:standalonetf","_exists_:(user_mau.1508.topfacemobappandroid OR user_mau.1508.topfacemobappios OR user_mau.1508.topface OR user_mau.1508.standalonetf)",0
"2017-11-01 00:00:00","first_app:standalonetf","_exists_:(user_mau.1509.topfacemobappandroid OR user_mau.1509.topfacemobappios OR user_mau.1509.topface OR user_mau.1509.standalonetf)",0
"2017-11-01 00:00:00","first_app:standalonetf","_exists_:(user_mau.1510.topfacemobappandroid OR user_mau.1510.topfacemobappios OR user_mau.1510.topface OR user_mau.1510.standalonetf)",0
"2017-11-01 00:00:00","first_app:standalonetf","_exists_:(user_mau.1511.topfacemobappandroid OR user_mau.1511.topfacemobappios OR user_mau.1511.topface OR user_mau.1511.standalonetf)",0
"2017-11-01 00:00:00","first_app:standalonetf","_exists_:(user_mau.1512.topfacemobappandroid OR user_mau.1512.topfacemobappios OR user_mau.1512.topface OR user_mau.1512.standalonetf)",0
"2017-11-01 00:00:00","first_app:standalonetf","_exists_:(user_mau.1601.topfacemobappandroid OR user_mau.1601.topfacemobappios OR user_mau.1601.topface OR user_mau.1601.standalonetf)",0
"2017-11-01 00:00:00","first_app:standalonetf","_exists_:(user_mau.1602.topfacemobappandroid OR user_mau.1602.topfacemobappios OR user_mau.1602.topface OR user_mau.1602.standalonetf)",0
"2017-11-01 00:00:00","first_app:standalonetf","_exists_:(user_mau.1603.topfacemobappandroid OR user_mau.1603.topfacemobappios OR user_mau.1603.topface OR user_mau.1603.standalonetf)",0
"2017-11-01 00:00:00","first_app:standalonetf","_exists_:(user_mau.1604.topfacemobappandroid OR user_mau.1604.topfacemobappios OR user_mau.1604.topface OR user_mau.1604.standalonetf)",0
"2017-11-01 00:00:00","first_app:standalonetf","_exists_:(user_mau.1605.topfacemobappandroid OR user_mau.1605.topfacemobappios OR user_mau.1605.topface OR user_mau.1605.standalonetf)",0
"2017-11-01 00:00:00","first_app:standalonetf","_exists_:(user_mau.1606.topfacemobappandroid OR user_mau.1606.topfacemobappios OR user_mau.1606.topface OR user_mau.1606.standalonetf)",0
"2017-11-01 00:00:00","first_app:standalonetf","_exists_:(user_mau.1607.topfacemobappandroid OR user_mau.1607.topfacemobappios OR user_mau.1607.topface OR user_mau.1607.standalonetf)",0
"2017-11-01 00:00:00","first_app:standalonetf","_exists_:(user_mau.1608.topfacemobappandroid OR user_mau.1608.topfacemobappios OR user_mau.1608.topface OR user_mau.1608.standalonetf)",0
"2017-11-01 00:00:00","first_app:standalonetf","_exists_:(user_mau.1609.topfacemobappandroid OR user_mau.1609.topfacemobappios OR user_mau.1609.topface OR user_mau.1609.standalonetf)",0
"2017-11-01 00:00:00","first_app:standalonetf","_exists_:(user_mau.1610.topfacemobappandroid OR user_mau.1610.topfacemobappios OR user_mau.1610.topface OR user_mau.1610.standalonetf)",0
"2017-11-01 00:00:00","first_app:standalonetf","_exists_:(user_mau.1611.topfacemobappandroid OR user_mau.1611.topfacemobappios OR user_mau.1611.topface OR user_mau.1611.standalonetf)",0
"2017-11-01 00:00:00","first_app:standalonetf","_exists_:(user_mau.1612.topfacemobappandroid OR user_mau.1612.topfacemobappios OR user_mau.1612.topface OR user_mau.1612.standalonetf)",0
"2017-11-01 00:00:00","first_app:standalonetf","_exists_:(user_mau.1701.topfacemobappandroid OR user_mau.1701.topfacemobappios OR user_mau.1701.topface OR user_mau.1701.standalonetf)",0
"2017-11-01 00:00:00","first_app:standalonetf","_exists_:(user_mau.1702.topfacemobappandroid OR user_mau.1702.topfacemobappios OR user_mau.1702.topface OR user_mau.1702.standalonetf)",0
"2017-11-01 00:00:00","first_app:standalonetf","_exists_:(user_mau.1703.topfacemobappandroid OR user_mau.1703.topfacemobappios OR user_mau.1703.topface OR user_mau.1703.standalonetf)",0
"2017-11-01 00:00:00","first_app:standalonetf","_exists_:(user_mau.1704.topfacemobappandroid OR user_mau.1704.topfacemobappios OR user_mau.1704.topface OR user_mau.1704.standalonetf)",0
"2017-11-01 00:00:00","first_app:standalonetf","_exists_:(user_mau.1705.topfacemobappandroid OR user_mau.1705.topfacemobappios OR user_mau.1705.topface OR user_mau.1705.standalonetf)",0
"2017-11-01 00:00:00","first_app:standalonetf","_exists_:(user_mau.1706.topfacemobappandroid OR user_mau.1706.topfacemobappios OR user_mau.1706.topface OR user_mau.1706.standalonetf)",0
"2017-11-01 00:00:00","first_app:standalonetf","_exists_:(user_mau.1707.topfacemobappandroid OR user_mau.1707.topfacemobappios OR user_mau.1707.topface OR user_mau.1707.standalonetf)",0
"2017-11-01 00:00:00","first_app:standalonetf","_exists_:(user_mau.1708.topfacemobappandroid OR user_mau.1708.topfacemobappios OR user_mau.1708.topface OR user_mau.1708.standalonetf)",0
"2017-11-01 00:00:00","first_app:standalonetf","_exists_:(user_mau.1709.topfacemobappandroid OR user_mau.1709.topfacemobappios OR user_mau.1709.topface OR user_mau.1709.standalonetf)",0
"2017-11-01 00:00:00","first_app:standalonetf","_exists_:(user_mau.1710.topfacemobappandroid OR user_mau.1710.topfacemobappios OR user_mau.1710.topface OR user_mau.1710.standalonetf)",0
"2017-11-01 00:00:00","first_app:standalonetf","_exists_:(user_mau.1711.topfacemobappandroid OR user_mau.1711.topfacemobappios OR user_mau.1711.topface OR user_mau.1711.standalonetf)","1,168"
"2017-11-01 00:00:00","first_app:standalonetf","_exists_:(user_mau.1712.topfacemobappandroid OR user_mau.1712.topfacemobappios OR user_mau.1712.topface OR user_mau.1712.standalonetf)",268
"2017-11-01 00:00:00","first_app:standalonetf","_exists_:(user_mau.1801.topfacemobappandroid OR user_mau.1801.topfacemobappios OR user_mau.1801.topface OR user_mau.1801.standalonetf)",164
"2017-11-01 00:00:00","first_app:standalonetf","_exists_:(user_mau.1802.topfacemobappandroid OR user_mau.1802.topfacemobappios OR user_mau.1802.topface OR user_mau.1802.standalonetf)",119
"2017-11-01 00:00:00","first_app:topface AND platform:vk","*",45
"2017-11-01 00:00:00","first_app:topface AND platform:vk","_exists_:(user_mau.1501.topfacemobappandroid OR user_mau.1501.topfacemobappios OR user_mau.1501.topface OR user_mau.1501.standalonetf)",0
"2017-11-01 00:00:00","first_app:topface AND platform:vk","_exists_:(user_mau.1502.topfacemobappandroid OR user_mau.1502.topfacemobappios OR user_mau.1502.topface OR user_mau.1502.standalonetf)",0
"2017-11-01 00:00:00","first_app:topface AND platform:vk","_exists_:(user_mau.1503.topfacemobappandroid OR user_mau.1503.topfacemobappios OR user_mau.1503.topface OR user_mau.1503.standalonetf)",0
"2017-11-01 00:00:00","first_app:topface AND platform:vk","_exists_:(user_mau.1504.topfacemobappandroid OR user_mau.1504.topfacemobappios OR user_mau.1504.topface OR user_mau.1504.standalonetf)",0
"2017-11-01 00:00:00","first_app:topface AND platform:vk","_exists_:(user_mau.1505.topfacemobappandroid OR user_mau.1505.topfacemobappios OR user_mau.1505.topface OR user_mau.1505.standalonetf)",0
"2017-11-01 00:00:00","first_app:topface AND platform:vk","_exists_:(user_mau.1506.topfacemobappandroid OR user_mau.1506.topfacemobappios OR user_mau.1506.topface OR user_mau.1506.standalonetf)",0
"2017-11-01 00:00:00","first_app:topface AND platform:vk","_exists_:(user_mau.1507.topfacemobappandroid OR user_mau.1507.topfacemobappios OR user_mau.1507.topface OR user_mau.1507.standalonetf)",0
"2017-11-01 00:00:00","first_app:topface AND platform:vk","_exists_:(user_mau.1508.topfacemobappandroid OR user_mau.1508.topfacemobappios OR user_mau.1508.topface OR user_mau.1508.standalonetf)",0
"2017-11-01 00:00:00","first_app:topface AND platform:vk","_exists_:(user_mau.1509.topfacemobappandroid OR user_mau.1509.topfacemobappios OR user_mau.1509.topface OR user_mau.1509.standalonetf)",0
"2017-11-01 00:00:00","first_app:topface AND platform:vk","_exists_:(user_mau.1510.topfacemobappandroid OR user_mau.1510.topfacemobappios OR user_mau.1510.topface OR user_mau.1510.standalonetf)",0
"2017-11-01 00:00:00","first_app:topface AND platform:vk","_exists_:(user_mau.1511.topfacemobappandroid OR user_mau.1511.topfacemobappios OR user_mau.1511.topface OR user_mau.1511.standalonetf)",0
"2017-11-01 00:00:00","first_app:topface AND platform:vk","_exists_:(user_mau.1512.topfacemobappandroid OR user_mau.1512.topfacemobappios OR user_mau.1512.topface OR user_mau.1512.standalonetf)",0
"2017-11-01 00:00:00","first_app:topface AND platform:vk","_exists_:(user_mau.1601.topfacemobappandroid OR user_mau.1601.topfacemobappios OR user_mau.1601.topface OR user_mau.1601.standalonetf)",0
"2017-11-01 00:00:00","first_app:topface AND platform:vk","_exists_:(user_mau.1602.topfacemobappandroid OR user_mau.1602.topfacemobappios OR user_mau.1602.topface OR user_mau.1602.standalonetf)",0
"2017-11-01 00:00:00","first_app:topface AND platform:vk","_exists_:(user_mau.1603.topfacemobappandroid OR user_mau.1603.topfacemobappios OR user_mau.1603.topface OR user_mau.1603.standalonetf)",0
"2017-11-01 00:00:00","first_app:topface AND platform:vk","_exists_:(user_mau.1604.topfacemobappandroid OR user_mau.1604.topfacemobappios OR user_mau.1604.topface OR user_mau.1604.standalonetf)",0
"2017-11-01 00:00:00","first_app:topface AND platform:vk","_exists_:(user_mau.1605.topfacemobappandroid OR user_mau.1605.topfacemobappios OR user_mau.1605.topface OR user_mau.1605.standalonetf)",0
"2017-11-01 00:00:00","first_app:topface AND platform:vk","_exists_:(user_mau.1606.topfacemobappandroid OR user_mau.1606.topfacemobappios OR user_mau.1606.topface OR user_mau.1606.standalonetf)",0
"2017-11-01 00:00:00","first_app:topface AND platform:vk","_exists_:(user_mau.1607.topfacemobappandroid OR user_mau.1607.topfacemobappios OR user_mau.1607.topface OR user_mau.1607.standalonetf)",0
"2017-11-01 00:00:00","first_app:topface AND platform:vk","_exists_:(user_mau.1608.topfacemobappandroid OR user_mau.1608.topfacemobappios OR user_mau.1608.topface OR user_mau.1608.standalonetf)",0
"2017-11-01 00:00:00","first_app:topface AND platform:vk","_exists_:(user_mau.1609.topfacemobappandroid OR user_mau.1609.topfacemobappios OR user_mau.1609.topface OR user_mau.1609.standalonetf)",0
"2017-11-01 00:00:00","first_app:topface AND platform:vk","_exists_:(user_mau.1610.topfacemobappandroid OR user_mau.1610.topfacemobappios OR user_mau.1610.topface OR user_mau.1610.standalonetf)",0
"2017-11-01 00:00:00","first_app:topface AND platform:vk","_exists_:(user_mau.1611.topfacemobappandroid OR user_mau.1611.topfacemobappios OR user_mau.1611.topface OR user_mau.1611.standalonetf)",0
"2017-11-01 00:00:00","first_app:topface AND platform:vk","_exists_:(user_mau.1612.topfacemobappandroid OR user_mau.1612.topfacemobappios OR user_mau.1612.topface OR user_mau.1612.standalonetf)",0
"2017-11-01 00:00:00","first_app:topface AND platform:vk","_exists_:(user_mau.1701.topfacemobappandroid OR user_mau.1701.topfacemobappios OR user_mau.1701.topface OR user_mau.1701.standalonetf)",0
"2017-11-01 00:00:00","first_app:topface AND platform:vk","_exists_:(user_mau.1702.topfacemobappandroid OR user_mau.1702.topfacemobappios OR user_mau.1702.topface OR user_mau.1702.standalonetf)",0
"2017-11-01 00:00:00","first_app:topface AND platform:vk","_exists_:(user_mau.1703.topfacemobappandroid OR user_mau.1703.topfacemobappios OR user_mau.1703.topface OR user_mau.1703.standalonetf)",0
"2017-11-01 00:00:00","first_app:topface AND platform:vk","_exists_:(user_mau.1704.topfacemobappandroid OR user_mau.1704.topfacemobappios OR user_mau.1704.topface OR user_mau.1704.standalonetf)",0
"2017-11-01 00:00:00","first_app:topface AND platform:vk","_exists_:(user_mau.1705.topfacemobappandroid OR user_mau.1705.topfacemobappios OR user_mau.1705.topface OR user_mau.1705.standalonetf)",0
"2017-11-01 00:00:00","first_app:topface AND platform:vk","_exists_:(user_mau.1706.topfacemobappandroid OR user_mau.1706.topfacemobappios OR user_mau.1706.topface OR user_mau.1706.standalonetf)",0
"2017-11-01 00:00:00","first_app:topface AND platform:vk","_exists_:(user_mau.1707.topfacemobappandroid OR user_mau.1707.topfacemobappios OR user_mau.1707.topface OR user_mau.1707.standalonetf)",0
"2017-11-01 00:00:00","first_app:topface AND platform:vk","_exists_:(user_mau.1708.topfacemobappandroid OR user_mau.1708.topfacemobappios OR user_mau.1708.topface OR user_mau.1708.standalonetf)",0
"2017-11-01 00:00:00","first_app:topface AND platform:vk","_exists_:(user_mau.1709.topfacemobappandroid OR user_mau.1709.topfacemobappios OR user_mau.1709.topface OR user_mau.1709.standalonetf)",0
"2017-11-01 00:00:00","first_app:topface AND platform:vk","_exists_:(user_mau.1710.topfacemobappandroid OR user_mau.1710.topfacemobappios OR user_mau.1710.topface OR user_mau.1710.standalonetf)",0
"2017-11-01 00:00:00","first_app:topface AND platform:vk","_exists_:(user_mau.1711.topfacemobappandroid OR user_mau.1711.topfacemobappios OR user_mau.1711.topface OR user_mau.1711.standalonetf)",45
"2017-11-01 00:00:00","first_app:topface AND platform:vk","_exists_:(user_mau.1712.topfacemobappandroid OR user_mau.1712.topfacemobappios OR user_mau.1712.topface OR user_mau.1712.standalonetf)",15
"2017-11-01 00:00:00","first_app:topface AND platform:vk","_exists_:(user_mau.1801.topfacemobappandroid OR user_mau.1801.topfacemobappios OR user_mau.1801.topface OR user_mau.1801.standalonetf)",12
"2017-11-01 00:00:00","first_app:topface AND platform:vk","_exists_:(user_mau.1802.topfacemobappandroid OR user_mau.1802.topfacemobappios OR user_mau.1802.topface OR user_mau.1802.standalonetf)",7
"2017-11-01 00:00:00","first_app:topface AND platform:ok","*",0
"2017-11-01 00:00:00","first_app:topface AND platform:ok","_exists_:(user_mau.1501.topfacemobappandroid OR user_mau.1501.topfacemobappios OR user_mau.1501.topface OR user_mau.1501.standalonetf)",0
"2017-11-01 00:00:00","first_app:topface AND platform:ok","_exists_:(user_mau.1502.topfacemobappandroid OR user_mau.1502.topfacemobappios OR user_mau.1502.topface OR user_mau.1502.standalonetf)",0
"2017-11-01 00:00:00","first_app:topface AND platform:ok","_exists_:(user_mau.1503.topfacemobappandroid OR user_mau.1503.topfacemobappios OR user_mau.1503.topface OR user_mau.1503.standalonetf)",0
"2017-11-01 00:00:00","first_app:topface AND platform:ok","_exists_:(user_mau.1504.topfacemobappandroid OR user_mau.1504.topfacemobappios OR user_mau.1504.topface OR user_mau.1504.standalonetf)",0
"2017-11-01 00:00:00","first_app:topface AND platform:ok","_exists_:(user_mau.1505.topfacemobappandroid OR user_mau.1505.topfacemobappios OR user_mau.1505.topface OR user_mau.1505.standalonetf)",0
"2017-11-01 00:00:00","first_app:topface AND platform:ok","_exists_:(user_mau.1506.topfacemobappandroid OR user_mau.1506.topfacemobappios OR user_mau.1506.topface OR user_mau.1506.standalonetf)",0
"2017-11-01 00:00:00","first_app:topface AND platform:ok","_exists_:(user_mau.1507.topfacemobappandroid OR user_mau.1507.topfacemobappios OR user_mau.1507.topface OR user_mau.1507.standalonetf)",0
"2017-11-01 00:00:00","first_app:topface AND platform:ok","_exists_:(user_mau.1508.topfacemobappandroid OR user_mau.1508.topfacemobappios OR user_mau.1508.topface OR user_mau.1508.standalonetf)",0
"2017-11-01 00:00:00","first_app:topface AND platform:ok","_exists_:(user_mau.1509.topfacemobappandroid OR user_mau.1509.topfacemobappios OR user_mau.1509.topface OR user_mau.1509.standalonetf)",0
"2017-11-01 00:00:00","first_app:topface AND platform:ok","_exists_:(user_mau.1510.topfacemobappandroid OR user_mau.1510.topfacemobappios OR user_mau.1510.topface OR user_mau.1510.standalonetf)",0
"2017-11-01 00:00:00","first_app:topface AND platform:ok","_exists_:(user_mau.1511.topfacemobappandroid OR user_mau.1511.topfacemobappios OR user_mau.1511.topface OR user_mau.1511.standalonetf)",0
"2017-11-01 00:00:00","first_app:topface AND platform:ok","_exists_:(user_mau.1512.topfacemobappandroid OR user_mau.1512.topfacemobappios OR user_mau.1512.topface OR user_mau.1512.standalonetf)",0
"2017-11-01 00:00:00","first_app:topface AND platform:ok","_exists_:(user_mau.1601.topfacemobappandroid OR user_mau.1601.topfacemobappios OR user_mau.1601.topface OR user_mau.1601.standalonetf)",0
"2017-11-01 00:00:00","first_app:topface AND platform:ok","_exists_:(user_mau.1602.topfacemobappandroid OR user_mau.1602.topfacemobappios OR user_mau.1602.topface OR user_mau.1602.standalonetf)",0
"2017-11-01 00:00:00","first_app:topface AND platform:ok","_exists_:(user_mau.1603.topfacemobappandroid OR user_mau.1603.topfacemobappios OR user_mau.1603.topface OR user_mau.1603.standalonetf)",0
"2017-11-01 00:00:00","first_app:topface AND platform:ok","_exists_:(user_mau.1604.topfacemobappandroid OR user_mau.1604.topfacemobappios OR user_mau.1604.topface OR user_mau.1604.standalonetf)",0
"2017-11-01 00:00:00","first_app:topface AND platform:ok","_exists_:(user_mau.1605.topfacemobappandroid OR user_mau.1605.topfacemobappios OR user_mau.1605.topface OR user_mau.1605.standalonetf)",0
"2017-11-01 00:00:00","first_app:topface AND platform:ok","_exists_:(user_mau.1606.topfacemobappandroid OR user_mau.1606.topfacemobappios OR user_mau.1606.topface OR user_mau.1606.standalonetf)",0
"2017-11-01 00:00:00","first_app:topface AND platform:ok","_exists_:(user_mau.1607.topfacemobappandroid OR user_mau.1607.topfacemobappios OR user_mau.1607.topface OR user_mau.1607.standalonetf)",0
"2017-11-01 00:00:00","first_app:topface AND platform:ok","_exists_:(user_mau.1608.topfacemobappandroid OR user_mau.1608.topfacemobappios OR user_mau.1608.topface OR user_mau.1608.standalonetf)",0
"2017-11-01 00:00:00","first_app:topface AND platform:ok","_exists_:(user_mau.1609.topfacemobappandroid OR user_mau.1609.topfacemobappios OR user_mau.1609.topface OR user_mau.1609.standalonetf)",0
"2017-11-01 00:00:00","first_app:topface AND platform:ok","_exists_:(user_mau.1610.topfacemobappandroid OR user_mau.1610.topfacemobappios OR user_mau.1610.topface OR user_mau.1610.standalonetf)",0
"2017-11-01 00:00:00","first_app:topface AND platform:ok","_exists_:(user_mau.1611.topfacemobappandroid OR user_mau.1611.topfacemobappios OR user_mau.1611.topface OR user_mau.1611.standalonetf)",0
"2017-11-01 00:00:00","first_app:topface AND platform:ok","_exists_:(user_mau.1612.topfacemobappandroid OR user_mau.1612.topfacemobappios OR user_mau.1612.topface OR user_mau.1612.standalonetf)",0
"2017-11-01 00:00:00","first_app:topface AND platform:ok","_exists_:(user_mau.1701.topfacemobappandroid OR user_mau.1701.topfacemobappios OR user_mau.1701.topface OR user_mau.1701.standalonetf)",0
"2017-11-01 00:00:00","first_app:topface AND platform:ok","_exists_:(user_mau.1702.topfacemobappandroid OR user_mau.1702.topfacemobappios OR user_mau.1702.topface OR user_mau.1702.standalonetf)",0
"2017-11-01 00:00:00","first_app:topface AND platform:ok","_exists_:(user_mau.1703.topfacemobappandroid OR user_mau.1703.topfacemobappios OR user_mau.1703.topface OR user_mau.1703.standalonetf)",0
"2017-11-01 00:00:00","first_app:topface AND platform:ok","_exists_:(user_mau.1704.topfacemobappandroid OR user_mau.1704.topfacemobappios OR user_mau.1704.topface OR user_mau.1704.standalonetf)",0
"2017-11-01 00:00:00","first_app:topface AND platform:ok","_exists_:(user_mau.1705.topfacemobappandroid OR user_mau.1705.topfacemobappios OR user_mau.1705.topface OR user_mau.1705.standalonetf)",0
"2017-11-01 00:00:00","first_app:topface AND platform:ok","_exists_:(user_mau.1706.topfacemobappandroid OR user_mau.1706.topfacemobappios OR user_mau.1706.topface OR user_mau.1706.standalonetf)",0
"2017-11-01 00:00:00","first_app:topface AND platform:ok","_exists_:(user_mau.1707.topfacemobappandroid OR user_mau.1707.topfacemobappios OR user_mau.1707.topface OR user_mau.1707.standalonetf)",0
"2017-11-01 00:00:00","first_app:topface AND platform:ok","_exists_:(user_mau.1708.topfacemobappandroid OR user_mau.1708.topfacemobappios OR user_mau.1708.topface OR user_mau.1708.standalonetf)",0
"2017-11-01 00:00:00","first_app:topface AND platform:ok","_exists_:(user_mau.1709.topfacemobappandroid OR user_mau.1709.topfacemobappios OR user_mau.1709.topface OR user_mau.1709.standalonetf)",0
"2017-11-01 00:00:00","first_app:topface AND platform:ok","_exists_:(user_mau.1710.topfacemobappandroid OR user_mau.1710.topfacemobappios OR user_mau.1710.topface OR user_mau.1710.standalonetf)",0
"2017-11-01 00:00:00","first_app:topface AND platform:ok","_exists_:(user_mau.1711.topfacemobappandroid OR user_mau.1711.topfacemobappios OR user_mau.1711.topface OR user_mau.1711.standalonetf)",0
"2017-11-01 00:00:00","first_app:topface AND platform:ok","_exists_:(user_mau.1712.topfacemobappandroid OR user_mau.1712.topfacemobappios OR user_mau.1712.topface OR user_mau.1712.standalonetf)",0
"2017-11-01 00:00:00","first_app:topface AND platform:ok","_exists_:(user_mau.1801.topfacemobappandroid OR user_mau.1801.topfacemobappios OR user_mau.1801.topface OR user_mau.1801.standalonetf)",0
"2017-11-01 00:00:00","first_app:topface AND platform:ok","_exists_:(user_mau.1802.topfacemobappandroid OR user_mau.1802.topfacemobappios OR user_mau.1802.topface OR user_mau.1802.standalonetf)",0
"2017-11-01 00:00:00","first_app:topface AND platform:fb","*",2
"2017-11-01 00:00:00","first_app:topface AND platform:fb","_exists_:(user_mau.1501.topfacemobappandroid OR user_mau.1501.topfacemobappios OR user_mau.1501.topface OR user_mau.1501.standalonetf)",0
"2017-11-01 00:00:00","first_app:topface AND platform:fb","_exists_:(user_mau.1502.topfacemobappandroid OR user_mau.1502.topfacemobappios OR user_mau.1502.topface OR user_mau.1502.standalonetf)",0
"2017-11-01 00:00:00","first_app:topface AND platform:fb","_exists_:(user_mau.1503.topfacemobappandroid OR user_mau.1503.topfacemobappios OR user_mau.1503.topface OR user_mau.1503.standalonetf)",0
"2017-11-01 00:00:00","first_app:topface AND platform:fb","_exists_:(user_mau.1504.topfacemobappandroid OR user_mau.1504.topfacemobappios OR user_mau.1504.topface OR user_mau.1504.standalonetf)",0
"2017-11-01 00:00:00","first_app:topface AND platform:fb","_exists_:(user_mau.1505.topfacemobappandroid OR user_mau.1505.topfacemobappios OR user_mau.1505.topface OR user_mau.1505.standalonetf)",0
"2017-11-01 00:00:00","first_app:topface AND platform:fb","_exists_:(user_mau.1506.topfacemobappandroid OR user_mau.1506.topfacemobappios OR user_mau.1506.topface OR user_mau.1506.standalonetf)",0
"2017-11-01 00:00:00","first_app:topface AND platform:fb","_exists_:(user_mau.1507.topfacemobappandroid OR user_mau.1507.topfacemobappios OR user_mau.1507.topface OR user_mau.1507.standalonetf)",0
"2017-11-01 00:00:00","first_app:topface AND platform:fb","_exists_:(user_mau.1508.topfacemobappandroid OR user_mau.1508.topfacemobappios OR user_mau.1508.topface OR user_mau.1508.standalonetf)",0
"2017-11-01 00:00:00","first_app:topface AND platform:fb","_exists_:(user_mau.1509.topfacemobappandroid OR user_mau.1509.topfacemobappios OR user_mau.1509.topface OR user_mau.1509.standalonetf)",0
"2017-11-01 00:00:00","first_app:topface AND platform:fb","_exists_:(user_mau.1510.topfacemobappandroid OR user_mau.1510.topfacemobappios OR user_mau.1510.topface OR user_mau.1510.standalonetf)",0
"2017-11-01 00:00:00","first_app:topface AND platform:fb","_exists_:(user_mau.1511.topfacemobappandroid OR user_mau.1511.topfacemobappios OR user_mau.1511.topface OR user_mau.1511.standalonetf)",0
"2017-11-01 00:00:00","first_app:topface AND platform:fb","_exists_:(user_mau.1512.topfacemobappandroid OR user_mau.1512.topfacemobappios OR user_mau.1512.topface OR user_mau.1512.standalonetf)",0
"2017-11-01 00:00:00","first_app:topface AND platform:fb","_exists_:(user_mau.1601.topfacemobappandroid OR user_mau.1601.topfacemobappios OR user_mau.1601.topface OR user_mau.1601.standalonetf)",0
"2017-11-01 00:00:00","first_app:topface AND platform:fb","_exists_:(user_mau.1602.topfacemobappandroid OR user_mau.1602.topfacemobappios OR user_mau.1602.topface OR user_mau.1602.standalonetf)",0
"2017-11-01 00:00:00","first_app:topface AND platform:fb","_exists_:(user_mau.1603.topfacemobappandroid OR user_mau.1603.topfacemobappios OR user_mau.1603.topface OR user_mau.1603.standalonetf)",0
"2017-11-01 00:00:00","first_app:topface AND platform:fb","_exists_:(user_mau.1604.topfacemobappandroid OR user_mau.1604.topfacemobappios OR user_mau.1604.topface OR user_mau.1604.standalonetf)",0
"2017-11-01 00:00:00","first_app:topface AND platform:fb","_exists_:(user_mau.1605.topfacemobappandroid OR user_mau.1605.topfacemobappios OR user_mau.1605.topface OR user_mau.1605.standalonetf)",0
"2017-11-01 00:00:00","first_app:topface AND platform:fb","_exists_:(user_mau.1606.topfacemobappandroid OR user_mau.1606.topfacemobappios OR user_mau.1606.topface OR user_mau.1606.standalonetf)",0
"2017-11-01 00:00:00","first_app:topface AND platform:fb","_exists_:(user_mau.1607.topfacemobappandroid OR user_mau.1607.topfacemobappios OR user_mau.1607.topface OR user_mau.1607.standalonetf)",0
"2017-11-01 00:00:00","first_app:topface AND platform:fb","_exists_:(user_mau.1608.topfacemobappandroid OR user_mau.1608.topfacemobappios OR user_mau.1608.topface OR user_mau.1608.standalonetf)",0
"2017-11-01 00:00:00","first_app:topface AND platform:fb","_exists_:(user_mau.1609.topfacemobappandroid OR user_mau.1609.topfacemobappios OR user_mau.1609.topface OR user_mau.1609.standalonetf)",0
"2017-11-01 00:00:00","first_app:topface AND platform:fb","_exists_:(user_mau.1610.topfacemobappandroid OR user_mau.1610.topfacemobappios OR user_mau.1610.topface OR user_mau.1610.standalonetf)",0
"2017-11-01 00:00:00","first_app:topface AND platform:fb","_exists_:(user_mau.1611.topfacemobappandroid OR user_mau.1611.topfacemobappios OR user_mau.1611.topface OR user_mau.1611.standalonetf)",0
"2017-11-01 00:00:00","first_app:topface AND platform:fb","_exists_:(user_mau.1612.topfacemobappandroid OR user_mau.1612.topfacemobappios OR user_mau.1612.topface OR user_mau.1612.standalonetf)",0
"2017-11-01 00:00:00","first_app:topface AND platform:fb","_exists_:(user_mau.1701.topfacemobappandroid OR user_mau.1701.topfacemobappios OR user_mau.1701.topface OR user_mau.1701.standalonetf)",0
"2017-11-01 00:00:00","first_app:topface AND platform:fb","_exists_:(user_mau.1702.topfacemobappandroid OR user_mau.1702.topfacemobappios OR user_mau.1702.topface OR user_mau.1702.standalonetf)",0
"2017-11-01 00:00:00","first_app:topface AND platform:fb","_exists_:(user_mau.1703.topfacemobappandroid OR user_mau.1703.topfacemobappios OR user_mau.1703.topface OR user_mau.1703.standalonetf)",0
"2017-11-01 00:00:00","first_app:topface AND platform:fb","_exists_:(user_mau.1704.topfacemobappandroid OR user_mau.1704.topfacemobappios OR user_mau.1704.topface OR user_mau.1704.standalonetf)",0
"2017-11-01 00:00:00","first_app:topface AND platform:fb","_exists_:(user_mau.1705.topfacemobappandroid OR user_mau.1705.topfacemobappios OR user_mau.1705.topface OR user_mau.1705.standalonetf)",0
"2017-11-01 00:00:00","first_app:topface AND platform:fb","_exists_:(user_mau.1706.topfacemobappandroid OR user_mau.1706.topfacemobappios OR user_mau.1706.topface OR user_mau.1706.standalonetf)",0
"2017-11-01 00:00:00","first_app:topface AND platform:fb","_exists_:(user_mau.1707.topfacemobappandroid OR user_mau.1707.topfacemobappios OR user_mau.1707.topface OR user_mau.1707.standalonetf)",0
"2017-11-01 00:00:00","first_app:topface AND platform:fb","_exists_:(user_mau.1708.topfacemobappandroid OR user_mau.1708.topfacemobappios OR user_mau.1708.topface OR user_mau.1708.standalonetf)",0
"2017-11-01 00:00:00","first_app:topface AND platform:fb","_exists_:(user_mau.1709.topfacemobappandroid OR user_mau.1709.topfacemobappios OR user_mau.1709.topface OR user_mau.1709.standalonetf)",0
"2017-11-01 00:00:00","first_app:topface AND platform:fb","_exists_:(user_mau.1710.topfacemobappandroid OR user_mau.1710.topfacemobappios OR user_mau.1710.topface OR user_mau.1710.standalonetf)",0
"2017-11-01 00:00:00","first_app:topface AND platform:fb","_exists_:(user_mau.1711.topfacemobappandroid OR user_mau.1711.topfacemobappios OR user_mau.1711.topface OR user_mau.1711.standalonetf)",2
"2017-11-01 00:00:00","first_app:topface AND platform:fb","_exists_:(user_mau.1712.topfacemobappandroid OR user_mau.1712.topfacemobappios OR user_mau.1712.topface OR user_mau.1712.standalonetf)",1
"2017-11-01 00:00:00","first_app:topface AND platform:fb","_exists_:(user_mau.1801.topfacemobappandroid OR user_mau.1801.topfacemobappios OR user_mau.1801.topface OR user_mau.1801.standalonetf)",0
"2017-11-01 00:00:00","first_app:topface AND platform:fb","_exists_:(user_mau.1802.topfacemobappandroid OR user_mau.1802.topfacemobappios OR user_mau.1802.topface OR user_mau.1802.standalonetf)",0
"2017-12-01 00:00:00","first_app:topfacemobappandroid","*","222,872"
"2017-12-01 00:00:00","first_app:topfacemobappandroid","_exists_:(user_mau.1501.topfacemobappandroid OR user_mau.1501.topfacemobappios OR user_mau.1501.topface OR user_mau.1501.standalonetf)",0
"2017-12-01 00:00:00","first_app:topfacemobappandroid","_exists_:(user_mau.1502.topfacemobappandroid OR user_mau.1502.topfacemobappios OR user_mau.1502.topface OR user_mau.1502.standalonetf)",0
"2017-12-01 00:00:00","first_app:topfacemobappandroid","_exists_:(user_mau.1503.topfacemobappandroid OR user_mau.1503.topfacemobappios OR user_mau.1503.topface OR user_mau.1503.standalonetf)",0
"2017-12-01 00:00:00","first_app:topfacemobappandroid","_exists_:(user_mau.1504.topfacemobappandroid OR user_mau.1504.topfacemobappios OR user_mau.1504.topface OR user_mau.1504.standalonetf)",0
"2017-12-01 00:00:00","first_app:topfacemobappandroid","_exists_:(user_mau.1505.topfacemobappandroid OR user_mau.1505.topfacemobappios OR user_mau.1505.topface OR user_mau.1505.standalonetf)",0
"2017-12-01 00:00:00","first_app:topfacemobappandroid","_exists_:(user_mau.1506.topfacemobappandroid OR user_mau.1506.topfacemobappios OR user_mau.1506.topface OR user_mau.1506.standalonetf)",0
"2017-12-01 00:00:00","first_app:topfacemobappandroid","_exists_:(user_mau.1507.topfacemobappandroid OR user_mau.1507.topfacemobappios OR user_mau.1507.topface OR user_mau.1507.standalonetf)",0
"2017-12-01 00:00:00","first_app:topfacemobappandroid","_exists_:(user_mau.1508.topfacemobappandroid OR user_mau.1508.topfacemobappios OR user_mau.1508.topface OR user_mau.1508.standalonetf)",0
"2017-12-01 00:00:00","first_app:topfacemobappandroid","_exists_:(user_mau.1509.topfacemobappandroid OR user_mau.1509.topfacemobappios OR user_mau.1509.topface OR user_mau.1509.standalonetf)",0
"2017-12-01 00:00:00","first_app:topfacemobappandroid","_exists_:(user_mau.1510.topfacemobappandroid OR user_mau.1510.topfacemobappios OR user_mau.1510.topface OR user_mau.1510.standalonetf)",0
"2017-12-01 00:00:00","first_app:topfacemobappandroid","_exists_:(user_mau.1511.topfacemobappandroid OR user_mau.1511.topfacemobappios OR user_mau.1511.topface OR user_mau.1511.standalonetf)",0
"2017-12-01 00:00:00","first_app:topfacemobappandroid","_exists_:(user_mau.1512.topfacemobappandroid OR user_mau.1512.topfacemobappios OR user_mau.1512.topface OR user_mau.1512.standalonetf)",0
"2017-12-01 00:00:00","first_app:topfacemobappandroid","_exists_:(user_mau.1601.topfacemobappandroid OR user_mau.1601.topfacemobappios OR user_mau.1601.topface OR user_mau.1601.standalonetf)",0
"2017-12-01 00:00:00","first_app:topfacemobappandroid","_exists_:(user_mau.1602.topfacemobappandroid OR user_mau.1602.topfacemobappios OR user_mau.1602.topface OR user_mau.1602.standalonetf)",0
"2017-12-01 00:00:00","first_app:topfacemobappandroid","_exists_:(user_mau.1603.topfacemobappandroid OR user_mau.1603.topfacemobappios OR user_mau.1603.topface OR user_mau.1603.standalonetf)",0
"2017-12-01 00:00:00","first_app:topfacemobappandroid","_exists_:(user_mau.1604.topfacemobappandroid OR user_mau.1604.topfacemobappios OR user_mau.1604.topface OR user_mau.1604.standalonetf)",0
"2017-12-01 00:00:00","first_app:topfacemobappandroid","_exists_:(user_mau.1605.topfacemobappandroid OR user_mau.1605.topfacemobappios OR user_mau.1605.topface OR user_mau.1605.standalonetf)",0
"2017-12-01 00:00:00","first_app:topfacemobappandroid","_exists_:(user_mau.1606.topfacemobappandroid OR user_mau.1606.topfacemobappios OR user_mau.1606.topface OR user_mau.1606.standalonetf)",0
"2017-12-01 00:00:00","first_app:topfacemobappandroid","_exists_:(user_mau.1607.topfacemobappandroid OR user_mau.1607.topfacemobappios OR user_mau.1607.topface OR user_mau.1607.standalonetf)",0
"2017-12-01 00:00:00","first_app:topfacemobappandroid","_exists_:(user_mau.1608.topfacemobappandroid OR user_mau.1608.topfacemobappios OR user_mau.1608.topface OR user_mau.1608.standalonetf)",0
"2017-12-01 00:00:00","first_app:topfacemobappandroid","_exists_:(user_mau.1609.topfacemobappandroid OR user_mau.1609.topfacemobappios OR user_mau.1609.topface OR user_mau.1609.standalonetf)",0
"2017-12-01 00:00:00","first_app:topfacemobappandroid","_exists_:(user_mau.1610.topfacemobappandroid OR user_mau.1610.topfacemobappios OR user_mau.1610.topface OR user_mau.1610.standalonetf)",0
"2017-12-01 00:00:00","first_app:topfacemobappandroid","_exists_:(user_mau.1611.topfacemobappandroid OR user_mau.1611.topfacemobappios OR user_mau.1611.topface OR user_mau.1611.standalonetf)",0
"2017-12-01 00:00:00","first_app:topfacemobappandroid","_exists_:(user_mau.1612.topfacemobappandroid OR user_mau.1612.topfacemobappios OR user_mau.1612.topface OR user_mau.1612.standalonetf)",0
"2017-12-01 00:00:00","first_app:topfacemobappandroid","_exists_:(user_mau.1701.topfacemobappandroid OR user_mau.1701.topfacemobappios OR user_mau.1701.topface OR user_mau.1701.standalonetf)",0
"2017-12-01 00:00:00","first_app:topfacemobappandroid","_exists_:(user_mau.1702.topfacemobappandroid OR user_mau.1702.topfacemobappios OR user_mau.1702.topface OR user_mau.1702.standalonetf)",0
"2017-12-01 00:00:00","first_app:topfacemobappandroid","_exists_:(user_mau.1703.topfacemobappandroid OR user_mau.1703.topfacemobappios OR user_mau.1703.topface OR user_mau.1703.standalonetf)",0
"2017-12-01 00:00:00","first_app:topfacemobappandroid","_exists_:(user_mau.1704.topfacemobappandroid OR user_mau.1704.topfacemobappios OR user_mau.1704.topface OR user_mau.1704.standalonetf)",0
"2017-12-01 00:00:00","first_app:topfacemobappandroid","_exists_:(user_mau.1705.topfacemobappandroid OR user_mau.1705.topfacemobappios OR user_mau.1705.topface OR user_mau.1705.standalonetf)",0
"2017-12-01 00:00:00","first_app:topfacemobappandroid","_exists_:(user_mau.1706.topfacemobappandroid OR user_mau.1706.topfacemobappios OR user_mau.1706.topface OR user_mau.1706.standalonetf)",0
"2017-12-01 00:00:00","first_app:topfacemobappandroid","_exists_:(user_mau.1707.topfacemobappandroid OR user_mau.1707.topfacemobappios OR user_mau.1707.topface OR user_mau.1707.standalonetf)",0
"2017-12-01 00:00:00","first_app:topfacemobappandroid","_exists_:(user_mau.1708.topfacemobappandroid OR user_mau.1708.topfacemobappios OR user_mau.1708.topface OR user_mau.1708.standalonetf)",0
"2017-12-01 00:00:00","first_app:topfacemobappandroid","_exists_:(user_mau.1709.topfacemobappandroid OR user_mau.1709.topfacemobappios OR user_mau.1709.topface OR user_mau.1709.standalonetf)",0
"2017-12-01 00:00:00","first_app:topfacemobappandroid","_exists_:(user_mau.1710.topfacemobappandroid OR user_mau.1710.topfacemobappios OR user_mau.1710.topface OR user_mau.1710.standalonetf)",0
"2017-12-01 00:00:00","first_app:topfacemobappandroid","_exists_:(user_mau.1711.topfacemobappandroid OR user_mau.1711.topfacemobappios OR user_mau.1711.topface OR user_mau.1711.standalonetf)",0
"2017-12-01 00:00:00","first_app:topfacemobappandroid","_exists_:(user_mau.1712.topfacemobappandroid OR user_mau.1712.topfacemobappios OR user_mau.1712.topface OR user_mau.1712.standalonetf)","222,872"
"2017-12-01 00:00:00","first_app:topfacemobappandroid","_exists_:(user_mau.1801.topfacemobappandroid OR user_mau.1801.topfacemobappios OR user_mau.1801.topface OR user_mau.1801.standalonetf)","37,810"
"2017-12-01 00:00:00","first_app:topfacemobappandroid","_exists_:(user_mau.1802.topfacemobappandroid OR user_mau.1802.topfacemobappios OR user_mau.1802.topface OR user_mau.1802.standalonetf)","17,565"
"2017-12-01 00:00:00","first_app:topfacemobappios","*","108,142"
"2017-12-01 00:00:00","first_app:topfacemobappios","_exists_:(user_mau.1501.topfacemobappandroid OR user_mau.1501.topfacemobappios OR user_mau.1501.topface OR user_mau.1501.standalonetf)",0
"2017-12-01 00:00:00","first_app:topfacemobappios","_exists_:(user_mau.1502.topfacemobappandroid OR user_mau.1502.topfacemobappios OR user_mau.1502.topface OR user_mau.1502.standalonetf)",0
"2017-12-01 00:00:00","first_app:topfacemobappios","_exists_:(user_mau.1503.topfacemobappandroid OR user_mau.1503.topfacemobappios OR user_mau.1503.topface OR user_mau.1503.standalonetf)",0
"2017-12-01 00:00:00","first_app:topfacemobappios","_exists_:(user_mau.1504.topfacemobappandroid OR user_mau.1504.topfacemobappios OR user_mau.1504.topface OR user_mau.1504.standalonetf)",0
"2017-12-01 00:00:00","first_app:topfacemobappios","_exists_:(user_mau.1505.topfacemobappandroid OR user_mau.1505.topfacemobappios OR user_mau.1505.topface OR user_mau.1505.standalonetf)",0
"2017-12-01 00:00:00","first_app:topfacemobappios","_exists_:(user_mau.1506.topfacemobappandroid OR user_mau.1506.topfacemobappios OR user_mau.1506.topface OR user_mau.1506.standalonetf)",0
"2017-12-01 00:00:00","first_app:topfacemobappios","_exists_:(user_mau.1507.topfacemobappandroid OR user_mau.1507.topfacemobappios OR user_mau.1507.topface OR user_mau.1507.standalonetf)",0
"2017-12-01 00:00:00","first_app:topfacemobappios","_exists_:(user_mau.1508.topfacemobappandroid OR user_mau.1508.topfacemobappios OR user_mau.1508.topface OR user_mau.1508.standalonetf)",0
"2017-12-01 00:00:00","first_app:topfacemobappios","_exists_:(user_mau.1509.topfacemobappandroid OR user_mau.1509.topfacemobappios OR user_mau.1509.topface OR user_mau.1509.standalonetf)",0
"2017-12-01 00:00:00","first_app:topfacemobappios","_exists_:(user_mau.1510.topfacemobappandroid OR user_mau.1510.topfacemobappios OR user_mau.1510.topface OR user_mau.1510.standalonetf)",0
"2017-12-01 00:00:00","first_app:topfacemobappios","_exists_:(user_mau.1511.topfacemobappandroid OR user_mau.1511.topfacemobappios OR user_mau.1511.topface OR user_mau.1511.standalonetf)",0
"2017-12-01 00:00:00","first_app:topfacemobappios","_exists_:(user_mau.1512.topfacemobappandroid OR user_mau.1512.topfacemobappios OR user_mau.1512.topface OR user_mau.1512.standalonetf)",0
"2017-12-01 00:00:00","first_app:topfacemobappios","_exists_:(user_mau.1601.topfacemobappandroid OR user_mau.1601.topfacemobappios OR user_mau.1601.topface OR user_mau.1601.standalonetf)",0
"2017-12-01 00:00:00","first_app:topfacemobappios","_exists_:(user_mau.1602.topfacemobappandroid OR user_mau.1602.topfacemobappios OR user_mau.1602.topface OR user_mau.1602.standalonetf)",0
"2017-12-01 00:00:00","first_app:topfacemobappios","_exists_:(user_mau.1603.topfacemobappandroid OR user_mau.1603.topfacemobappios OR user_mau.1603.topface OR user_mau.1603.standalonetf)",0
"2017-12-01 00:00:00","first_app:topfacemobappios","_exists_:(user_mau.1604.topfacemobappandroid OR user_mau.1604.topfacemobappios OR user_mau.1604.topface OR user_mau.1604.standalonetf)",0
"2017-12-01 00:00:00","first_app:topfacemobappios","_exists_:(user_mau.1605.topfacemobappandroid OR user_mau.1605.topfacemobappios OR user_mau.1605.topface OR user_mau.1605.standalonetf)",0
"2017-12-01 00:00:00","first_app:topfacemobappios","_exists_:(user_mau.1606.topfacemobappandroid OR user_mau.1606.topfacemobappios OR user_mau.1606.topface OR user_mau.1606.standalonetf)",0
"2017-12-01 00:00:00","first_app:topfacemobappios","_exists_:(user_mau.1607.topfacemobappandroid OR user_mau.1607.topfacemobappios OR user_mau.1607.topface OR user_mau.1607.standalonetf)",0
"2017-12-01 00:00:00","first_app:topfacemobappios","_exists_:(user_mau.1608.topfacemobappandroid OR user_mau.1608.topfacemobappios OR user_mau.1608.topface OR user_mau.1608.standalonetf)",0
"2017-12-01 00:00:00","first_app:topfacemobappios","_exists_:(user_mau.1609.topfacemobappandroid OR user_mau.1609.topfacemobappios OR user_mau.1609.topface OR user_mau.1609.standalonetf)",0
"2017-12-01 00:00:00","first_app:topfacemobappios","_exists_:(user_mau.1610.topfacemobappandroid OR user_mau.1610.topfacemobappios OR user_mau.1610.topface OR user_mau.1610.standalonetf)",0
"2017-12-01 00:00:00","first_app:topfacemobappios","_exists_:(user_mau.1611.topfacemobappandroid OR user_mau.1611.topfacemobappios OR user_mau.1611.topface OR user_mau.1611.standalonetf)",0
"2017-12-01 00:00:00","first_app:topfacemobappios","_exists_:(user_mau.1612.topfacemobappandroid OR user_mau.1612.topfacemobappios OR user_mau.1612.topface OR user_mau.1612.standalonetf)",0
"2017-12-01 00:00:00","first_app:topfacemobappios","_exists_:(user_mau.1701.topfacemobappandroid OR user_mau.1701.topfacemobappios OR user_mau.1701.topface OR user_mau.1701.standalonetf)",0
"2017-12-01 00:00:00","first_app:topfacemobappios","_exists_:(user_mau.1702.topfacemobappandroid OR user_mau.1702.topfacemobappios OR user_mau.1702.topface OR user_mau.1702.standalonetf)",0
"2017-12-01 00:00:00","first_app:topfacemobappios","_exists_:(user_mau.1703.topfacemobappandroid OR user_mau.1703.topfacemobappios OR user_mau.1703.topface OR user_mau.1703.standalonetf)",0
"2017-12-01 00:00:00","first_app:topfacemobappios","_exists_:(user_mau.1704.topfacemobappandroid OR user_mau.1704.topfacemobappios OR user_mau.1704.topface OR user_mau.1704.standalonetf)",0
"2017-12-01 00:00:00","first_app:topfacemobappios","_exists_:(user_mau.1705.topfacemobappandroid OR user_mau.1705.topfacemobappios OR user_mau.1705.topface OR user_mau.1705.standalonetf)",0
"2017-12-01 00:00:00","first_app:topfacemobappios","_exists_:(user_mau.1706.topfacemobappandroid OR user_mau.1706.topfacemobappios OR user_mau.1706.topface OR user_mau.1706.standalonetf)",0
"2017-12-01 00:00:00","first_app:topfacemobappios","_exists_:(user_mau.1707.topfacemobappandroid OR user_mau.1707.topfacemobappios OR user_mau.1707.topface OR user_mau.1707.standalonetf)",0
"2017-12-01 00:00:00","first_app:topfacemobappios","_exists_:(user_mau.1708.topfacemobappandroid OR user_mau.1708.topfacemobappios OR user_mau.1708.topface OR user_mau.1708.standalonetf)",0
"2017-12-01 00:00:00","first_app:topfacemobappios","_exists_:(user_mau.1709.topfacemobappandroid OR user_mau.1709.topfacemobappios OR user_mau.1709.topface OR user_mau.1709.standalonetf)",0
"2017-12-01 00:00:00","first_app:topfacemobappios","_exists_:(user_mau.1710.topfacemobappandroid OR user_mau.1710.topfacemobappios OR user_mau.1710.topface OR user_mau.1710.standalonetf)",0
"2017-12-01 00:00:00","first_app:topfacemobappios","_exists_:(user_mau.1711.topfacemobappandroid OR user_mau.1711.topfacemobappios OR user_mau.1711.topface OR user_mau.1711.standalonetf)",0
"2017-12-01 00:00:00","first_app:topfacemobappios","_exists_:(user_mau.1712.topfacemobappandroid OR user_mau.1712.topfacemobappios OR user_mau.1712.topface OR user_mau.1712.standalonetf)","108,142"
"2017-12-01 00:00:00","first_app:topfacemobappios","_exists_:(user_mau.1801.topfacemobappandroid OR user_mau.1801.topfacemobappios OR user_mau.1801.topface OR user_mau.1801.standalonetf)","18,438"
"2017-12-01 00:00:00","first_app:topfacemobappios","_exists_:(user_mau.1802.topfacemobappandroid OR user_mau.1802.topfacemobappios OR user_mau.1802.topface OR user_mau.1802.standalonetf)","5,489"
"2017-12-01 00:00:00","first_app:standalonetf","*","1,267"
"2017-12-01 00:00:00","first_app:standalonetf","_exists_:(user_mau.1501.topfacemobappandroid OR user_mau.1501.topfacemobappios OR user_mau.1501.topface OR user_mau.1501.standalonetf)",0
"2017-12-01 00:00:00","first_app:standalonetf","_exists_:(user_mau.1502.topfacemobappandroid OR user_mau.1502.topfacemobappios OR user_mau.1502.topface OR user_mau.1502.standalonetf)",0
"2017-12-01 00:00:00","first_app:standalonetf","_exists_:(user_mau.1503.topfacemobappandroid OR user_mau.1503.topfacemobappios OR user_mau.1503.topface OR user_mau.1503.standalonetf)",0
"2017-12-01 00:00:00","first_app:standalonetf","_exists_:(user_mau.1504.topfacemobappandroid OR user_mau.1504.topfacemobappios OR user_mau.1504.topface OR user_mau.1504.standalonetf)",0
"2017-12-01 00:00:00","first_app:standalonetf","_exists_:(user_mau.1505.topfacemobappandroid OR user_mau.1505.topfacemobappios OR user_mau.1505.topface OR user_mau.1505.standalonetf)",0
"2017-12-01 00:00:00","first_app:standalonetf","_exists_:(user_mau.1506.topfacemobappandroid OR user_mau.1506.topfacemobappios OR user_mau.1506.topface OR user_mau.1506.standalonetf)",0
"2017-12-01 00:00:00","first_app:standalonetf","_exists_:(user_mau.1507.topfacemobappandroid OR user_mau.1507.topfacemobappios OR user_mau.1507.topface OR user_mau.1507.standalonetf)",0
"2017-12-01 00:00:00","first_app:standalonetf","_exists_:(user_mau.1508.topfacemobappandroid OR user_mau.1508.topfacemobappios OR user_mau.1508.topface OR user_mau.1508.standalonetf)",0
"2017-12-01 00:00:00","first_app:standalonetf","_exists_:(user_mau.1509.topfacemobappandroid OR user_mau.1509.topfacemobappios OR user_mau.1509.topface OR user_mau.1509.standalonetf)",0
"2017-12-01 00:00:00","first_app:standalonetf","_exists_:(user_mau.1510.topfacemobappandroid OR user_mau.1510.topfacemobappios OR user_mau.1510.topface OR user_mau.1510.standalonetf)",0
"2017-12-01 00:00:00","first_app:standalonetf","_exists_:(user_mau.1511.topfacemobappandroid OR user_mau.1511.topfacemobappios OR user_mau.1511.topface OR user_mau.1511.standalonetf)",0
"2017-12-01 00:00:00","first_app:standalonetf","_exists_:(user_mau.1512.topfacemobappandroid OR user_mau.1512.topfacemobappios OR user_mau.1512.topface OR user_mau.1512.standalonetf)",0
"2017-12-01 00:00:00","first_app:standalonetf","_exists_:(user_mau.1601.topfacemobappandroid OR user_mau.1601.topfacemobappios OR user_mau.1601.topface OR user_mau.1601.standalonetf)",0
"2017-12-01 00:00:00","first_app:standalonetf","_exists_:(user_mau.1602.topfacemobappandroid OR user_mau.1602.topfacemobappios OR user_mau.1602.topface OR user_mau.1602.standalonetf)",0
"2017-12-01 00:00:00","first_app:standalonetf","_exists_:(user_mau.1603.topfacemobappandroid OR user_mau.1603.topfacemobappios OR user_mau.1603.topface OR user_mau.1603.standalonetf)",0
"2017-12-01 00:00:00","first_app:standalonetf","_exists_:(user_mau.1604.topfacemobappandroid OR user_mau.1604.topfacemobappios OR user_mau.1604.topface OR user_mau.1604.standalonetf)",0
"2017-12-01 00:00:00","first_app:standalonetf","_exists_:(user_mau.1605.topfacemobappandroid OR user_mau.1605.topfacemobappios OR user_mau.1605.topface OR user_mau.1605.standalonetf)",0
"2017-12-01 00:00:00","first_app:standalonetf","_exists_:(user_mau.1606.topfacemobappandroid OR user_mau.1606.topfacemobappios OR user_mau.1606.topface OR user_mau.1606.standalonetf)",0
"2017-12-01 00:00:00","first_app:standalonetf","_exists_:(user_mau.1607.topfacemobappandroid OR user_mau.1607.topfacemobappios OR user_mau.1607.topface OR user_mau.1607.standalonetf)",0
"2017-12-01 00:00:00","first_app:standalonetf","_exists_:(user_mau.1608.topfacemobappandroid OR user_mau.1608.topfacemobappios OR user_mau.1608.topface OR user_mau.1608.standalonetf)",0
"2017-12-01 00:00:00","first_app:standalonetf","_exists_:(user_mau.1609.topfacemobappandroid OR user_mau.1609.topfacemobappios OR user_mau.1609.topface OR user_mau.1609.standalonetf)",0
"2017-12-01 00:00:00","first_app:standalonetf","_exists_:(user_mau.1610.topfacemobappandroid OR user_mau.1610.topfacemobappios OR user_mau.1610.topface OR user_mau.1610.standalonetf)",0
"2017-12-01 00:00:00","first_app:standalonetf","_exists_:(user_mau.1611.topfacemobappandroid OR user_mau.1611.topfacemobappios OR user_mau.1611.topface OR user_mau.1611.standalonetf)",0
"2017-12-01 00:00:00","first_app:standalonetf","_exists_:(user_mau.1612.topfacemobappandroid OR user_mau.1612.topfacemobappios OR user_mau.1612.topface OR user_mau.1612.standalonetf)",0
"2017-12-01 00:00:00","first_app:standalonetf","_exists_:(user_mau.1701.topfacemobappandroid OR user_mau.1701.topfacemobappios OR user_mau.1701.topface OR user_mau.1701.standalonetf)",0
"2017-12-01 00:00:00","first_app:standalonetf","_exists_:(user_mau.1702.topfacemobappandroid OR user_mau.1702.topfacemobappios OR user_mau.1702.topface OR user_mau.1702.standalonetf)",0
"2017-12-01 00:00:00","first_app:standalonetf","_exists_:(user_mau.1703.topfacemobappandroid OR user_mau.1703.topfacemobappios OR user_mau.1703.topface OR user_mau.1703.standalonetf)",0
"2017-12-01 00:00:00","first_app:standalonetf","_exists_:(user_mau.1704.topfacemobappandroid OR user_mau.1704.topfacemobappios OR user_mau.1704.topface OR user_mau.1704.standalonetf)",0
"2017-12-01 00:00:00","first_app:standalonetf","_exists_:(user_mau.1705.topfacemobappandroid OR user_mau.1705.topfacemobappios OR user_mau.1705.topface OR user_mau.1705.standalonetf)",0
"2017-12-01 00:00:00","first_app:standalonetf","_exists_:(user_mau.1706.topfacemobappandroid OR user_mau.1706.topfacemobappios OR user_mau.1706.topface OR user_mau.1706.standalonetf)",0
"2017-12-01 00:00:00","first_app:standalonetf","_exists_:(user_mau.1707.topfacemobappandroid OR user_mau.1707.topfacemobappios OR user_mau.1707.topface OR user_mau.1707.standalonetf)",0
"2017-12-01 00:00:00","first_app:standalonetf","_exists_:(user_mau.1708.topfacemobappandroid OR user_mau.1708.topfacemobappios OR user_mau.1708.topface OR user_mau.1708.standalonetf)",0
"2017-12-01 00:00:00","first_app:standalonetf","_exists_:(user_mau.1709.topfacemobappandroid OR user_mau.1709.topfacemobappios OR user_mau.1709.topface OR user_mau.1709.standalonetf)",0
"2017-12-01 00:00:00","first_app:standalonetf","_exists_:(user_mau.1710.topfacemobappandroid OR user_mau.1710.topfacemobappios OR user_mau.1710.topface OR user_mau.1710.standalonetf)",0
"2017-12-01 00:00:00","first_app:standalonetf","_exists_:(user_mau.1711.topfacemobappandroid OR user_mau.1711.topfacemobappios OR user_mau.1711.topface OR user_mau.1711.standalonetf)",0
"2017-12-01 00:00:00","first_app:standalonetf","_exists_:(user_mau.1712.topfacemobappandroid OR user_mau.1712.topfacemobappios OR user_mau.1712.topface OR user_mau.1712.standalonetf)","1,106"
"2017-12-01 00:00:00","first_app:standalonetf","_exists_:(user_mau.1801.topfacemobappandroid OR user_mau.1801.topfacemobappios OR user_mau.1801.topface OR user_mau.1801.standalonetf)",255
"2017-12-01 00:00:00","first_app:standalonetf","_exists_:(user_mau.1802.topfacemobappandroid OR user_mau.1802.topfacemobappios OR user_mau.1802.topface OR user_mau.1802.standalonetf)",136
"2017-12-01 00:00:00","first_app:topface AND platform:vk","*",27
"2017-12-01 00:00:00","first_app:topface AND platform:vk","_exists_:(user_mau.1501.topfacemobappandroid OR user_mau.1501.topfacemobappios OR user_mau.1501.topface OR user_mau.1501.standalonetf)",0
"2017-12-01 00:00:00","first_app:topface AND platform:vk","_exists_:(user_mau.1502.topfacemobappandroid OR user_mau.1502.topfacemobappios OR user_mau.1502.topface OR user_mau.1502.standalonetf)",0
"2017-12-01 00:00:00","first_app:topface AND platform:vk","_exists_:(user_mau.1503.topfacemobappandroid OR user_mau.1503.topfacemobappios OR user_mau.1503.topface OR user_mau.1503.standalonetf)",0
"2017-12-01 00:00:00","first_app:topface AND platform:vk","_exists_:(user_mau.1504.topfacemobappandroid OR user_mau.1504.topfacemobappios OR user_mau.1504.topface OR user_mau.1504.standalonetf)",0
"2017-12-01 00:00:00","first_app:topface AND platform:vk","_exists_:(user_mau.1505.topfacemobappandroid OR user_mau.1505.topfacemobappios OR user_mau.1505.topface OR user_mau.1505.standalonetf)",0
"2017-12-01 00:00:00","first_app:topface AND platform:vk","_exists_:(user_mau.1506.topfacemobappandroid OR user_mau.1506.topfacemobappios OR user_mau.1506.topface OR user_mau.1506.standalonetf)",0
"2017-12-01 00:00:00","first_app:topface AND platform:vk","_exists_:(user_mau.1507.topfacemobappandroid OR user_mau.1507.topfacemobappios OR user_mau.1507.topface OR user_mau.1507.standalonetf)",0
"2017-12-01 00:00:00","first_app:topface AND platform:vk","_exists_:(user_mau.1508.topfacemobappandroid OR user_mau.1508.topfacemobappios OR user_mau.1508.topface OR user_mau.1508.standalonetf)",0
"2017-12-01 00:00:00","first_app:topface AND platform:vk","_exists_:(user_mau.1509.topfacemobappandroid OR user_mau.1509.topfacemobappios OR user_mau.1509.topface OR user_mau.1509.standalonetf)",0
"2017-12-01 00:00:00","first_app:topface AND platform:vk","_exists_:(user_mau.1510.topfacemobappandroid OR user_mau.1510.topfacemobappios OR user_mau.1510.topface OR user_mau.1510.standalonetf)",0
"2017-12-01 00:00:00","first_app:topface AND platform:vk","_exists_:(user_mau.1511.topfacemobappandroid OR user_mau.1511.topfacemobappios OR user_mau.1511.topface OR user_mau.1511.standalonetf)",0
"2017-12-01 00:00:00","first_app:topface AND platform:vk","_exists_:(user_mau.1512.topfacemobappandroid OR user_mau.1512.topfacemobappios OR user_mau.1512.topface OR user_mau.1512.standalonetf)",0
"2017-12-01 00:00:00","first_app:topface AND platform:vk","_exists_:(user_mau.1601.topfacemobappandroid OR user_mau.1601.topfacemobappios OR user_mau.1601.topface OR user_mau.1601.standalonetf)",0
"2017-12-01 00:00:00","first_app:topface AND platform:vk","_exists_:(user_mau.1602.topfacemobappandroid OR user_mau.1602.topfacemobappios OR user_mau.1602.topface OR user_mau.1602.standalonetf)",0
"2017-12-01 00:00:00","first_app:topface AND platform:vk","_exists_:(user_mau.1603.topfacemobappandroid OR user_mau.1603.topfacemobappios OR user_mau.1603.topface OR user_mau.1603.standalonetf)",0
"2017-12-01 00:00:00","first_app:topface AND platform:vk","_exists_:(user_mau.1604.topfacemobappandroid OR user_mau.1604.topfacemobappios OR user_mau.1604.topface OR user_mau.1604.standalonetf)",0
"2017-12-01 00:00:00","first_app:topface AND platform:vk","_exists_:(user_mau.1605.topfacemobappandroid OR user_mau.1605.topfacemobappios OR user_mau.1605.topface OR user_mau.1605.standalonetf)",0
"2017-12-01 00:00:00","first_app:topface AND platform:vk","_exists_:(user_mau.1606.topfacemobappandroid OR user_mau.1606.topfacemobappios OR user_mau.1606.topface OR user_mau.1606.standalonetf)",0
"2017-12-01 00:00:00","first_app:topface AND platform:vk","_exists_:(user_mau.1607.topfacemobappandroid OR user_mau.1607.topfacemobappios OR user_mau.1607.topface OR user_mau.1607.standalonetf)",0
"2017-12-01 00:00:00","first_app:topface AND platform:vk","_exists_:(user_mau.1608.topfacemobappandroid OR user_mau.1608.topfacemobappios OR user_mau.1608.topface OR user_mau.1608.standalonetf)",0
"2017-12-01 00:00:00","first_app:topface AND platform:vk","_exists_:(user_mau.1609.topfacemobappandroid OR user_mau.1609.topfacemobappios OR user_mau.1609.topface OR user_mau.1609.standalonetf)",0
"2017-12-01 00:00:00","first_app:topface AND platform:vk","_exists_:(user_mau.1610.topfacemobappandroid OR user_mau.1610.topfacemobappios OR user_mau.1610.topface OR user_mau.1610.standalonetf)",0
"2017-12-01 00:00:00","first_app:topface AND platform:vk","_exists_:(user_mau.1611.topfacemobappandroid OR user_mau.1611.topfacemobappios OR user_mau.1611.topface OR user_mau.1611.standalonetf)",0
"2017-12-01 00:00:00","first_app:topface AND platform:vk","_exists_:(user_mau.1612.topfacemobappandroid OR user_mau.1612.topfacemobappios OR user_mau.1612.topface OR user_mau.1612.standalonetf)",0
"2017-12-01 00:00:00","first_app:topface AND platform:vk","_exists_:(user_mau.1701.topfacemobappandroid OR user_mau.1701.topfacemobappios OR user_mau.1701.topface OR user_mau.1701.standalonetf)",0
"2017-12-01 00:00:00","first_app:topface AND platform:vk","_exists_:(user_mau.1702.topfacemobappandroid OR user_mau.1702.topfacemobappios OR user_mau.1702.topface OR user_mau.1702.standalonetf)",0
"2017-12-01 00:00:00","first_app:topface AND platform:vk","_exists_:(user_mau.1703.topfacemobappandroid OR user_mau.1703.topfacemobappios OR user_mau.1703.topface OR user_mau.1703.standalonetf)",0
"2017-12-01 00:00:00","first_app:topface AND platform:vk","_exists_:(user_mau.1704.topfacemobappandroid OR user_mau.1704.topfacemobappios OR user_mau.1704.topface OR user_mau.1704.standalonetf)",0
"2017-12-01 00:00:00","first_app:topface AND platform:vk","_exists_:(user_mau.1705.topfacemobappandroid OR user_mau.1705.topfacemobappios OR user_mau.1705.topface OR user_mau.1705.standalonetf)",0
"2017-12-01 00:00:00","first_app:topface AND platform:vk","_exists_:(user_mau.1706.topfacemobappandroid OR user_mau.1706.topfacemobappios OR user_mau.1706.topface OR user_mau.1706.standalonetf)",0
"2017-12-01 00:00:00","first_app:topface AND platform:vk","_exists_:(user_mau.1707.topfacemobappandroid OR user_mau.1707.topfacemobappios OR user_mau.1707.topface OR user_mau.1707.standalonetf)",0
"2017-12-01 00:00:00","first_app:topface AND platform:vk","_exists_:(user_mau.1708.topfacemobappandroid OR user_mau.1708.topfacemobappios OR user_mau.1708.topface OR user_mau.1708.standalonetf)",0
"2017-12-01 00:00:00","first_app:topface AND platform:vk","_exists_:(user_mau.1709.topfacemobappandroid OR user_mau.1709.topfacemobappios OR user_mau.1709.topface OR user_mau.1709.standalonetf)",0
"2017-12-01 00:00:00","first_app:topface AND platform:vk","_exists_:(user_mau.1710.topfacemobappandroid OR user_mau.1710.topfacemobappios OR user_mau.1710.topface OR user_mau.1710.standalonetf)",0
"2017-12-01 00:00:00","first_app:topface AND platform:vk","_exists_:(user_mau.1711.topfacemobappandroid OR user_mau.1711.topfacemobappios OR user_mau.1711.topface OR user_mau.1711.standalonetf)",0
"2017-12-01 00:00:00","first_app:topface AND platform:vk","_exists_:(user_mau.1712.topfacemobappandroid OR user_mau.1712.topfacemobappios OR user_mau.1712.topface OR user_mau.1712.standalonetf)",27
"2017-12-01 00:00:00","first_app:topface AND platform:vk","_exists_:(user_mau.1801.topfacemobappandroid OR user_mau.1801.topfacemobappios OR user_mau.1801.topface OR user_mau.1801.standalonetf)",13
"2017-12-01 00:00:00","first_app:topface AND platform:vk","_exists_:(user_mau.1802.topfacemobappandroid OR user_mau.1802.topfacemobappios OR user_mau.1802.topface OR user_mau.1802.standalonetf)",9
"2017-12-01 00:00:00","first_app:topface AND platform:ok","*",0
"2017-12-01 00:00:00","first_app:topface AND platform:ok","_exists_:(user_mau.1501.topfacemobappandroid OR user_mau.1501.topfacemobappios OR user_mau.1501.topface OR user_mau.1501.standalonetf)",0
"2017-12-01 00:00:00","first_app:topface AND platform:ok","_exists_:(user_mau.1502.topfacemobappandroid OR user_mau.1502.topfacemobappios OR user_mau.1502.topface OR user_mau.1502.standalonetf)",0
"2017-12-01 00:00:00","first_app:topface AND platform:ok","_exists_:(user_mau.1503.topfacemobappandroid OR user_mau.1503.topfacemobappios OR user_mau.1503.topface OR user_mau.1503.standalonetf)",0
"2017-12-01 00:00:00","first_app:topface AND platform:ok","_exists_:(user_mau.1504.topfacemobappandroid OR user_mau.1504.topfacemobappios OR user_mau.1504.topface OR user_mau.1504.standalonetf)",0
"2017-12-01 00:00:00","first_app:topface AND platform:ok","_exists_:(user_mau.1505.topfacemobappandroid OR user_mau.1505.topfacemobappios OR user_mau.1505.topface OR user_mau.1505.standalonetf)",0
"2017-12-01 00:00:00","first_app:topface AND platform:ok","_exists_:(user_mau.1506.topfacemobappandroid OR user_mau.1506.topfacemobappios OR user_mau.1506.topface OR user_mau.1506.standalonetf)",0
"2017-12-01 00:00:00","first_app:topface AND platform:ok","_exists_:(user_mau.1507.topfacemobappandroid OR user_mau.1507.topfacemobappios OR user_mau.1507.topface OR user_mau.1507.standalonetf)",0
"2017-12-01 00:00:00","first_app:topface AND platform:ok","_exists_:(user_mau.1508.topfacemobappandroid OR user_mau.1508.topfacemobappios OR user_mau.1508.topface OR user_mau.1508.standalonetf)",0
"2017-12-01 00:00:00","first_app:topface AND platform:ok","_exists_:(user_mau.1509.topfacemobappandroid OR user_mau.1509.topfacemobappios OR user_mau.1509.topface OR user_mau.1509.standalonetf)",0
"2017-12-01 00:00:00","first_app:topface AND platform:ok","_exists_:(user_mau.1510.topfacemobappandroid OR user_mau.1510.topfacemobappios OR user_mau.1510.topface OR user_mau.1510.standalonetf)",0
"2017-12-01 00:00:00","first_app:topface AND platform:ok","_exists_:(user_mau.1511.topfacemobappandroid OR user_mau.1511.topfacemobappios OR user_mau.1511.topface OR user_mau.1511.standalonetf)",0
"2017-12-01 00:00:00","first_app:topface AND platform:ok","_exists_:(user_mau.1512.topfacemobappandroid OR user_mau.1512.topfacemobappios OR user_mau.1512.topface OR user_mau.1512.standalonetf)",0
"2017-12-01 00:00:00","first_app:topface AND platform:ok","_exists_:(user_mau.1601.topfacemobappandroid OR user_mau.1601.topfacemobappios OR user_mau.1601.topface OR user_mau.1601.standalonetf)",0
"2017-12-01 00:00:00","first_app:topface AND platform:ok","_exists_:(user_mau.1602.topfacemobappandroid OR user_mau.1602.topfacemobappios OR user_mau.1602.topface OR user_mau.1602.standalonetf)",0
"2017-12-01 00:00:00","first_app:topface AND platform:ok","_exists_:(user_mau.1603.topfacemobappandroid OR user_mau.1603.topfacemobappios OR user_mau.1603.topface OR user_mau.1603.standalonetf)",0
"2017-12-01 00:00:00","first_app:topface AND platform:ok","_exists_:(user_mau.1604.topfacemobappandroid OR user_mau.1604.topfacemobappios OR user_mau.1604.topface OR user_mau.1604.standalonetf)",0
"2017-12-01 00:00:00","first_app:topface AND platform:ok","_exists_:(user_mau.1605.topfacemobappandroid OR user_mau.1605.topfacemobappios OR user_mau.1605.topface OR user_mau.1605.standalonetf)",0
"2017-12-01 00:00:00","first_app:topface AND platform:ok","_exists_:(user_mau.1606.topfacemobappandroid OR user_mau.1606.topfacemobappios OR user_mau.1606.topface OR user_mau.1606.standalonetf)",0
"2017-12-01 00:00:00","first_app:topface AND platform:ok","_exists_:(user_mau.1607.topfacemobappandroid OR user_mau.1607.topfacemobappios OR user_mau.1607.topface OR user_mau.1607.standalonetf)",0
"2017-12-01 00:00:00","first_app:topface AND platform:ok","_exists_:(user_mau.1608.topfacemobappandroid OR user_mau.1608.topfacemobappios OR user_mau.1608.topface OR user_mau.1608.standalonetf)",0
"2017-12-01 00:00:00","first_app:topface AND platform:ok","_exists_:(user_mau.1609.topfacemobappandroid OR user_mau.1609.topfacemobappios OR user_mau.1609.topface OR user_mau.1609.standalonetf)",0
"2017-12-01 00:00:00","first_app:topface AND platform:ok","_exists_:(user_mau.1610.topfacemobappandroid OR user_mau.1610.topfacemobappios OR user_mau.1610.topface OR user_mau.1610.standalonetf)",0
"2017-12-01 00:00:00","first_app:topface AND platform:ok","_exists_:(user_mau.1611.topfacemobappandroid OR user_mau.1611.topfacemobappios OR user_mau.1611.topface OR user_mau.1611.standalonetf)",0
"2017-12-01 00:00:00","first_app:topface AND platform:ok","_exists_:(user_mau.1612.topfacemobappandroid OR user_mau.1612.topfacemobappios OR user_mau.1612.topface OR user_mau.1612.standalonetf)",0
"2017-12-01 00:00:00","first_app:topface AND platform:ok","_exists_:(user_mau.1701.topfacemobappandroid OR user_mau.1701.topfacemobappios OR user_mau.1701.topface OR user_mau.1701.standalonetf)",0
"2017-12-01 00:00:00","first_app:topface AND platform:ok","_exists_:(user_mau.1702.topfacemobappandroid OR user_mau.1702.topfacemobappios OR user_mau.1702.topface OR user_mau.1702.standalonetf)",0
"2017-12-01 00:00:00","first_app:topface AND platform:ok","_exists_:(user_mau.1703.topfacemobappandroid OR user_mau.1703.topfacemobappios OR user_mau.1703.topface OR user_mau.1703.standalonetf)",0
"2017-12-01 00:00:00","first_app:topface AND platform:ok","_exists_:(user_mau.1704.topfacemobappandroid OR user_mau.1704.topfacemobappios OR user_mau.1704.topface OR user_mau.1704.standalonetf)",0
"2017-12-01 00:00:00","first_app:topface AND platform:ok","_exists_:(user_mau.1705.topfacemobappandroid OR user_mau.1705.topfacemobappios OR user_mau.1705.topface OR user_mau.1705.standalonetf)",0
"2017-12-01 00:00:00","first_app:topface AND platform:ok","_exists_:(user_mau.1706.topfacemobappandroid OR user_mau.1706.topfacemobappios OR user_mau.1706.topface OR user_mau.1706.standalonetf)",0
"2017-12-01 00:00:00","first_app:topface AND platform:ok","_exists_:(user_mau.1707.topfacemobappandroid OR user_mau.1707.topfacemobappios OR user_mau.1707.topface OR user_mau.1707.standalonetf)",0
"2017-12-01 00:00:00","first_app:topface AND platform:ok","_exists_:(user_mau.1708.topfacemobappandroid OR user_mau.1708.topfacemobappios OR user_mau.1708.topface OR user_mau.1708.standalonetf)",0
"2017-12-01 00:00:00","first_app:topface AND platform:ok","_exists_:(user_mau.1709.topfacemobappandroid OR user_mau.1709.topfacemobappios OR user_mau.1709.topface OR user_mau.1709.standalonetf)",0
"2017-12-01 00:00:00","first_app:topface AND platform:ok","_exists_:(user_mau.1710.topfacemobappandroid OR user_mau.1710.topfacemobappios OR user_mau.1710.topface OR user_mau.1710.standalonetf)",0
"2017-12-01 00:00:00","first_app:topface AND platform:ok","_exists_:(user_mau.1711.topfacemobappandroid OR user_mau.1711.topfacemobappios OR user_mau.1711.topface OR user_mau.1711.standalonetf)",0
"2017-12-01 00:00:00","first_app:topface AND platform:ok","_exists_:(user_mau.1712.topfacemobappandroid OR user_mau.1712.topfacemobappios OR user_mau.1712.topface OR user_mau.1712.standalonetf)",0
"2017-12-01 00:00:00","first_app:topface AND platform:ok","_exists_:(user_mau.1801.topfacemobappandroid OR user_mau.1801.topfacemobappios OR user_mau.1801.topface OR user_mau.1801.standalonetf)",0
"2017-12-01 00:00:00","first_app:topface AND platform:ok","_exists_:(user_mau.1802.topfacemobappandroid OR user_mau.1802.topfacemobappios OR user_mau.1802.topface OR user_mau.1802.standalonetf)",0
"2017-12-01 00:00:00","first_app:topface AND platform:fb","*",4
"2017-12-01 00:00:00","first_app:topface AND platform:fb","_exists_:(user_mau.1501.topfacemobappandroid OR user_mau.1501.topfacemobappios OR user_mau.1501.topface OR user_mau.1501.standalonetf)",0
"2017-12-01 00:00:00","first_app:topface AND platform:fb","_exists_:(user_mau.1502.topfacemobappandroid OR user_mau.1502.topfacemobappios OR user_mau.1502.topface OR user_mau.1502.standalonetf)",0
"2017-12-01 00:00:00","first_app:topface AND platform:fb","_exists_:(user_mau.1503.topfacemobappandroid OR user_mau.1503.topfacemobappios OR user_mau.1503.topface OR user_mau.1503.standalonetf)",0
"2017-12-01 00:00:00","first_app:topface AND platform:fb","_exists_:(user_mau.1504.topfacemobappandroid OR user_mau.1504.topfacemobappios OR user_mau.1504.topface OR user_mau.1504.standalonetf)",0
"2017-12-01 00:00:00","first_app:topface AND platform:fb","_exists_:(user_mau.1505.topfacemobappandroid OR user_mau.1505.topfacemobappios OR user_mau.1505.topface OR user_mau.1505.standalonetf)",0
"2017-12-01 00:00:00","first_app:topface AND platform:fb","_exists_:(user_mau.1506.topfacemobappandroid OR user_mau.1506.topfacemobappios OR user_mau.1506.topface OR user_mau.1506.standalonetf)",0
"2017-12-01 00:00:00","first_app:topface AND platform:fb","_exists_:(user_mau.1507.topfacemobappandroid OR user_mau.1507.topfacemobappios OR user_mau.1507.topface OR user_mau.1507.standalonetf)",0
"2017-12-01 00:00:00","first_app:topface AND platform:fb","_exists_:(user_mau.1508.topfacemobappandroid OR user_mau.1508.topfacemobappios OR user_mau.1508.topface OR user_mau.1508.standalonetf)",0
"2017-12-01 00:00:00","first_app:topface AND platform:fb","_exists_:(user_mau.1509.topfacemobappandroid OR user_mau.1509.topfacemobappios OR user_mau.1509.topface OR user_mau.1509.standalonetf)",0
"2017-12-01 00:00:00","first_app:topface AND platform:fb","_exists_:(user_mau.1510.topfacemobappandroid OR user_mau.1510.topfacemobappios OR user_mau.1510.topface OR user_mau.1510.standalonetf)",0
"2017-12-01 00:00:00","first_app:topface AND platform:fb","_exists_:(user_mau.1511.topfacemobappandroid OR user_mau.1511.topfacemobappios OR user_mau.1511.topface OR user_mau.1511.standalonetf)",0
"2017-12-01 00:00:00","first_app:topface AND platform:fb","_exists_:(user_mau.1512.topfacemobappandroid OR user_mau.1512.topfacemobappios OR user_mau.1512.topface OR user_mau.1512.standalonetf)",0
"2017-12-01 00:00:00","first_app:topface AND platform:fb","_exists_:(user_mau.1601.topfacemobappandroid OR user_mau.1601.topfacemobappios OR user_mau.1601.topface OR user_mau.1601.standalonetf)",0
"2017-12-01 00:00:00","first_app:topface AND platform:fb","_exists_:(user_mau.1602.topfacemobappandroid OR user_mau.1602.topfacemobappios OR user_mau.1602.topface OR user_mau.1602.standalonetf)",0
"2017-12-01 00:00:00","first_app:topface AND platform:fb","_exists_:(user_mau.1603.topfacemobappandroid OR user_mau.1603.topfacemobappios OR user_mau.1603.topface OR user_mau.1603.standalonetf)",0
"2017-12-01 00:00:00","first_app:topface AND platform:fb","_exists_:(user_mau.1604.topfacemobappandroid OR user_mau.1604.topfacemobappios OR user_mau.1604.topface OR user_mau.1604.standalonetf)",0
"2017-12-01 00:00:00","first_app:topface AND platform:fb","_exists_:(user_mau.1605.topfacemobappandroid OR user_mau.1605.topfacemobappios OR user_mau.1605.topface OR user_mau.1605.standalonetf)",0
"2017-12-01 00:00:00","first_app:topface AND platform:fb","_exists_:(user_mau.1606.topfacemobappandroid OR user_mau.1606.topfacemobappios OR user_mau.1606.topface OR user_mau.1606.standalonetf)",0
"2017-12-01 00:00:00","first_app:topface AND platform:fb","_exists_:(user_mau.1607.topfacemobappandroid OR user_mau.1607.topfacemobappios OR user_mau.1607.topface OR user_mau.1607.standalonetf)",0
"2017-12-01 00:00:00","first_app:topface AND platform:fb","_exists_:(user_mau.1608.topfacemobappandroid OR user_mau.1608.topfacemobappios OR user_mau.1608.topface OR user_mau.1608.standalonetf)",0
"2017-12-01 00:00:00","first_app:topface AND platform:fb","_exists_:(user_mau.1609.topfacemobappandroid OR user_mau.1609.topfacemobappios OR user_mau.1609.topface OR user_mau.1609.standalonetf)",0
"2017-12-01 00:00:00","first_app:topface AND platform:fb","_exists_:(user_mau.1610.topfacemobappandroid OR user_mau.1610.topfacemobappios OR user_mau.1610.topface OR user_mau.1610.standalonetf)",0
"2017-12-01 00:00:00","first_app:topface AND platform:fb","_exists_:(user_mau.1611.topfacemobappandroid OR user_mau.1611.topfacemobappios OR user_mau.1611.topface OR user_mau.1611.standalonetf)",0
"2017-12-01 00:00:00","first_app:topface AND platform:fb","_exists_:(user_mau.1612.topfacemobappandroid OR user_mau.1612.topfacemobappios OR user_mau.1612.topface OR user_mau.1612.standalonetf)",0
"2017-12-01 00:00:00","first_app:topface AND platform:fb","_exists_:(user_mau.1701.topfacemobappandroid OR user_mau.1701.topfacemobappios OR user_mau.1701.topface OR user_mau.1701.standalonetf)",0
"2017-12-01 00:00:00","first_app:topface AND platform:fb","_exists_:(user_mau.1702.topfacemobappandroid OR user_mau.1702.topfacemobappios OR user_mau.1702.topface OR user_mau.1702.standalonetf)",0
"2017-12-01 00:00:00","first_app:topface AND platform:fb","_exists_:(user_mau.1703.topfacemobappandroid OR user_mau.1703.topfacemobappios OR user_mau.1703.topface OR user_mau.1703.standalonetf)",0
"2017-12-01 00:00:00","first_app:topface AND platform:fb","_exists_:(user_mau.1704.topfacemobappandroid OR user_mau.1704.topfacemobappios OR user_mau.1704.topface OR user_mau.1704.standalonetf)",0
"2017-12-01 00:00:00","first_app:topface AND platform:fb","_exists_:(user_mau.1705.topfacemobappandroid OR user_mau.1705.topfacemobappios OR user_mau.1705.topface OR user_mau.1705.standalonetf)",0
"2017-12-01 00:00:00","first_app:topface AND platform:fb","_exists_:(user_mau.1706.topfacemobappandroid OR user_mau.1706.topfacemobappios OR user_mau.1706.topface OR user_mau.1706.standalonetf)",0
"2017-12-01 00:00:00","first_app:topface AND platform:fb","_exists_:(user_mau.1707.topfacemobappandroid OR user_mau.1707.topfacemobappios OR user_mau.1707.topface OR user_mau.1707.standalonetf)",0
"2017-12-01 00:00:00","first_app:topface AND platform:fb","_exists_:(user_mau.1708.topfacemobappandroid OR user_mau.1708.topfacemobappios OR user_mau.1708.topface OR user_mau.1708.standalonetf)",0
"2017-12-01 00:00:00","first_app:topface AND platform:fb","_exists_:(user_mau.1709.topfacemobappandroid OR user_mau.1709.topfacemobappios OR user_mau.1709.topface OR user_mau.1709.standalonetf)",0
"2017-12-01 00:00:00","first_app:topface AND platform:fb","_exists_:(user_mau.1710.topfacemobappandroid OR user_mau.1710.topfacemobappios OR user_mau.1710.topface OR user_mau.1710.standalonetf)",0
"2017-12-01 00:00:00","first_app:topface AND platform:fb","_exists_:(user_mau.1711.topfacemobappandroid OR user_mau.1711.topfacemobappios OR user_mau.1711.topface OR user_mau.1711.standalonetf)",0
"2017-12-01 00:00:00","first_app:topface AND platform:fb","_exists_:(user_mau.1712.topfacemobappandroid OR user_mau.1712.topfacemobappios OR user_mau.1712.topface OR user_mau.1712.standalonetf)",4
"2017-12-01 00:00:00","first_app:topface AND platform:fb","_exists_:(user_mau.1801.topfacemobappandroid OR user_mau.1801.topfacemobappios OR user_mau.1801.topface OR user_mau.1801.standalonetf)",1
"2017-12-01 00:00:00","first_app:topface AND platform:fb","_exists_:(user_mau.1802.topfacemobappandroid OR user_mau.1802.topfacemobappios OR user_mau.1802.topface OR user_mau.1802.standalonetf)",1
"2018-01-01 00:00:00","first_app:topfacemobappandroid","*","201,563"
"2018-01-01 00:00:00","first_app:topfacemobappandroid","_exists_:(user_mau.1501.topfacemobappandroid OR user_mau.1501.topfacemobappios OR user_mau.1501.topface OR user_mau.1501.standalonetf)",0
"2018-01-01 00:00:00","first_app:topfacemobappandroid","_exists_:(user_mau.1502.topfacemobappandroid OR user_mau.1502.topfacemobappios OR user_mau.1502.topface OR user_mau.1502.standalonetf)",0
"2018-01-01 00:00:00","first_app:topfacemobappandroid","_exists_:(user_mau.1503.topfacemobappandroid OR user_mau.1503.topfacemobappios OR user_mau.1503.topface OR user_mau.1503.standalonetf)",0
"2018-01-01 00:00:00","first_app:topfacemobappandroid","_exists_:(user_mau.1504.topfacemobappandroid OR user_mau.1504.topfacemobappios OR user_mau.1504.topface OR user_mau.1504.standalonetf)",0
"2018-01-01 00:00:00","first_app:topfacemobappandroid","_exists_:(user_mau.1505.topfacemobappandroid OR user_mau.1505.topfacemobappios OR user_mau.1505.topface OR user_mau.1505.standalonetf)",0
"2018-01-01 00:00:00","first_app:topfacemobappandroid","_exists_:(user_mau.1506.topfacemobappandroid OR user_mau.1506.topfacemobappios OR user_mau.1506.topface OR user_mau.1506.standalonetf)",0
"2018-01-01 00:00:00","first_app:topfacemobappandroid","_exists_:(user_mau.1507.topfacemobappandroid OR user_mau.1507.topfacemobappios OR user_mau.1507.topface OR user_mau.1507.standalonetf)",0
"2018-01-01 00:00:00","first_app:topfacemobappandroid","_exists_:(user_mau.1508.topfacemobappandroid OR user_mau.1508.topfacemobappios OR user_mau.1508.topface OR user_mau.1508.standalonetf)",0
"2018-01-01 00:00:00","first_app:topfacemobappandroid","_exists_:(user_mau.1509.topfacemobappandroid OR user_mau.1509.topfacemobappios OR user_mau.1509.topface OR user_mau.1509.standalonetf)",0
"2018-01-01 00:00:00","first_app:topfacemobappandroid","_exists_:(user_mau.1510.topfacemobappandroid OR user_mau.1510.topfacemobappios OR user_mau.1510.topface OR user_mau.1510.standalonetf)",0
"2018-01-01 00:00:00","first_app:topfacemobappandroid","_exists_:(user_mau.1511.topfacemobappandroid OR user_mau.1511.topfacemobappios OR user_mau.1511.topface OR user_mau.1511.standalonetf)",0
"2018-01-01 00:00:00","first_app:topfacemobappandroid","_exists_:(user_mau.1512.topfacemobappandroid OR user_mau.1512.topfacemobappios OR user_mau.1512.topface OR user_mau.1512.standalonetf)",0
"2018-01-01 00:00:00","first_app:topfacemobappandroid","_exists_:(user_mau.1601.topfacemobappandroid OR user_mau.1601.topfacemobappios OR user_mau.1601.topface OR user_mau.1601.standalonetf)",0
"2018-01-01 00:00:00","first_app:topfacemobappandroid","_exists_:(user_mau.1602.topfacemobappandroid OR user_mau.1602.topfacemobappios OR user_mau.1602.topface OR user_mau.1602.standalonetf)",0
"2018-01-01 00:00:00","first_app:topfacemobappandroid","_exists_:(user_mau.1603.topfacemobappandroid OR user_mau.1603.topfacemobappios OR user_mau.1603.topface OR user_mau.1603.standalonetf)",0
"2018-01-01 00:00:00","first_app:topfacemobappandroid","_exists_:(user_mau.1604.topfacemobappandroid OR user_mau.1604.topfacemobappios OR user_mau.1604.topface OR user_mau.1604.standalonetf)",0
"2018-01-01 00:00:00","first_app:topfacemobappandroid","_exists_:(user_mau.1605.topfacemobappandroid OR user_mau.1605.topfacemobappios OR user_mau.1605.topface OR user_mau.1605.standalonetf)",0
"2018-01-01 00:00:00","first_app:topfacemobappandroid","_exists_:(user_mau.1606.topfacemobappandroid OR user_mau.1606.topfacemobappios OR user_mau.1606.topface OR user_mau.1606.standalonetf)",0
"2018-01-01 00:00:00","first_app:topfacemobappandroid","_exists_:(user_mau.1607.topfacemobappandroid OR user_mau.1607.topfacemobappios OR user_mau.1607.topface OR user_mau.1607.standalonetf)",0
"2018-01-01 00:00:00","first_app:topfacemobappandroid","_exists_:(user_mau.1608.topfacemobappandroid OR user_mau.1608.topfacemobappios OR user_mau.1608.topface OR user_mau.1608.standalonetf)",0
"2018-01-01 00:00:00","first_app:topfacemobappandroid","_exists_:(user_mau.1609.topfacemobappandroid OR user_mau.1609.topfacemobappios OR user_mau.1609.topface OR user_mau.1609.standalonetf)",0
"2018-01-01 00:00:00","first_app:topfacemobappandroid","_exists_:(user_mau.1610.topfacemobappandroid OR user_mau.1610.topfacemobappios OR user_mau.1610.topface OR user_mau.1610.standalonetf)",0
"2018-01-01 00:00:00","first_app:topfacemobappandroid","_exists_:(user_mau.1611.topfacemobappandroid OR user_mau.1611.topfacemobappios OR user_mau.1611.topface OR user_mau.1611.standalonetf)",0
"2018-01-01 00:00:00","first_app:topfacemobappandroid","_exists_:(user_mau.1612.topfacemobappandroid OR user_mau.1612.topfacemobappios OR user_mau.1612.topface OR user_mau.1612.standalonetf)",0
"2018-01-01 00:00:00","first_app:topfacemobappandroid","_exists_:(user_mau.1701.topfacemobappandroid OR user_mau.1701.topfacemobappios OR user_mau.1701.topface OR user_mau.1701.standalonetf)",0
"2018-01-01 00:00:00","first_app:topfacemobappandroid","_exists_:(user_mau.1702.topfacemobappandroid OR user_mau.1702.topfacemobappios OR user_mau.1702.topface OR user_mau.1702.standalonetf)",0
"2018-01-01 00:00:00","first_app:topfacemobappandroid","_exists_:(user_mau.1703.topfacemobappandroid OR user_mau.1703.topfacemobappios OR user_mau.1703.topface OR user_mau.1703.standalonetf)",0
"2018-01-01 00:00:00","first_app:topfacemobappandroid","_exists_:(user_mau.1704.topfacemobappandroid OR user_mau.1704.topfacemobappios OR user_mau.1704.topface OR user_mau.1704.standalonetf)",0
"2018-01-01 00:00:00","first_app:topfacemobappandroid","_exists_:(user_mau.1705.topfacemobappandroid OR user_mau.1705.topfacemobappios OR user_mau.1705.topface OR user_mau.1705.standalonetf)",0
"2018-01-01 00:00:00","first_app:topfacemobappandroid","_exists_:(user_mau.1706.topfacemobappandroid OR user_mau.1706.topfacemobappios OR user_mau.1706.topface OR user_mau.1706.standalonetf)",0
"2018-01-01 00:00:00","first_app:topfacemobappandroid","_exists_:(user_mau.1707.topfacemobappandroid OR user_mau.1707.topfacemobappios OR user_mau.1707.topface OR user_mau.1707.standalonetf)",0
"2018-01-01 00:00:00","first_app:topfacemobappandroid","_exists_:(user_mau.1708.topfacemobappandroid OR user_mau.1708.topfacemobappios OR user_mau.1708.topface OR user_mau.1708.standalonetf)",0
"2018-01-01 00:00:00","first_app:topfacemobappandroid","_exists_:(user_mau.1709.topfacemobappandroid OR user_mau.1709.topfacemobappios OR user_mau.1709.topface OR user_mau.1709.standalonetf)",0
"2018-01-01 00:00:00","first_app:topfacemobappandroid","_exists_:(user_mau.1710.topfacemobappandroid OR user_mau.1710.topfacemobappios OR user_mau.1710.topface OR user_mau.1710.standalonetf)",0
"2018-01-01 00:00:00","first_app:topfacemobappandroid","_exists_:(user_mau.1711.topfacemobappandroid OR user_mau.1711.topfacemobappios OR user_mau.1711.topface OR user_mau.1711.standalonetf)",0
"2018-01-01 00:00:00","first_app:topfacemobappandroid","_exists_:(user_mau.1712.topfacemobappandroid OR user_mau.1712.topfacemobappios OR user_mau.1712.topface OR user_mau.1712.standalonetf)",0
"2018-01-01 00:00:00","first_app:topfacemobappandroid","_exists_:(user_mau.1801.topfacemobappandroid OR user_mau.1801.topfacemobappios OR user_mau.1801.topface OR user_mau.1801.standalonetf)","201,562"
"2018-01-01 00:00:00","first_app:topfacemobappandroid","_exists_:(user_mau.1802.topfacemobappandroid OR user_mau.1802.topfacemobappios OR user_mau.1802.topface OR user_mau.1802.standalonetf)","34,289"
"2018-01-01 00:00:00","first_app:topfacemobappios","*","107,827"
"2018-01-01 00:00:00","first_app:topfacemobappios","_exists_:(user_mau.1501.topfacemobappandroid OR user_mau.1501.topfacemobappios OR user_mau.1501.topface OR user_mau.1501.standalonetf)",0
"2018-01-01 00:00:00","first_app:topfacemobappios","_exists_:(user_mau.1502.topfacemobappandroid OR user_mau.1502.topfacemobappios OR user_mau.1502.topface OR user_mau.1502.standalonetf)",0
"2018-01-01 00:00:00","first_app:topfacemobappios","_exists_:(user_mau.1503.topfacemobappandroid OR user_mau.1503.topfacemobappios OR user_mau.1503.topface OR user_mau.1503.standalonetf)",0
"2018-01-01 00:00:00","first_app:topfacemobappios","_exists_:(user_mau.1504.topfacemobappandroid OR user_mau.1504.topfacemobappios OR user_mau.1504.topface OR user_mau.1504.standalonetf)",0
"2018-01-01 00:00:00","first_app:topfacemobappios","_exists_:(user_mau.1505.topfacemobappandroid OR user_mau.1505.topfacemobappios OR user_mau.1505.topface OR user_mau.1505.standalonetf)",0
"2018-01-01 00:00:00","first_app:topfacemobappios","_exists_:(user_mau.1506.topfacemobappandroid OR user_mau.1506.topfacemobappios OR user_mau.1506.topface OR user_mau.1506.standalonetf)",0
"2018-01-01 00:00:00","first_app:topfacemobappios","_exists_:(user_mau.1507.topfacemobappandroid OR user_mau.1507.topfacemobappios OR user_mau.1507.topface OR user_mau.1507.standalonetf)",0
"2018-01-01 00:00:00","first_app:topfacemobappios","_exists_:(user_mau.1508.topfacemobappandroid OR user_mau.1508.topfacemobappios OR user_mau.1508.topface OR user_mau.1508.standalonetf)",0
"2018-01-01 00:00:00","first_app:topfacemobappios","_exists_:(user_mau.1509.topfacemobappandroid OR user_mau.1509.topfacemobappios OR user_mau.1509.topface OR user_mau.1509.standalonetf)",0
"2018-01-01 00:00:00","first_app:topfacemobappios","_exists_:(user_mau.1510.topfacemobappandroid OR user_mau.1510.topfacemobappios OR user_mau.1510.topface OR user_mau.1510.standalonetf)",0
"2018-01-01 00:00:00","first_app:topfacemobappios","_exists_:(user_mau.1511.topfacemobappandroid OR user_mau.1511.topfacemobappios OR user_mau.1511.topface OR user_mau.1511.standalonetf)",0
"2018-01-01 00:00:00","first_app:topfacemobappios","_exists_:(user_mau.1512.topfacemobappandroid OR user_mau.1512.topfacemobappios OR user_mau.1512.topface OR user_mau.1512.standalonetf)",0
"2018-01-01 00:00:00","first_app:topfacemobappios","_exists_:(user_mau.1601.topfacemobappandroid OR user_mau.1601.topfacemobappios OR user_mau.1601.topface OR user_mau.1601.standalonetf)",0
"2018-01-01 00:00:00","first_app:topfacemobappios","_exists_:(user_mau.1602.topfacemobappandroid OR user_mau.1602.topfacemobappios OR user_mau.1602.topface OR user_mau.1602.standalonetf)",0
"2018-01-01 00:00:00","first_app:topfacemobappios","_exists_:(user_mau.1603.topfacemobappandroid OR user_mau.1603.topfacemobappios OR user_mau.1603.topface OR user_mau.1603.standalonetf)",0
"2018-01-01 00:00:00","first_app:topfacemobappios","_exists_:(user_mau.1604.topfacemobappandroid OR user_mau.1604.topfacemobappios OR user_mau.1604.topface OR user_mau.1604.standalonetf)",0
"2018-01-01 00:00:00","first_app:topfacemobappios","_exists_:(user_mau.1605.topfacemobappandroid OR user_mau.1605.topfacemobappios OR user_mau.1605.topface OR user_mau.1605.standalonetf)",0
"2018-01-01 00:00:00","first_app:topfacemobappios","_exists_:(user_mau.1606.topfacemobappandroid OR user_mau.1606.topfacemobappios OR user_mau.1606.topface OR user_mau.1606.standalonetf)",0
"2018-01-01 00:00:00","first_app:topfacemobappios","_exists_:(user_mau.1607.topfacemobappandroid OR user_mau.1607.topfacemobappios OR user_mau.1607.topface OR user_mau.1607.standalonetf)",0
"2018-01-01 00:00:00","first_app:topfacemobappios","_exists_:(user_mau.1608.topfacemobappandroid OR user_mau.1608.topfacemobappios OR user_mau.1608.topface OR user_mau.1608.standalonetf)",0
"2018-01-01 00:00:00","first_app:topfacemobappios","_exists_:(user_mau.1609.topfacemobappandroid OR user_mau.1609.topfacemobappios OR user_mau.1609.topface OR user_mau.1609.standalonetf)",0
"2018-01-01 00:00:00","first_app:topfacemobappios","_exists_:(user_mau.1610.topfacemobappandroid OR user_mau.1610.topfacemobappios OR user_mau.1610.topface OR user_mau.1610.standalonetf)",0
"2018-01-01 00:00:00","first_app:topfacemobappios","_exists_:(user_mau.1611.topfacemobappandroid OR user_mau.1611.topfacemobappios OR user_mau.1611.topface OR user_mau.1611.standalonetf)",0
"2018-01-01 00:00:00","first_app:topfacemobappios","_exists_:(user_mau.1612.topfacemobappandroid OR user_mau.1612.topfacemobappios OR user_mau.1612.topface OR user_mau.1612.standalonetf)",0
"2018-01-01 00:00:00","first_app:topfacemobappios","_exists_:(user_mau.1701.topfacemobappandroid OR user_mau.1701.topfacemobappios OR user_mau.1701.topface OR user_mau.1701.standalonetf)",0
"2018-01-01 00:00:00","first_app:topfacemobappios","_exists_:(user_mau.1702.topfacemobappandroid OR user_mau.1702.topfacemobappios OR user_mau.1702.topface OR user_mau.1702.standalonetf)",0
"2018-01-01 00:00:00","first_app:topfacemobappios","_exists_:(user_mau.1703.topfacemobappandroid OR user_mau.1703.topfacemobappios OR user_mau.1703.topface OR user_mau.1703.standalonetf)",0
"2018-01-01 00:00:00","first_app:topfacemobappios","_exists_:(user_mau.1704.topfacemobappandroid OR user_mau.1704.topfacemobappios OR user_mau.1704.topface OR user_mau.1704.standalonetf)",0
"2018-01-01 00:00:00","first_app:topfacemobappios","_exists_:(user_mau.1705.topfacemobappandroid OR user_mau.1705.topfacemobappios OR user_mau.1705.topface OR user_mau.1705.standalonetf)",0
"2018-01-01 00:00:00","first_app:topfacemobappios","_exists_:(user_mau.1706.topfacemobappandroid OR user_mau.1706.topfacemobappios OR user_mau.1706.topface OR user_mau.1706.standalonetf)",0
"2018-01-01 00:00:00","first_app:topfacemobappios","_exists_:(user_mau.1707.topfacemobappandroid OR user_mau.1707.topfacemobappios OR user_mau.1707.topface OR user_mau.1707.standalonetf)",0
"2018-01-01 00:00:00","first_app:topfacemobappios","_exists_:(user_mau.1708.topfacemobappandroid OR user_mau.1708.topfacemobappios OR user_mau.1708.topface OR user_mau.1708.standalonetf)",0
"2018-01-01 00:00:00","first_app:topfacemobappios","_exists_:(user_mau.1709.topfacemobappandroid OR user_mau.1709.topfacemobappios OR user_mau.1709.topface OR user_mau.1709.standalonetf)",0
"2018-01-01 00:00:00","first_app:topfacemobappios","_exists_:(user_mau.1710.topfacemobappandroid OR user_mau.1710.topfacemobappios OR user_mau.1710.topface OR user_mau.1710.standalonetf)",0
"2018-01-01 00:00:00","first_app:topfacemobappios","_exists_:(user_mau.1711.topfacemobappandroid OR user_mau.1711.topfacemobappios OR user_mau.1711.topface OR user_mau.1711.standalonetf)",0
"2018-01-01 00:00:00","first_app:topfacemobappios","_exists_:(user_mau.1712.topfacemobappandroid OR user_mau.1712.topfacemobappios OR user_mau.1712.topface OR user_mau.1712.standalonetf)",0
"2018-01-01 00:00:00","first_app:topfacemobappios","_exists_:(user_mau.1801.topfacemobappandroid OR user_mau.1801.topfacemobappios OR user_mau.1801.topface OR user_mau.1801.standalonetf)","107,827"
"2018-01-01 00:00:00","first_app:topfacemobappios","_exists_:(user_mau.1802.topfacemobappandroid OR user_mau.1802.topfacemobappios OR user_mau.1802.topface OR user_mau.1802.standalonetf)","10,173"
"2018-01-01 00:00:00","first_app:standalonetf","*","1,244"
"2018-01-01 00:00:00","first_app:standalonetf","_exists_:(user_mau.1501.topfacemobappandroid OR user_mau.1501.topfacemobappios OR user_mau.1501.topface OR user_mau.1501.standalonetf)",0
"2018-01-01 00:00:00","first_app:standalonetf","_exists_:(user_mau.1502.topfacemobappandroid OR user_mau.1502.topfacemobappios OR user_mau.1502.topface OR user_mau.1502.standalonetf)",0
"2018-01-01 00:00:00","first_app:standalonetf","_exists_:(user_mau.1503.topfacemobappandroid OR user_mau.1503.topfacemobappios OR user_mau.1503.topface OR user_mau.1503.standalonetf)",0
"2018-01-01 00:00:00","first_app:standalonetf","_exists_:(user_mau.1504.topfacemobappandroid OR user_mau.1504.topfacemobappios OR user_mau.1504.topface OR user_mau.1504.standalonetf)",0
"2018-01-01 00:00:00","first_app:standalonetf","_exists_:(user_mau.1505.topfacemobappandroid OR user_mau.1505.topfacemobappios OR user_mau.1505.topface OR user_mau.1505.standalonetf)",0
"2018-01-01 00:00:00","first_app:standalonetf","_exists_:(user_mau.1506.topfacemobappandroid OR user_mau.1506.topfacemobappios OR user_mau.1506.topface OR user_mau.1506.standalonetf)",0
"2018-01-01 00:00:00","first_app:standalonetf","_exists_:(user_mau.1507.topfacemobappandroid OR user_mau.1507.topfacemobappios OR user_mau.1507.topface OR user_mau.1507.standalonetf)",0
"2018-01-01 00:00:00","first_app:standalonetf","_exists_:(user_mau.1508.topfacemobappandroid OR user_mau.1508.topfacemobappios OR user_mau.1508.topface OR user_mau.1508.standalonetf)",0
"2018-01-01 00:00:00","first_app:standalonetf","_exists_:(user_mau.1509.topfacemobappandroid OR user_mau.1509.topfacemobappios OR user_mau.1509.topface OR user_mau.1509.standalonetf)",0
"2018-01-01 00:00:00","first_app:standalonetf","_exists_:(user_mau.1510.topfacemobappandroid OR user_mau.1510.topfacemobappios OR user_mau.1510.topface OR user_mau.1510.standalonetf)",0
"2018-01-01 00:00:00","first_app:standalonetf","_exists_:(user_mau.1511.topfacemobappandroid OR user_mau.1511.topfacemobappios OR user_mau.1511.topface OR user_mau.1511.standalonetf)",0
"2018-01-01 00:00:00","first_app:standalonetf","_exists_:(user_mau.1512.topfacemobappandroid OR user_mau.1512.topfacemobappios OR user_mau.1512.topface OR user_mau.1512.standalonetf)",0
"2018-01-01 00:00:00","first_app:standalonetf","_exists_:(user_mau.1601.topfacemobappandroid OR user_mau.1601.topfacemobappios OR user_mau.1601.topface OR user_mau.1601.standalonetf)",0
"2018-01-01 00:00:00","first_app:standalonetf","_exists_:(user_mau.1602.topfacemobappandroid OR user_mau.1602.topfacemobappios OR user_mau.1602.topface OR user_mau.1602.standalonetf)",0
"2018-01-01 00:00:00","first_app:standalonetf","_exists_:(user_mau.1603.topfacemobappandroid OR user_mau.1603.topfacemobappios OR user_mau.1603.topface OR user_mau.1603.standalonetf)",0
"2018-01-01 00:00:00","first_app:standalonetf","_exists_:(user_mau.1604.topfacemobappandroid OR user_mau.1604.topfacemobappios OR user_mau.1604.topface OR user_mau.1604.standalonetf)",0
"2018-01-01 00:00:00","first_app:standalonetf","_exists_:(user_mau.1605.topfacemobappandroid OR user_mau.1605.topfacemobappios OR user_mau.1605.topface OR user_mau.1605.standalonetf)",0
"2018-01-01 00:00:00","first_app:standalonetf","_exists_:(user_mau.1606.topfacemobappandroid OR user_mau.1606.topfacemobappios OR user_mau.1606.topface OR user_mau.1606.standalonetf)",0
"2018-01-01 00:00:00","first_app:standalonetf","_exists_:(user_mau.1607.topfacemobappandroid OR user_mau.1607.topfacemobappios OR user_mau.1607.topface OR user_mau.1607.standalonetf)",0
"2018-01-01 00:00:00","first_app:standalonetf","_exists_:(user_mau.1608.topfacemobappandroid OR user_mau.1608.topfacemobappios OR user_mau.1608.topface OR user_mau.1608.standalonetf)",0
"2018-01-01 00:00:00","first_app:standalonetf","_exists_:(user_mau.1609.topfacemobappandroid OR user_mau.1609.topfacemobappios OR user_mau.1609.topface OR user_mau.1609.standalonetf)",0
"2018-01-01 00:00:00","first_app:standalonetf","_exists_:(user_mau.1610.topfacemobappandroid OR user_mau.1610.topfacemobappios OR user_mau.1610.topface OR user_mau.1610.standalonetf)",0
"2018-01-01 00:00:00","first_app:standalonetf","_exists_:(user_mau.1611.topfacemobappandroid OR user_mau.1611.topfacemobappios OR user_mau.1611.topface OR user_mau.1611.standalonetf)",0
"2018-01-01 00:00:00","first_app:standalonetf","_exists_:(user_mau.1612.topfacemobappandroid OR user_mau.1612.topfacemobappios OR user_mau.1612.topface OR user_mau.1612.standalonetf)",0
"2018-01-01 00:00:00","first_app:standalonetf","_exists_:(user_mau.1701.topfacemobappandroid OR user_mau.1701.topfacemobappios OR user_mau.1701.topface OR user_mau.1701.standalonetf)",0
"2018-01-01 00:00:00","first_app:standalonetf","_exists_:(user_mau.1702.topfacemobappandroid OR user_mau.1702.topfacemobappios OR user_mau.1702.topface OR user_mau.1702.standalonetf)",0
"2018-01-01 00:00:00","first_app:standalonetf","_exists_:(user_mau.1703.topfacemobappandroid OR user_mau.1703.topfacemobappios OR user_mau.1703.topface OR user_mau.1703.standalonetf)",0
"2018-01-01 00:00:00","first_app:standalonetf","_exists_:(user_mau.1704.topfacemobappandroid OR user_mau.1704.topfacemobappios OR user_mau.1704.topface OR user_mau.1704.standalonetf)",0
"2018-01-01 00:00:00","first_app:standalonetf","_exists_:(user_mau.1705.topfacemobappandroid OR user_mau.1705.topfacemobappios OR user_mau.1705.topface OR user_mau.1705.standalonetf)",0
"2018-01-01 00:00:00","first_app:standalonetf","_exists_:(user_mau.1706.topfacemobappandroid OR user_mau.1706.topfacemobappios OR user_mau.1706.topface OR user_mau.1706.standalonetf)",0
"2018-01-01 00:00:00","first_app:standalonetf","_exists_:(user_mau.1707.topfacemobappandroid OR user_mau.1707.topfacemobappios OR user_mau.1707.topface OR user_mau.1707.standalonetf)",0
"2018-01-01 00:00:00","first_app:standalonetf","_exists_:(user_mau.1708.topfacemobappandroid OR user_mau.1708.topfacemobappios OR user_mau.1708.topface OR user_mau.1708.standalonetf)",0
"2018-01-01 00:00:00","first_app:standalonetf","_exists_:(user_mau.1709.topfacemobappandroid OR user_mau.1709.topfacemobappios OR user_mau.1709.topface OR user_mau.1709.standalonetf)",0
"2018-01-01 00:00:00","first_app:standalonetf","_exists_:(user_mau.1710.topfacemobappandroid OR user_mau.1710.topfacemobappios OR user_mau.1710.topface OR user_mau.1710.standalonetf)",0
"2018-01-01 00:00:00","first_app:standalonetf","_exists_:(user_mau.1711.topfacemobappandroid OR user_mau.1711.topfacemobappios OR user_mau.1711.topface OR user_mau.1711.standalonetf)",0
"2018-01-01 00:00:00","first_app:standalonetf","_exists_:(user_mau.1712.topfacemobappandroid OR user_mau.1712.topfacemobappios OR user_mau.1712.topface OR user_mau.1712.standalonetf)",0
"2018-01-01 00:00:00","first_app:standalonetf","_exists_:(user_mau.1801.topfacemobappandroid OR user_mau.1801.topfacemobappios OR user_mau.1801.topface OR user_mau.1801.standalonetf)","1,100"
"2018-01-01 00:00:00","first_app:standalonetf","_exists_:(user_mau.1802.topfacemobappandroid OR user_mau.1802.topfacemobappios OR user_mau.1802.topface OR user_mau.1802.standalonetf)",288
"2018-01-01 00:00:00","first_app:topface AND platform:vk","*",46
"2018-01-01 00:00:00","first_app:topface AND platform:vk","_exists_:(user_mau.1501.topfacemobappandroid OR user_mau.1501.topfacemobappios OR user_mau.1501.topface OR user_mau.1501.standalonetf)",0
"2018-01-01 00:00:00","first_app:topface AND platform:vk","_exists_:(user_mau.1502.topfacemobappandroid OR user_mau.1502.topfacemobappios OR user_mau.1502.topface OR user_mau.1502.standalonetf)",0
"2018-01-01 00:00:00","first_app:topface AND platform:vk","_exists_:(user_mau.1503.topfacemobappandroid OR user_mau.1503.topfacemobappios OR user_mau.1503.topface OR user_mau.1503.standalonetf)",0
"2018-01-01 00:00:00","first_app:topface AND platform:vk","_exists_:(user_mau.1504.topfacemobappandroid OR user_mau.1504.topfacemobappios OR user_mau.1504.topface OR user_mau.1504.standalonetf)",0
"2018-01-01 00:00:00","first_app:topface AND platform:vk","_exists_:(user_mau.1505.topfacemobappandroid OR user_mau.1505.topfacemobappios OR user_mau.1505.topface OR user_mau.1505.standalonetf)",0
"2018-01-01 00:00:00","first_app:topface AND platform:vk","_exists_:(user_mau.1506.topfacemobappandroid OR user_mau.1506.topfacemobappios OR user_mau.1506.topface OR user_mau.1506.standalonetf)",0
"2018-01-01 00:00:00","first_app:topface AND platform:vk","_exists_:(user_mau.1507.topfacemobappandroid OR user_mau.1507.topfacemobappios OR user_mau.1507.topface OR user_mau.1507.standalonetf)",0
"2018-01-01 00:00:00","first_app:topface AND platform:vk","_exists_:(user_mau.1508.topfacemobappandroid OR user_mau.1508.topfacemobappios OR user_mau.1508.topface OR user_mau.1508.standalonetf)",0
"2018-01-01 00:00:00","first_app:topface AND platform:vk","_exists_:(user_mau.1509.topfacemobappandroid OR user_mau.1509.topfacemobappios OR user_mau.1509.topface OR user_mau.1509.standalonetf)",0
"2018-01-01 00:00:00","first_app:topface AND platform:vk","_exists_:(user_mau.1510.topfacemobappandroid OR user_mau.1510.topfacemobappios OR user_mau.1510.topface OR user_mau.1510.standalonetf)",0
"2018-01-01 00:00:00","first_app:topface AND platform:vk","_exists_:(user_mau.1511.topfacemobappandroid OR user_mau.1511.topfacemobappios OR user_mau.1511.topface OR user_mau.1511.standalonetf)",0
"2018-01-01 00:00:00","first_app:topface AND platform:vk","_exists_:(user_mau.1512.topfacemobappandroid OR user_mau.1512.topfacemobappios OR user_mau.1512.topface OR user_mau.1512.standalonetf)",0
"2018-01-01 00:00:00","first_app:topface AND platform:vk","_exists_:(user_mau.1601.topfacemobappandroid OR user_mau.1601.topfacemobappios OR user_mau.1601.topface OR user_mau.1601.standalonetf)",0
"2018-01-01 00:00:00","first_app:topface AND platform:vk","_exists_:(user_mau.1602.topfacemobappandroid OR user_mau.1602.topfacemobappios OR user_mau.1602.topface OR user_mau.1602.standalonetf)",0
"2018-01-01 00:00:00","first_app:topface AND platform:vk","_exists_:(user_mau.1603.topfacemobappandroid OR user_mau.1603.topfacemobappios OR user_mau.1603.topface OR user_mau.1603.standalonetf)",0
"2018-01-01 00:00:00","first_app:topface AND platform:vk","_exists_:(user_mau.1604.topfacemobappandroid OR user_mau.1604.topfacemobappios OR user_mau.1604.topface OR user_mau.1604.standalonetf)",0
"2018-01-01 00:00:00","first_app:topface AND platform:vk","_exists_:(user_mau.1605.topfacemobappandroid OR user_mau.1605.topfacemobappios OR user_mau.1605.topface OR user_mau.1605.standalonetf)",0
"2018-01-01 00:00:00","first_app:topface AND platform:vk","_exists_:(user_mau.1606.topfacemobappandroid OR user_mau.1606.topfacemobappios OR user_mau.1606.topface OR user_mau.1606.standalonetf)",0
"2018-01-01 00:00:00","first_app:topface AND platform:vk","_exists_:(user_mau.1607.topfacemobappandroid OR user_mau.1607.topfacemobappios OR user_mau.1607.topface OR user_mau.1607.standalonetf)",0
"2018-01-01 00:00:00","first_app:topface AND platform:vk","_exists_:(user_mau.1608.topfacemobappandroid OR user_mau.1608.topfacemobappios OR user_mau.1608.topface OR user_mau.1608.standalonetf)",0
"2018-01-01 00:00:00","first_app:topface AND platform:vk","_exists_:(user_mau.1609.topfacemobappandroid OR user_mau.1609.topfacemobappios OR user_mau.1609.topface OR user_mau.1609.standalonetf)",0
"2018-01-01 00:00:00","first_app:topface AND platform:vk","_exists_:(user_mau.1610.topfacemobappandroid OR user_mau.1610.topfacemobappios OR user_mau.1610.topface OR user_mau.1610.standalonetf)",0
"2018-01-01 00:00:00","first_app:topface AND platform:vk","_exists_:(user_mau.1611.topfacemobappandroid OR user_mau.1611.topfacemobappios OR user_mau.1611.topface OR user_mau.1611.standalonetf)",0
"2018-01-01 00:00:00","first_app:topface AND platform:vk","_exists_:(user_mau.1612.topfacemobappandroid OR user_mau.1612.topfacemobappios OR user_mau.1612.topface OR user_mau.1612.standalonetf)",0
"2018-01-01 00:00:00","first_app:topface AND platform:vk","_exists_:(user_mau.1701.topfacemobappandroid OR user_mau.1701.topfacemobappios OR user_mau.1701.topface OR user_mau.1701.standalonetf)",0
"2018-01-01 00:00:00","first_app:topface AND platform:vk","_exists_:(user_mau.1702.topfacemobappandroid OR user_mau.1702.topfacemobappios OR user_mau.1702.topface OR user_mau.1702.standalonetf)",0
"2018-01-01 00:00:00","first_app:topface AND platform:vk","_exists_:(user_mau.1703.topfacemobappandroid OR user_mau.1703.topfacemobappios OR user_mau.1703.topface OR user_mau.1703.standalonetf)",0
"2018-01-01 00:00:00","first_app:topface AND platform:vk","_exists_:(user_mau.1704.topfacemobappandroid OR user_mau.1704.topfacemobappios OR user_mau.1704.topface OR user_mau.1704.standalonetf)",0
"2018-01-01 00:00:00","first_app:topface AND platform:vk","_exists_:(user_mau.1705.topfacemobappandroid OR user_mau.1705.topfacemobappios OR user_mau.1705.topface OR user_mau.1705.standalonetf)",0
"2018-01-01 00:00:00","first_app:topface AND platform:vk","_exists_:(user_mau.1706.topfacemobappandroid OR user_mau.1706.topfacemobappios OR user_mau.1706.topface OR user_mau.1706.standalonetf)",0
"2018-01-01 00:00:00","first_app:topface AND platform:vk","_exists_:(user_mau.1707.topfacemobappandroid OR user_mau.1707.topfacemobappios OR user_mau.1707.topface OR user_mau.1707.standalonetf)",0
"2018-01-01 00:00:00","first_app:topface AND platform:vk","_exists_:(user_mau.1708.topfacemobappandroid OR user_mau.1708.topfacemobappios OR user_mau.1708.topface OR user_mau.1708.standalonetf)",0
"2018-01-01 00:00:00","first_app:topface AND platform:vk","_exists_:(user_mau.1709.topfacemobappandroid OR user_mau.1709.topfacemobappios OR user_mau.1709.topface OR user_mau.1709.standalonetf)",0
"2018-01-01 00:00:00","first_app:topface AND platform:vk","_exists_:(user_mau.1710.topfacemobappandroid OR user_mau.1710.topfacemobappios OR user_mau.1710.topface OR user_mau.1710.standalonetf)",0
"2018-01-01 00:00:00","first_app:topface AND platform:vk","_exists_:(user_mau.1711.topfacemobappandroid OR user_mau.1711.topfacemobappios OR user_mau.1711.topface OR user_mau.1711.standalonetf)",0
"2018-01-01 00:00:00","first_app:topface AND platform:vk","_exists_:(user_mau.1712.topfacemobappandroid OR user_mau.1712.topfacemobappios OR user_mau.1712.topface OR user_mau.1712.standalonetf)",0
"2018-01-01 00:00:00","first_app:topface AND platform:vk","_exists_:(user_mau.1801.topfacemobappandroid OR user_mau.1801.topfacemobappios OR user_mau.1801.topface OR user_mau.1801.standalonetf)",46
"2018-01-01 00:00:00","first_app:topface AND platform:vk","_exists_:(user_mau.1802.topfacemobappandroid OR user_mau.1802.topfacemobappios OR user_mau.1802.topface OR user_mau.1802.standalonetf)",16
"2018-01-01 00:00:00","first_app:topface AND platform:ok","*",2
"2018-01-01 00:00:00","first_app:topface AND platform:ok","_exists_:(user_mau.1501.topfacemobappandroid OR user_mau.1501.topfacemobappios OR user_mau.1501.topface OR user_mau.1501.standalonetf)",0
"2018-01-01 00:00:00","first_app:topface AND platform:ok","_exists_:(user_mau.1502.topfacemobappandroid OR user_mau.1502.topfacemobappios OR user_mau.1502.topface OR user_mau.1502.standalonetf)",0
"2018-01-01 00:00:00","first_app:topface AND platform:ok","_exists_:(user_mau.1503.topfacemobappandroid OR user_mau.1503.topfacemobappios OR user_mau.1503.topface OR user_mau.1503.standalonetf)",0
"2018-01-01 00:00:00","first_app:topface AND platform:ok","_exists_:(user_mau.1504.topfacemobappandroid OR user_mau.1504.topfacemobappios OR user_mau.1504.topface OR user_mau.1504.standalonetf)",0
"2018-01-01 00:00:00","first_app:topface AND platform:ok","_exists_:(user_mau.1505.topfacemobappandroid OR user_mau.1505.topfacemobappios OR user_mau.1505.topface OR user_mau.1505.standalonetf)",0
"2018-01-01 00:00:00","first_app:topface AND platform:ok","_exists_:(user_mau.1506.topfacemobappandroid OR user_mau.1506.topfacemobappios OR user_mau.1506.topface OR user_mau.1506.standalonetf)",0
"2018-01-01 00:00:00","first_app:topface AND platform:ok","_exists_:(user_mau.1507.topfacemobappandroid OR user_mau.1507.topfacemobappios OR user_mau.1507.topface OR user_mau.1507.standalonetf)",0
"2018-01-01 00:00:00","first_app:topface AND platform:ok","_exists_:(user_mau.1508.topfacemobappandroid OR user_mau.1508.topfacemobappios OR user_mau.1508.topface OR user_mau.1508.standalonetf)",0
"2018-01-01 00:00:00","first_app:topface AND platform:ok","_exists_:(user_mau.1509.topfacemobappandroid OR user_mau.1509.topfacemobappios OR user_mau.1509.topface OR user_mau.1509.standalonetf)",0
"2018-01-01 00:00:00","first_app:topface AND platform:ok","_exists_:(user_mau.1510.topfacemobappandroid OR user_mau.1510.topfacemobappios OR user_mau.1510.topface OR user_mau.1510.standalonetf)",0
"2018-01-01 00:00:00","first_app:topface AND platform:ok","_exists_:(user_mau.1511.topfacemobappandroid OR user_mau.1511.topfacemobappios OR user_mau.1511.topface OR user_mau.1511.standalonetf)",0
"2018-01-01 00:00:00","first_app:topface AND platform:ok","_exists_:(user_mau.1512.topfacemobappandroid OR user_mau.1512.topfacemobappios OR user_mau.1512.topface OR user_mau.1512.standalonetf)",0
"2018-01-01 00:00:00","first_app:topface AND platform:ok","_exists_:(user_mau.1601.topfacemobappandroid OR user_mau.1601.topfacemobappios OR user_mau.1601.topface OR user_mau.1601.standalonetf)",0
"2018-01-01 00:00:00","first_app:topface AND platform:ok","_exists_:(user_mau.1602.topfacemobappandroid OR user_mau.1602.topfacemobappios OR user_mau.1602.topface OR user_mau.1602.standalonetf)",0
"2018-01-01 00:00:00","first_app:topface AND platform:ok","_exists_:(user_mau.1603.topfacemobappandroid OR user_mau.1603.topfacemobappios OR user_mau.1603.topface OR user_mau.1603.standalonetf)",0
"2018-01-01 00:00:00","first_app:topface AND platform:ok","_exists_:(user_mau.1604.topfacemobappandroid OR user_mau.1604.topfacemobappios OR user_mau.1604.topface OR user_mau.1604.standalonetf)",0
"2018-01-01 00:00:00","first_app:topface AND platform:ok","_exists_:(user_mau.1605.topfacemobappandroid OR user_mau.1605.topfacemobappios OR user_mau.1605.topface OR user_mau.1605.standalonetf)",0
"2018-01-01 00:00:00","first_app:topface AND platform:ok","_exists_:(user_mau.1606.topfacemobappandroid OR user_mau.1606.topfacemobappios OR user_mau.1606.topface OR user_mau.1606.standalonetf)",0
"2018-01-01 00:00:00","first_app:topface AND platform:ok","_exists_:(user_mau.1607.topfacemobappandroid OR user_mau.1607.topfacemobappios OR user_mau.1607.topface OR user_mau.1607.standalonetf)",0
"2018-01-01 00:00:00","first_app:topface AND platform:ok","_exists_:(user_mau.1608.topfacemobappandroid OR user_mau.1608.topfacemobappios OR user_mau.1608.topface OR user_mau.1608.standalonetf)",0
"2018-01-01 00:00:00","first_app:topface AND platform:ok","_exists_:(user_mau.1609.topfacemobappandroid OR user_mau.1609.topfacemobappios OR user_mau.1609.topface OR user_mau.1609.standalonetf)",0
"2018-01-01 00:00:00","first_app:topface AND platform:ok","_exists_:(user_mau.1610.topfacemobappandroid OR user_mau.1610.topfacemobappios OR user_mau.1610.topface OR user_mau.1610.standalonetf)",0
"2018-01-01 00:00:00","first_app:topface AND platform:ok","_exists_:(user_mau.1611.topfacemobappandroid OR user_mau.1611.topfacemobappios OR user_mau.1611.topface OR user_mau.1611.standalonetf)",0
"2018-01-01 00:00:00","first_app:topface AND platform:ok","_exists_:(user_mau.1612.topfacemobappandroid OR user_mau.1612.topfacemobappios OR user_mau.1612.topface OR user_mau.1612.standalonetf)",0
"2018-01-01 00:00:00","first_app:topface AND platform:ok","_exists_:(user_mau.1701.topfacemobappandroid OR user_mau.1701.topfacemobappios OR user_mau.1701.topface OR user_mau.1701.standalonetf)",0
"2018-01-01 00:00:00","first_app:topface AND platform:ok","_exists_:(user_mau.1702.topfacemobappandroid OR user_mau.1702.topfacemobappios OR user_mau.1702.topface OR user_mau.1702.standalonetf)",0
"2018-01-01 00:00:00","first_app:topface AND platform:ok","_exists_:(user_mau.1703.topfacemobappandroid OR user_mau.1703.topfacemobappios OR user_mau.1703.topface OR user_mau.1703.standalonetf)",0
"2018-01-01 00:00:00","first_app:topface AND platform:ok","_exists_:(user_mau.1704.topfacemobappandroid OR user_mau.1704.topfacemobappios OR user_mau.1704.topface OR user_mau.1704.standalonetf)",0
"2018-01-01 00:00:00","first_app:topface AND platform:ok","_exists_:(user_mau.1705.topfacemobappandroid OR user_mau.1705.topfacemobappios OR user_mau.1705.topface OR user_mau.1705.standalonetf)",0
"2018-01-01 00:00:00","first_app:topface AND platform:ok","_exists_:(user_mau.1706.topfacemobappandroid OR user_mau.1706.topfacemobappios OR user_mau.1706.topface OR user_mau.1706.standalonetf)",0
"2018-01-01 00:00:00","first_app:topface AND platform:ok","_exists_:(user_mau.1707.topfacemobappandroid OR user_mau.1707.topfacemobappios OR user_mau.1707.topface OR user_mau.1707.standalonetf)",0
"2018-01-01 00:00:00","first_app:topface AND platform:ok","_exists_:(user_mau.1708.topfacemobappandroid OR user_mau.1708.topfacemobappios OR user_mau.1708.topface OR user_mau.1708.standalonetf)",0
"2018-01-01 00:00:00","first_app:topface AND platform:ok","_exists_:(user_mau.1709.topfacemobappandroid OR user_mau.1709.topfacemobappios OR user_mau.1709.topface OR user_mau.1709.standalonetf)",0
"2018-01-01 00:00:00","first_app:topface AND platform:ok","_exists_:(user_mau.1710.topfacemobappandroid OR user_mau.1710.topfacemobappios OR user_mau.1710.topface OR user_mau.1710.standalonetf)",0
"2018-01-01 00:00:00","first_app:topface AND platform:ok","_exists_:(user_mau.1711.topfacemobappandroid OR user_mau.1711.topfacemobappios OR user_mau.1711.topface OR user_mau.1711.standalonetf)",0
"2018-01-01 00:00:00","first_app:topface AND platform:ok","_exists_:(user_mau.1712.topfacemobappandroid OR user_mau.1712.topfacemobappios OR user_mau.1712.topface OR user_mau.1712.standalonetf)",0
"2018-01-01 00:00:00","first_app:topface AND platform:ok","_exists_:(user_mau.1801.topfacemobappandroid OR user_mau.1801.topfacemobappios OR user_mau.1801.topface OR user_mau.1801.standalonetf)",2
"2018-01-01 00:00:00","first_app:topface AND platform:ok","_exists_:(user_mau.1802.topfacemobappandroid OR user_mau.1802.topfacemobappios OR user_mau.1802.topface OR user_mau.1802.standalonetf)",0
"2018-01-01 00:00:00","first_app:topface AND platform:fb","*",5
"2018-01-01 00:00:00","first_app:topface AND platform:fb","_exists_:(user_mau.1501.topfacemobappandroid OR user_mau.1501.topfacemobappios OR user_mau.1501.topface OR user_mau.1501.standalonetf)",0
"2018-01-01 00:00:00","first_app:topface AND platform:fb","_exists_:(user_mau.1502.topfacemobappandroid OR user_mau.1502.topfacemobappios OR user_mau.1502.topface OR user_mau.1502.standalonetf)",0
"2018-01-01 00:00:00","first_app:topface AND platform:fb","_exists_:(user_mau.1503.topfacemobappandroid OR user_mau.1503.topfacemobappios OR user_mau.1503.topface OR user_mau.1503.standalonetf)",0
"2018-01-01 00:00:00","first_app:topface AND platform:fb","_exists_:(user_mau.1504.topfacemobappandroid OR user_mau.1504.topfacemobappios OR user_mau.1504.topface OR user_mau.1504.standalonetf)",0
"2018-01-01 00:00:00","first_app:topface AND platform:fb","_exists_:(user_mau.1505.topfacemobappandroid OR user_mau.1505.topfacemobappios OR user_mau.1505.topface OR user_mau.1505.standalonetf)",0
"2018-01-01 00:00:00","first_app:topface AND platform:fb","_exists_:(user_mau.1506.topfacemobappandroid OR user_mau.1506.topfacemobappios OR user_mau.1506.topface OR user_mau.1506.standalonetf)",0
"2018-01-01 00:00:00","first_app:topface AND platform:fb","_exists_:(user_mau.1507.topfacemobappandroid OR user_mau.1507.topfacemobappios OR user_mau.1507.topface OR user_mau.1507.standalonetf)",0
"2018-01-01 00:00:00","first_app:topface AND platform:fb","_exists_:(user_mau.1508.topfacemobappandroid OR user_mau.1508.topfacemobappios OR user_mau.1508.topface OR user_mau.1508.standalonetf)",0
"2018-01-01 00:00:00","first_app:topface AND platform:fb","_exists_:(user_mau.1509.topfacemobappandroid OR user_mau.1509.topfacemobappios OR user_mau.1509.topface OR user_mau.1509.standalonetf)",0
"2018-01-01 00:00:00","first_app:topface AND platform:fb","_exists_:(user_mau.1510.topfacemobappandroid OR user_mau.1510.topfacemobappios OR user_mau.1510.topface OR user_mau.1510.standalonetf)",0
"2018-01-01 00:00:00","first_app:topface AND platform:fb","_exists_:(user_mau.1511.topfacemobappandroid OR user_mau.1511.topfacemobappios OR user_mau.1511.topface OR user_mau.1511.standalonetf)",0
"2018-01-01 00:00:00","first_app:topface AND platform:fb","_exists_:(user_mau.1512.topfacemobappandroid OR user_mau.1512.topfacemobappios OR user_mau.1512.topface OR user_mau.1512.standalonetf)",0
"2018-01-01 00:00:00","first_app:topface AND platform:fb","_exists_:(user_mau.1601.topfacemobappandroid OR user_mau.1601.topfacemobappios OR user_mau.1601.topface OR user_mau.1601.standalonetf)",0
"2018-01-01 00:00:00","first_app:topface AND platform:fb","_exists_:(user_mau.1602.topfacemobappandroid OR user_mau.1602.topfacemobappios OR user_mau.1602.topface OR user_mau.1602.standalonetf)",0
"2018-01-01 00:00:00","first_app:topface AND platform:fb","_exists_:(user_mau.1603.topfacemobappandroid OR user_mau.1603.topfacemobappios OR user_mau.1603.topface OR user_mau.1603.standalonetf)",0
"2018-01-01 00:00:00","first_app:topface AND platform:fb","_exists_:(user_mau.1604.topfacemobappandroid OR user_mau.1604.topfacemobappios OR user_mau.1604.topface OR user_mau.1604.standalonetf)",0
"2018-01-01 00:00:00","first_app:topface AND platform:fb","_exists_:(user_mau.1605.topfacemobappandroid OR user_mau.1605.topfacemobappios OR user_mau.1605.topface OR user_mau.1605.standalonetf)",0
"2018-01-01 00:00:00","first_app:topface AND platform:fb","_exists_:(user_mau.1606.topfacemobappandroid OR user_mau.1606.topfacemobappios OR user_mau.1606.topface OR user_mau.1606.standalonetf)",0
"2018-01-01 00:00:00","first_app:topface AND platform:fb","_exists_:(user_mau.1607.topfacemobappandroid OR user_mau.1607.topfacemobappios OR user_mau.1607.topface OR user_mau.1607.standalonetf)",0
"2018-01-01 00:00:00","first_app:topface AND platform:fb","_exists_:(user_mau.1608.topfacemobappandroid OR user_mau.1608.topfacemobappios OR user_mau.1608.topface OR user_mau.1608.standalonetf)",0
"2018-01-01 00:00:00","first_app:topface AND platform:fb","_exists_:(user_mau.1609.topfacemobappandroid OR user_mau.1609.topfacemobappios OR user_mau.1609.topface OR user_mau.1609.standalonetf)",0
"2018-01-01 00:00:00","first_app:topface AND platform:fb","_exists_:(user_mau.1610.topfacemobappandroid OR user_mau.1610.topfacemobappios OR user_mau.1610.topface OR user_mau.1610.standalonetf)",0
"2018-01-01 00:00:00","first_app:topface AND platform:fb","_exists_:(user_mau.1611.topfacemobappandroid OR user_mau.1611.topfacemobappios OR user_mau.1611.topface OR user_mau.1611.standalonetf)",0
"2018-01-01 00:00:00","first_app:topface AND platform:fb","_exists_:(user_mau.1612.topfacemobappandroid OR user_mau.1612.topfacemobappios OR user_mau.1612.topface OR user_mau.1612.standalonetf)",0
"2018-01-01 00:00:00","first_app:topface AND platform:fb","_exists_:(user_mau.1701.topfacemobappandroid OR user_mau.1701.topfacemobappios OR user_mau.1701.topface OR user_mau.1701.standalonetf)",0
"2018-01-01 00:00:00","first_app:topface AND platform:fb","_exists_:(user_mau.1702.topfacemobappandroid OR user_mau.1702.topfacemobappios OR user_mau.1702.topface OR user_mau.1702.standalonetf)",0
"2018-01-01 00:00:00","first_app:topface AND platform:fb","_exists_:(user_mau.1703.topfacemobappandroid OR user_mau.1703.topfacemobappios OR user_mau.1703.topface OR user_mau.1703.standalonetf)",0
"2018-01-01 00:00:00","first_app:topface AND platform:fb","_exists_:(user_mau.1704.topfacemobappandroid OR user_mau.1704.topfacemobappios OR user_mau.1704.topface OR user_mau.1704.standalonetf)",0
"2018-01-01 00:00:00","first_app:topface AND platform:fb","_exists_:(user_mau.1705.topfacemobappandroid OR user_mau.1705.topfacemobappios OR user_mau.1705.topface OR user_mau.1705.standalonetf)",0
"2018-01-01 00:00:00","first_app:topface AND platform:fb","_exists_:(user_mau.1706.topfacemobappandroid OR user_mau.1706.topfacemobappios OR user_mau.1706.topface OR user_mau.1706.standalonetf)",0
"2018-01-01 00:00:00","first_app:topface AND platform:fb","_exists_:(user_mau.1707.topfacemobappandroid OR user_mau.1707.topfacemobappios OR user_mau.1707.topface OR user_mau.1707.standalonetf)",0
"2018-01-01 00:00:00","first_app:topface AND platform:fb","_exists_:(user_mau.1708.topfacemobappandroid OR user_mau.1708.topfacemobappios OR user_mau.1708.topface OR user_mau.1708.standalonetf)",0
"2018-01-01 00:00:00","first_app:topface AND platform:fb","_exists_:(user_mau.1709.topfacemobappandroid OR user_mau.1709.topfacemobappios OR user_mau.1709.topface OR user_mau.1709.standalonetf)",0
"2018-01-01 00:00:00","first_app:topface AND platform:fb","_exists_:(user_mau.1710.topfacemobappandroid OR user_mau.1710.topfacemobappios OR user_mau.1710.topface OR user_mau.1710.standalonetf)",0
"2018-01-01 00:00:00","first_app:topface AND platform:fb","_exists_:(user_mau.1711.topfacemobappandroid OR user_mau.1711.topfacemobappios OR user_mau.1711.topface OR user_mau.1711.standalonetf)",0
"2018-01-01 00:00:00","first_app:topface AND platform:fb","_exists_:(user_mau.1712.topfacemobappandroid OR user_mau.1712.topfacemobappios OR user_mau.1712.topface OR user_mau.1712.standalonetf)",0
"2018-01-01 00:00:00","first_app:topface AND platform:fb","_exists_:(user_mau.1801.topfacemobappandroid OR user_mau.1801.topfacemobappios OR user_mau.1801.topface OR user_mau.1801.standalonetf)",5
"2018-01-01 00:00:00","first_app:topface AND platform:fb","_exists_:(user_mau.1802.topfacemobappandroid OR user_mau.1802.topfacemobappios OR user_mau.1802.topface OR user_mau.1802.standalonetf)",1
"2018-02-01 00:00:00","first_app:topfacemobappandroid","*","250,206"
"2018-02-01 00:00:00","first_app:topfacemobappandroid","_exists_:(user_mau.1501.topfacemobappandroid OR user_mau.1501.topfacemobappios OR user_mau.1501.topface OR user_mau.1501.standalonetf)",0
"2018-02-01 00:00:00","first_app:topfacemobappandroid","_exists_:(user_mau.1502.topfacemobappandroid OR user_mau.1502.topfacemobappios OR user_mau.1502.topface OR user_mau.1502.standalonetf)",0
"2018-02-01 00:00:00","first_app:topfacemobappandroid","_exists_:(user_mau.1503.topfacemobappandroid OR user_mau.1503.topfacemobappios OR user_mau.1503.topface OR user_mau.1503.standalonetf)",0
"2018-02-01 00:00:00","first_app:topfacemobappandroid","_exists_:(user_mau.1504.topfacemobappandroid OR user_mau.1504.topfacemobappios OR user_mau.1504.topface OR user_mau.1504.standalonetf)",0
"2018-02-01 00:00:00","first_app:topfacemobappandroid","_exists_:(user_mau.1505.topfacemobappandroid OR user_mau.1505.topfacemobappios OR user_mau.1505.topface OR user_mau.1505.standalonetf)",0
"2018-02-01 00:00:00","first_app:topfacemobappandroid","_exists_:(user_mau.1506.topfacemobappandroid OR user_mau.1506.topfacemobappios OR user_mau.1506.topface OR user_mau.1506.standalonetf)",0
"2018-02-01 00:00:00","first_app:topfacemobappandroid","_exists_:(user_mau.1507.topfacemobappandroid OR user_mau.1507.topfacemobappios OR user_mau.1507.topface OR user_mau.1507.standalonetf)",0
"2018-02-01 00:00:00","first_app:topfacemobappandroid","_exists_:(user_mau.1508.topfacemobappandroid OR user_mau.1508.topfacemobappios OR user_mau.1508.topface OR user_mau.1508.standalonetf)",0
"2018-02-01 00:00:00","first_app:topfacemobappandroid","_exists_:(user_mau.1509.topfacemobappandroid OR user_mau.1509.topfacemobappios OR user_mau.1509.topface OR user_mau.1509.standalonetf)",0
"2018-02-01 00:00:00","first_app:topfacemobappandroid","_exists_:(user_mau.1510.topfacemobappandroid OR user_mau.1510.topfacemobappios OR user_mau.1510.topface OR user_mau.1510.standalonetf)",0
"2018-02-01 00:00:00","first_app:topfacemobappandroid","_exists_:(user_mau.1511.topfacemobappandroid OR user_mau.1511.topfacemobappios OR user_mau.1511.topface OR user_mau.1511.standalonetf)",0
"2018-02-01 00:00:00","first_app:topfacemobappandroid","_exists_:(user_mau.1512.topfacemobappandroid OR user_mau.1512.topfacemobappios OR user_mau.1512.topface OR user_mau.1512.standalonetf)",0
"2018-02-01 00:00:00","first_app:topfacemobappandroid","_exists_:(user_mau.1601.topfacemobappandroid OR user_mau.1601.topfacemobappios OR user_mau.1601.topface OR user_mau.1601.standalonetf)",0
"2018-02-01 00:00:00","first_app:topfacemobappandroid","_exists_:(user_mau.1602.topfacemobappandroid OR user_mau.1602.topfacemobappios OR user_mau.1602.topface OR user_mau.1602.standalonetf)",0
"2018-02-01 00:00:00","first_app:topfacemobappandroid","_exists_:(user_mau.1603.topfacemobappandroid OR user_mau.1603.topfacemobappios OR user_mau.1603.topface OR user_mau.1603.standalonetf)",0
"2018-02-01 00:00:00","first_app:topfacemobappandroid","_exists_:(user_mau.1604.topfacemobappandroid OR user_mau.1604.topfacemobappios OR user_mau.1604.topface OR user_mau.1604.standalonetf)",0
"2018-02-01 00:00:00","first_app:topfacemobappandroid","_exists_:(user_mau.1605.topfacemobappandroid OR user_mau.1605.topfacemobappios OR user_mau.1605.topface OR user_mau.1605.standalonetf)",0
"2018-02-01 00:00:00","first_app:topfacemobappandroid","_exists_:(user_mau.1606.topfacemobappandroid OR user_mau.1606.topfacemobappios OR user_mau.1606.topface OR user_mau.1606.standalonetf)",0
"2018-02-01 00:00:00","first_app:topfacemobappandroid","_exists_:(user_mau.1607.topfacemobappandroid OR user_mau.1607.topfacemobappios OR user_mau.1607.topface OR user_mau.1607.standalonetf)",0
"2018-02-01 00:00:00","first_app:topfacemobappandroid","_exists_:(user_mau.1608.topfacemobappandroid OR user_mau.1608.topfacemobappios OR user_mau.1608.topface OR user_mau.1608.standalonetf)",0
"2018-02-01 00:00:00","first_app:topfacemobappandroid","_exists_:(user_mau.1609.topfacemobappandroid OR user_mau.1609.topfacemobappios OR user_mau.1609.topface OR user_mau.1609.standalonetf)",0
"2018-02-01 00:00:00","first_app:topfacemobappandroid","_exists_:(user_mau.1610.topfacemobappandroid OR user_mau.1610.topfacemobappios OR user_mau.1610.topface OR user_mau.1610.standalonetf)",0
"2018-02-01 00:00:00","first_app:topfacemobappandroid","_exists_:(user_mau.1611.topfacemobappandroid OR user_mau.1611.topfacemobappios OR user_mau.1611.topface OR user_mau.1611.standalonetf)",0
"2018-02-01 00:00:00","first_app:topfacemobappandroid","_exists_:(user_mau.1612.topfacemobappandroid OR user_mau.1612.topfacemobappios OR user_mau.1612.topface OR user_mau.1612.standalonetf)",0
"2018-02-01 00:00:00","first_app:topfacemobappandroid","_exists_:(user_mau.1701.topfacemobappandroid OR user_mau.1701.topfacemobappios OR user_mau.1701.topface OR user_mau.1701.standalonetf)",0
"2018-02-01 00:00:00","first_app:topfacemobappandroid","_exists_:(user_mau.1702.topfacemobappandroid OR user_mau.1702.topfacemobappios OR user_mau.1702.topface OR user_mau.1702.standalonetf)",0
"2018-02-01 00:00:00","first_app:topfacemobappandroid","_exists_:(user_mau.1703.topfacemobappandroid OR user_mau.1703.topfacemobappios OR user_mau.1703.topface OR user_mau.1703.standalonetf)",0
"2018-02-01 00:00:00","first_app:topfacemobappandroid","_exists_:(user_mau.1704.topfacemobappandroid OR user_mau.1704.topfacemobappios OR user_mau.1704.topface OR user_mau.1704.standalonetf)",0
"2018-02-01 00:00:00","first_app:topfacemobappandroid","_exists_:(user_mau.1705.topfacemobappandroid OR user_mau.1705.topfacemobappios OR user_mau.1705.topface OR user_mau.1705.standalonetf)",0
"2018-02-01 00:00:00","first_app:topfacemobappandroid","_exists_:(user_mau.1706.topfacemobappandroid OR user_mau.1706.topfacemobappios OR user_mau.1706.topface OR user_mau.1706.standalonetf)",0
"2018-02-01 00:00:00","first_app:topfacemobappandroid","_exists_:(user_mau.1707.topfacemobappandroid OR user_mau.1707.topfacemobappios OR user_mau.1707.topface OR user_mau.1707.standalonetf)",0
"2018-02-01 00:00:00","first_app:topfacemobappandroid","_exists_:(user_mau.1708.topfacemobappandroid OR user_mau.1708.topfacemobappios OR user_mau.1708.topface OR user_mau.1708.standalonetf)",0
"2018-02-01 00:00:00","first_app:topfacemobappandroid","_exists_:(user_mau.1709.topfacemobappandroid OR user_mau.1709.topfacemobappios OR user_mau.1709.topface OR user_mau.1709.standalonetf)",0
"2018-02-01 00:00:00","first_app:topfacemobappandroid","_exists_:(user_mau.1710.topfacemobappandroid OR user_mau.1710.topfacemobappios OR user_mau.1710.topface OR user_mau.1710.standalonetf)",0
"2018-02-01 00:00:00","first_app:topfacemobappandroid","_exists_:(user_mau.1711.topfacemobappandroid OR user_mau.1711.topfacemobappios OR user_mau.1711.topface OR user_mau.1711.standalonetf)",0
"2018-02-01 00:00:00","first_app:topfacemobappandroid","_exists_:(user_mau.1712.topfacemobappandroid OR user_mau.1712.topfacemobappios OR user_mau.1712.topface OR user_mau.1712.standalonetf)",0
"2018-02-01 00:00:00","first_app:topfacemobappandroid","_exists_:(user_mau.1801.topfacemobappandroid OR user_mau.1801.topfacemobappios OR user_mau.1801.topface OR user_mau.1801.standalonetf)",0
"2018-02-01 00:00:00","first_app:topfacemobappandroid","_exists_:(user_mau.1802.topfacemobappandroid OR user_mau.1802.topfacemobappios OR user_mau.1802.topface OR user_mau.1802.standalonetf)","250,206"
"2018-02-01 00:00:00","first_app:topfacemobappios","*","129,026"
"2018-02-01 00:00:00","first_app:topfacemobappios","_exists_:(user_mau.1501.topfacemobappandroid OR user_mau.1501.topfacemobappios OR user_mau.1501.topface OR user_mau.1501.standalonetf)",0
"2018-02-01 00:00:00","first_app:topfacemobappios","_exists_:(user_mau.1502.topfacemobappandroid OR user_mau.1502.topfacemobappios OR user_mau.1502.topface OR user_mau.1502.standalonetf)",0
"2018-02-01 00:00:00","first_app:topfacemobappios","_exists_:(user_mau.1503.topfacemobappandroid OR user_mau.1503.topfacemobappios OR user_mau.1503.topface OR user_mau.1503.standalonetf)",0
"2018-02-01 00:00:00","first_app:topfacemobappios","_exists_:(user_mau.1504.topfacemobappandroid OR user_mau.1504.topfacemobappios OR user_mau.1504.topface OR user_mau.1504.standalonetf)",0
"2018-02-01 00:00:00","first_app:topfacemobappios","_exists_:(user_mau.1505.topfacemobappandroid OR user_mau.1505.topfacemobappios OR user_mau.1505.topface OR user_mau.1505.standalonetf)",0
"2018-02-01 00:00:00","first_app:topfacemobappios","_exists_:(user_mau.1506.topfacemobappandroid OR user_mau.1506.topfacemobappios OR user_mau.1506.topface OR user_mau.1506.standalonetf)",0
"2018-02-01 00:00:00","first_app:topfacemobappios","_exists_:(user_mau.1507.topfacemobappandroid OR user_mau.1507.topfacemobappios OR user_mau.1507.topface OR user_mau.1507.standalonetf)",0
"2018-02-01 00:00:00","first_app:topfacemobappios","_exists_:(user_mau.1508.topfacemobappandroid OR user_mau.1508.topfacemobappios OR user_mau.1508.topface OR user_mau.1508.standalonetf)",0
"2018-02-01 00:00:00","first_app:topfacemobappios","_exists_:(user_mau.1509.topfacemobappandroid OR user_mau.1509.topfacemobappios OR user_mau.1509.topface OR user_mau.1509.standalonetf)",0
"2018-02-01 00:00:00","first_app:topfacemobappios","_exists_:(user_mau.1510.topfacemobappandroid OR user_mau.1510.topfacemobappios OR user_mau.1510.topface OR user_mau.1510.standalonetf)",0
"2018-02-01 00:00:00","first_app:topfacemobappios","_exists_:(user_mau.1511.topfacemobappandroid OR user_mau.1511.topfacemobappios OR user_mau.1511.topface OR user_mau.1511.standalonetf)",0
"2018-02-01 00:00:00","first_app:topfacemobappios","_exists_:(user_mau.1512.topfacemobappandroid OR user_mau.1512.topfacemobappios OR user_mau.1512.topface OR user_mau.1512.standalonetf)",0
"2018-02-01 00:00:00","first_app:topfacemobappios","_exists_:(user_mau.1601.topfacemobappandroid OR user_mau.1601.topfacemobappios OR user_mau.1601.topface OR user_mau.1601.standalonetf)",0
"2018-02-01 00:00:00","first_app:topfacemobappios","_exists_:(user_mau.1602.topfacemobappandroid OR user_mau.1602.topfacemobappios OR user_mau.1602.topface OR user_mau.1602.standalonetf)",0
"2018-02-01 00:00:00","first_app:topfacemobappios","_exists_:(user_mau.1603.topfacemobappandroid OR user_mau.1603.topfacemobappios OR user_mau.1603.topface OR user_mau.1603.standalonetf)",0
"2018-02-01 00:00:00","first_app:topfacemobappios","_exists_:(user_mau.1604.topfacemobappandroid OR user_mau.1604.topfacemobappios OR user_mau.1604.topface OR user_mau.1604.standalonetf)",0
"2018-02-01 00:00:00","first_app:topfacemobappios","_exists_:(user_mau.1605.topfacemobappandroid OR user_mau.1605.topfacemobappios OR user_mau.1605.topface OR user_mau.1605.standalonetf)",0
"2018-02-01 00:00:00","first_app:topfacemobappios","_exists_:(user_mau.1606.topfacemobappandroid OR user_mau.1606.topfacemobappios OR user_mau.1606.topface OR user_mau.1606.standalonetf)",0
"2018-02-01 00:00:00","first_app:topfacemobappios","_exists_:(user_mau.1607.topfacemobappandroid OR user_mau.1607.topfacemobappios OR user_mau.1607.topface OR user_mau.1607.standalonetf)",0
"2018-02-01 00:00:00","first_app:topfacemobappios","_exists_:(user_mau.1608.topfacemobappandroid OR user_mau.1608.topfacemobappios OR user_mau.1608.topface OR user_mau.1608.standalonetf)",0
"2018-02-01 00:00:00","first_app:topfacemobappios","_exists_:(user_mau.1609.topfacemobappandroid OR user_mau.1609.topfacemobappios OR user_mau.1609.topface OR user_mau.1609.standalonetf)",0
"2018-02-01 00:00:00","first_app:topfacemobappios","_exists_:(user_mau.1610.topfacemobappandroid OR user_mau.1610.topfacemobappios OR user_mau.1610.topface OR user_mau.1610.standalonetf)",0
"2018-02-01 00:00:00","first_app:topfacemobappios","_exists_:(user_mau.1611.topfacemobappandroid OR user_mau.1611.topfacemobappios OR user_mau.1611.topface OR user_mau.1611.standalonetf)",0
"2018-02-01 00:00:00","first_app:topfacemobappios","_exists_:(user_mau.1612.topfacemobappandroid OR user_mau.1612.topfacemobappios OR user_mau.1612.topface OR user_mau.1612.standalonetf)",0
"2018-02-01 00:00:00","first_app:topfacemobappios","_exists_:(user_mau.1701.topfacemobappandroid OR user_mau.1701.topfacemobappios OR user_mau.1701.topface OR user_mau.1701.standalonetf)",0
"2018-02-01 00:00:00","first_app:topfacemobappios","_exists_:(user_mau.1702.topfacemobappandroid OR user_mau.1702.topfacemobappios OR user_mau.1702.topface OR user_mau.1702.standalonetf)",0
"2018-02-01 00:00:00","first_app:topfacemobappios","_exists_:(user_mau.1703.topfacemobappandroid OR user_mau.1703.topfacemobappios OR user_mau.1703.topface OR user_mau.1703.standalonetf)",0
"2018-02-01 00:00:00","first_app:topfacemobappios","_exists_:(user_mau.1704.topfacemobappandroid OR user_mau.1704.topfacemobappios OR user_mau.1704.topface OR user_mau.1704.standalonetf)",0
"2018-02-01 00:00:00","first_app:topfacemobappios","_exists_:(user_mau.1705.topfacemobappandroid OR user_mau.1705.topfacemobappios OR user_mau.1705.topface OR user_mau.1705.standalonetf)",0
"2018-02-01 00:00:00","first_app:topfacemobappios","_exists_:(user_mau.1706.topfacemobappandroid OR user_mau.1706.topfacemobappios OR user_mau.1706.topface OR user_mau.1706.standalonetf)",0
"2018-02-01 00:00:00","first_app:topfacemobappios","_exists_:(user_mau.1707.topfacemobappandroid OR user_mau.1707.topfacemobappios OR user_mau.1707.topface OR user_mau.1707.standalonetf)",0
"2018-02-01 00:00:00","first_app:topfacemobappios","_exists_:(user_mau.1708.topfacemobappandroid OR user_mau.1708.topfacemobappios OR user_mau.1708.topface OR user_mau.1708.standalonetf)",0
"2018-02-01 00:00:00","first_app:topfacemobappios","_exists_:(user_mau.1709.topfacemobappandroid OR user_mau.1709.topfacemobappios OR user_mau.1709.topface OR user_mau.1709.standalonetf)",0
"2018-02-01 00:00:00","first_app:topfacemobappios","_exists_:(user_mau.1710.topfacemobappandroid OR user_mau.1710.topfacemobappios OR user_mau.1710.topface OR user_mau.1710.standalonetf)",0
"2018-02-01 00:00:00","first_app:topfacemobappios","_exists_:(user_mau.1711.topfacemobappandroid OR user_mau.1711.topfacemobappios OR user_mau.1711.topface OR user_mau.1711.standalonetf)",0
"2018-02-01 00:00:00","first_app:topfacemobappios","_exists_:(user_mau.1712.topfacemobappandroid OR user_mau.1712.topfacemobappios OR user_mau.1712.topface OR user_mau.1712.standalonetf)",0
"2018-02-01 00:00:00","first_app:topfacemobappios","_exists_:(user_mau.1801.topfacemobappandroid OR user_mau.1801.topfacemobappios OR user_mau.1801.topface OR user_mau.1801.standalonetf)",0
"2018-02-01 00:00:00","first_app:topfacemobappios","_exists_:(user_mau.1802.topfacemobappandroid OR user_mau.1802.topfacemobappios OR user_mau.1802.topface OR user_mau.1802.standalonetf)","129,025"
"2018-02-01 00:00:00","first_app:standalonetf","*",797
"2018-02-01 00:00:00","first_app:standalonetf","_exists_:(user_mau.1501.topfacemobappandroid OR user_mau.1501.topfacemobappios OR user_mau.1501.topface OR user_mau.1501.standalonetf)",0
"2018-02-01 00:00:00","first_app:standalonetf","_exists_:(user_mau.1502.topfacemobappandroid OR user_mau.1502.topfacemobappios OR user_mau.1502.topface OR user_mau.1502.standalonetf)",0
"2018-02-01 00:00:00","first_app:standalonetf","_exists_:(user_mau.1503.topfacemobappandroid OR user_mau.1503.topfacemobappios OR user_mau.1503.topface OR user_mau.1503.standalonetf)",0
"2018-02-01 00:00:00","first_app:standalonetf","_exists_:(user_mau.1504.topfacemobappandroid OR user_mau.1504.topfacemobappios OR user_mau.1504.topface OR user_mau.1504.standalonetf)",0
"2018-02-01 00:00:00","first_app:standalonetf","_exists_:(user_mau.1505.topfacemobappandroid OR user_mau.1505.topfacemobappios OR user_mau.1505.topface OR user_mau.1505.standalonetf)",0
"2018-02-01 00:00:00","first_app:standalonetf","_exists_:(user_mau.1506.topfacemobappandroid OR user_mau.1506.topfacemobappios OR user_mau.1506.topface OR user_mau.1506.standalonetf)",0
"2018-02-01 00:00:00","first_app:standalonetf","_exists_:(user_mau.1507.topfacemobappandroid OR user_mau.1507.topfacemobappios OR user_mau.1507.topface OR user_mau.1507.standalonetf)",0
"2018-02-01 00:00:00","first_app:standalonetf","_exists_:(user_mau.1508.topfacemobappandroid OR user_mau.1508.topfacemobappios OR user_mau.1508.topface OR user_mau.1508.standalonetf)",0
"2018-02-01 00:00:00","first_app:standalonetf","_exists_:(user_mau.1509.topfacemobappandroid OR user_mau.1509.topfacemobappios OR user_mau.1509.topface OR user_mau.1509.standalonetf)",0
"2018-02-01 00:00:00","first_app:standalonetf","_exists_:(user_mau.1510.topfacemobappandroid OR user_mau.1510.topfacemobappios OR user_mau.1510.topface OR user_mau.1510.standalonetf)",0
"2018-02-01 00:00:00","first_app:standalonetf","_exists_:(user_mau.1511.topfacemobappandroid OR user_mau.1511.topfacemobappios OR user_mau.1511.topface OR user_mau.1511.standalonetf)",0
"2018-02-01 00:00:00","first_app:standalonetf","_exists_:(user_mau.1512.topfacemobappandroid OR user_mau.1512.topfacemobappios OR user_mau.1512.topface OR user_mau.1512.standalonetf)",0
"2018-02-01 00:00:00","first_app:standalonetf","_exists_:(user_mau.1601.topfacemobappandroid OR user_mau.1601.topfacemobappios OR user_mau.1601.topface OR user_mau.1601.standalonetf)",0
"2018-02-01 00:00:00","first_app:standalonetf","_exists_:(user_mau.1602.topfacemobappandroid OR user_mau.1602.topfacemobappios OR user_mau.1602.topface OR user_mau.1602.standalonetf)",0
"2018-02-01 00:00:00","first_app:standalonetf","_exists_:(user_mau.1603.topfacemobappandroid OR user_mau.1603.topfacemobappios OR user_mau.1603.topface OR user_mau.1603.standalonetf)",0
"2018-02-01 00:00:00","first_app:standalonetf","_exists_:(user_mau.1604.topfacemobappandroid OR user_mau.1604.topfacemobappios OR user_mau.1604.topface OR user_mau.1604.standalonetf)",0
"2018-02-01 00:00:00","first_app:standalonetf","_exists_:(user_mau.1605.topfacemobappandroid OR user_mau.1605.topfacemobappios OR user_mau.1605.topface OR user_mau.1605.standalonetf)",0
"2018-02-01 00:00:00","first_app:standalonetf","_exists_:(user_mau.1606.topfacemobappandroid OR user_mau.1606.topfacemobappios OR user_mau.1606.topface OR user_mau.1606.standalonetf)",0
"2018-02-01 00:00:00","first_app:standalonetf","_exists_:(user_mau.1607.topfacemobappandroid OR user_mau.1607.topfacemobappios OR user_mau.1607.topface OR user_mau.1607.standalonetf)",0
"2018-02-01 00:00:00","first_app:standalonetf","_exists_:(user_mau.1608.topfacemobappandroid OR user_mau.1608.topfacemobappios OR user_mau.1608.topface OR user_mau.1608.standalonetf)",0
"2018-02-01 00:00:00","first_app:standalonetf","_exists_:(user_mau.1609.topfacemobappandroid OR user_mau.1609.topfacemobappios OR user_mau.1609.topface OR user_mau.1609.standalonetf)",0
"2018-02-01 00:00:00","first_app:standalonetf","_exists_:(user_mau.1610.topfacemobappandroid OR user_mau.1610.topfacemobappios OR user_mau.1610.topface OR user_mau.1610.standalonetf)",0
"2018-02-01 00:00:00","first_app:standalonetf","_exists_:(user_mau.1611.topfacemobappandroid OR user_mau.1611.topfacemobappios OR user_mau.1611.topface OR user_mau.1611.standalonetf)",0
"2018-02-01 00:00:00","first_app:standalonetf","_exists_:(user_mau.1612.topfacemobappandroid OR user_mau.1612.topfacemobappios OR user_mau.1612.topface OR user_mau.1612.standalonetf)",0
"2018-02-01 00:00:00","first_app:standalonetf","_exists_:(user_mau.1701.topfacemobappandroid OR user_mau.1701.topfacemobappios OR user_mau.1701.topface OR user_mau.1701.standalonetf)",0
"2018-02-01 00:00:00","first_app:standalonetf","_exists_:(user_mau.1702.topfacemobappandroid OR user_mau.1702.topfacemobappios OR user_mau.1702.topface OR user_mau.1702.standalonetf)",0
"2018-02-01 00:00:00","first_app:standalonetf","_exists_:(user_mau.1703.topfacemobappandroid OR user_mau.1703.topfacemobappios OR user_mau.1703.topface OR user_mau.1703.standalonetf)",0
"2018-02-01 00:00:00","first_app:standalonetf","_exists_:(user_mau.1704.topfacemobappandroid OR user_mau.1704.topfacemobappios OR user_mau.1704.topface OR user_mau.1704.standalonetf)",0
"2018-02-01 00:00:00","first_app:standalonetf","_exists_:(user_mau.1705.topfacemobappandroid OR user_mau.1705.topfacemobappios OR user_mau.1705.topface OR user_mau.1705.standalonetf)",0
"2018-02-01 00:00:00","first_app:standalonetf","_exists_:(user_mau.1706.topfacemobappandroid OR user_mau.1706.topfacemobappios OR user_mau.1706.topface OR user_mau.1706.standalonetf)",0
"2018-02-01 00:00:00","first_app:standalonetf","_exists_:(user_mau.1707.topfacemobappandroid OR user_mau.1707.topfacemobappios OR user_mau.1707.topface OR user_mau.1707.standalonetf)",0
"2018-02-01 00:00:00","first_app:standalonetf","_exists_:(user_mau.1708.topfacemobappandroid OR user_mau.1708.topfacemobappios OR user_mau.1708.topface OR user_mau.1708.standalonetf)",0
"2018-02-01 00:00:00","first_app:standalonetf","_exists_:(user_mau.1709.topfacemobappandroid OR user_mau.1709.topfacemobappios OR user_mau.1709.topface OR user_mau.1709.standalonetf)",0
"2018-02-01 00:00:00","first_app:standalonetf","_exists_:(user_mau.1710.topfacemobappandroid OR user_mau.1710.topfacemobappios OR user_mau.1710.topface OR user_mau.1710.standalonetf)",0
"2018-02-01 00:00:00","first_app:standalonetf","_exists_:(user_mau.1711.topfacemobappandroid OR user_mau.1711.topfacemobappios OR user_mau.1711.topface OR user_mau.1711.standalonetf)",0
"2018-02-01 00:00:00","first_app:standalonetf","_exists_:(user_mau.1712.topfacemobappandroid OR user_mau.1712.topfacemobappios OR user_mau.1712.topface OR user_mau.1712.standalonetf)",0
"2018-02-01 00:00:00","first_app:standalonetf","_exists_:(user_mau.1801.topfacemobappandroid OR user_mau.1801.topfacemobappios OR user_mau.1801.topface OR user_mau.1801.standalonetf)",0
"2018-02-01 00:00:00","first_app:standalonetf","_exists_:(user_mau.1802.topfacemobappandroid OR user_mau.1802.topfacemobappios OR user_mau.1802.topface OR user_mau.1802.standalonetf)",708
"2018-02-01 00:00:00","first_app:topface AND platform:vk","*",33
"2018-02-01 00:00:00","first_app:topface AND platform:vk","_exists_:(user_mau.1501.topfacemobappandroid OR user_mau.1501.topfacemobappios OR user_mau.1501.topface OR user_mau.1501.standalonetf)",0
"2018-02-01 00:00:00","first_app:topface AND platform:vk","_exists_:(user_mau.1502.topfacemobappandroid OR user_mau.1502.topfacemobappios OR user_mau.1502.topface OR user_mau.1502.standalonetf)",0
"2018-02-01 00:00:00","first_app:topface AND platform:vk","_exists_:(user_mau.1503.topfacemobappandroid OR user_mau.1503.topfacemobappios OR user_mau.1503.topface OR user_mau.1503.standalonetf)",0
"2018-02-01 00:00:00","first_app:topface AND platform:vk","_exists_:(user_mau.1504.topfacemobappandroid OR user_mau.1504.topfacemobappios OR user_mau.1504.topface OR user_mau.1504.standalonetf)",0
"2018-02-01 00:00:00","first_app:topface AND platform:vk","_exists_:(user_mau.1505.topfacemobappandroid OR user_mau.1505.topfacemobappios OR user_mau.1505.topface OR user_mau.1505.standalonetf)",0
"2018-02-01 00:00:00","first_app:topface AND platform:vk","_exists_:(user_mau.1506.topfacemobappandroid OR user_mau.1506.topfacemobappios OR user_mau.1506.topface OR user_mau.1506.standalonetf)",0
"2018-02-01 00:00:00","first_app:topface AND platform:vk","_exists_:(user_mau.1507.topfacemobappandroid OR user_mau.1507.topfacemobappios OR user_mau.1507.topface OR user_mau.1507.standalonetf)",0
"2018-02-01 00:00:00","first_app:topface AND platform:vk","_exists_:(user_mau.1508.topfacemobappandroid OR user_mau.1508.topfacemobappios OR user_mau.1508.topface OR user_mau.1508.standalonetf)",0
"2018-02-01 00:00:00","first_app:topface AND platform:vk","_exists_:(user_mau.1509.topfacemobappandroid OR user_mau.1509.topfacemobappios OR user_mau.1509.topface OR user_mau.1509.standalonetf)",0
"2018-02-01 00:00:00","first_app:topface AND platform:vk","_exists_:(user_mau.1510.topfacemobappandroid OR user_mau.1510.topfacemobappios OR user_mau.1510.topface OR user_mau.1510.standalonetf)",0
"2018-02-01 00:00:00","first_app:topface AND platform:vk","_exists_:(user_mau.1511.topfacemobappandroid OR user_mau.1511.topfacemobappios OR user_mau.1511.topface OR user_mau.1511.standalonetf)",0
"2018-02-01 00:00:00","first_app:topface AND platform:vk","_exists_:(user_mau.1512.topfacemobappandroid OR user_mau.1512.topfacemobappios OR user_mau.1512.topface OR user_mau.1512.standalonetf)",0
"2018-02-01 00:00:00","first_app:topface AND platform:vk","_exists_:(user_mau.1601.topfacemobappandroid OR user_mau.1601.topfacemobappios OR user_mau.1601.topface OR user_mau.1601.standalonetf)",0
"2018-02-01 00:00:00","first_app:topface AND platform:vk","_exists_:(user_mau.1602.topfacemobappandroid OR user_mau.1602.topfacemobappios OR user_mau.1602.topface OR user_mau.1602.standalonetf)",0
"2018-02-01 00:00:00","first_app:topface AND platform:vk","_exists_:(user_mau.1603.topfacemobappandroid OR user_mau.1603.topfacemobappios OR user_mau.1603.topface OR user_mau.1603.standalonetf)",0
"2018-02-01 00:00:00","first_app:topface AND platform:vk","_exists_:(user_mau.1604.topfacemobappandroid OR user_mau.1604.topfacemobappios OR user_mau.1604.topface OR user_mau.1604.standalonetf)",0
"2018-02-01 00:00:00","first_app:topface AND platform:vk","_exists_:(user_mau.1605.topfacemobappandroid OR user_mau.1605.topfacemobappios OR user_mau.1605.topface OR user_mau.1605.standalonetf)",0
"2018-02-01 00:00:00","first_app:topface AND platform:vk","_exists_:(user_mau.1606.topfacemobappandroid OR user_mau.1606.topfacemobappios OR user_mau.1606.topface OR user_mau.1606.standalonetf)",0
"2018-02-01 00:00:00","first_app:topface AND platform:vk","_exists_:(user_mau.1607.topfacemobappandroid OR user_mau.1607.topfacemobappios OR user_mau.1607.topface OR user_mau.1607.standalonetf)",0
"2018-02-01 00:00:00","first_app:topface AND platform:vk","_exists_:(user_mau.1608.topfacemobappandroid OR user_mau.1608.topfacemobappios OR user_mau.1608.topface OR user_mau.1608.standalonetf)",0
"2018-02-01 00:00:00","first_app:topface AND platform:vk","_exists_:(user_mau.1609.topfacemobappandroid OR user_mau.1609.topfacemobappios OR user_mau.1609.topface OR user_mau.1609.standalonetf)",0
"2018-02-01 00:00:00","first_app:topface AND platform:vk","_exists_:(user_mau.1610.topfacemobappandroid OR user_mau.1610.topfacemobappios OR user_mau.1610.topface OR user_mau.1610.standalonetf)",0
"2018-02-01 00:00:00","first_app:topface AND platform:vk","_exists_:(user_mau.1611.topfacemobappandroid OR user_mau.1611.topfacemobappios OR user_mau.1611.topface OR user_mau.1611.standalonetf)",0
"2018-02-01 00:00:00","first_app:topface AND platform:vk","_exists_:(user_mau.1612.topfacemobappandroid OR user_mau.1612.topfacemobappios OR user_mau.1612.topface OR user_mau.1612.standalonetf)",0
"2018-02-01 00:00:00","first_app:topface AND platform:vk","_exists_:(user_mau.1701.topfacemobappandroid OR user_mau.1701.topfacemobappios OR user_mau.1701.topface OR user_mau.1701.standalonetf)",0
"2018-02-01 00:00:00","first_app:topface AND platform:vk","_exists_:(user_mau.1702.topfacemobappandroid OR user_mau.1702.topfacemobappios OR user_mau.1702.topface OR user_mau.1702.standalonetf)",0
"2018-02-01 00:00:00","first_app:topface AND platform:vk","_exists_:(user_mau.1703.topfacemobappandroid OR user_mau.1703.topfacemobappios OR user_mau.1703.topface OR user_mau.1703.standalonetf)",0
"2018-02-01 00:00:00","first_app:topface AND platform:vk","_exists_:(user_mau.1704.topfacemobappandroid OR user_mau.1704.topfacemobappios OR user_mau.1704.topface OR user_mau.1704.standalonetf)",0
"2018-02-01 00:00:00","first_app:topface AND platform:vk","_exists_:(user_mau.1705.topfacemobappandroid OR user_mau.1705.topfacemobappios OR user_mau.1705.topface OR user_mau.1705.standalonetf)",0
"2018-02-01 00:00:00","first_app:topface AND platform:vk","_exists_:(user_mau.1706.topfacemobappandroid OR user_mau.1706.topfacemobappios OR user_mau.1706.topface OR user_mau.1706.standalonetf)",0
"2018-02-01 00:00:00","first_app:topface AND platform:vk","_exists_:(user_mau.1707.topfacemobappandroid OR user_mau.1707.topfacemobappios OR user_mau.1707.topface OR user_mau.1707.standalonetf)",0
"2018-02-01 00:00:00","first_app:topface AND platform:vk","_exists_:(user_mau.1708.topfacemobappandroid OR user_mau.1708.topfacemobappios OR user_mau.1708.topface OR user_mau.1708.standalonetf)",0
"2018-02-01 00:00:00","first_app:topface AND platform:vk","_exists_:(user_mau.1709.topfacemobappandroid OR user_mau.1709.topfacemobappios OR user_mau.1709.topface OR user_mau.1709.standalonetf)",0
"2018-02-01 00:00:00","first_app:topface AND platform:vk","_exists_:(user_mau.1710.topfacemobappandroid OR user_mau.1710.topfacemobappios OR user_mau.1710.topface OR user_mau.1710.standalonetf)",0
"2018-02-01 00:00:00","first_app:topface AND platform:vk","_exists_:(user_mau.1711.topfacemobappandroid OR user_mau.1711.topfacemobappios OR user_mau.1711.topface OR user_mau.1711.standalonetf)",0
"2018-02-01 00:00:00","first_app:topface AND platform:vk","_exists_:(user_mau.1712.topfacemobappandroid OR user_mau.1712.topfacemobappios OR user_mau.1712.topface OR user_mau.1712.standalonetf)",0
"2018-02-01 00:00:00","first_app:topface AND platform:vk","_exists_:(user_mau.1801.topfacemobappandroid OR user_mau.1801.topfacemobappios OR user_mau.1801.topface OR user_mau.1801.standalonetf)",0
"2018-02-01 00:00:00","first_app:topface AND platform:vk","_exists_:(user_mau.1802.topfacemobappandroid OR user_mau.1802.topfacemobappios OR user_mau.1802.topface OR user_mau.1802.standalonetf)",32
"2018-02-01 00:00:00","first_app:topface AND platform:ok","*",2
"2018-02-01 00:00:00","first_app:topface AND platform:ok","_exists_:(user_mau.1501.topfacemobappandroid OR user_mau.1501.topfacemobappios OR user_mau.1501.topface OR user_mau.1501.standalonetf)",0
"2018-02-01 00:00:00","first_app:topface AND platform:ok","_exists_:(user_mau.1502.topfacemobappandroid OR user_mau.1502.topfacemobappios OR user_mau.1502.topface OR user_mau.1502.standalonetf)",0
"2018-02-01 00:00:00","first_app:topface AND platform:ok","_exists_:(user_mau.1503.topfacemobappandroid OR user_mau.1503.topfacemobappios OR user_mau.1503.topface OR user_mau.1503.standalonetf)",0
"2018-02-01 00:00:00","first_app:topface AND platform:ok","_exists_:(user_mau.1504.topfacemobappandroid OR user_mau.1504.topfacemobappios OR user_mau.1504.topface OR user_mau.1504.standalonetf)",0
"2018-02-01 00:00:00","first_app:topface AND platform:ok","_exists_:(user_mau.1505.topfacemobappandroid OR user_mau.1505.topfacemobappios OR user_mau.1505.topface OR user_mau.1505.standalonetf)",0
"2018-02-01 00:00:00","first_app:topface AND platform:ok","_exists_:(user_mau.1506.topfacemobappandroid OR user_mau.1506.topfacemobappios OR user_mau.1506.topface OR user_mau.1506.standalonetf)",0
"2018-02-01 00:00:00","first_app:topface AND platform:ok","_exists_:(user_mau.1507.topfacemobappandroid OR user_mau.1507.topfacemobappios OR user_mau.1507.topface OR user_mau.1507.standalonetf)",0
"2018-02-01 00:00:00","first_app:topface AND platform:ok","_exists_:(user_mau.1508.topfacemobappandroid OR user_mau.1508.topfacemobappios OR user_mau.1508.topface OR user_mau.1508.standalonetf)",0
"2018-02-01 00:00:00","first_app:topface AND platform:ok","_exists_:(user_mau.1509.topfacemobappandroid OR user_mau.1509.topfacemobappios OR user_mau.1509.topface OR user_mau.1509.standalonetf)",0
"2018-02-01 00:00:00","first_app:topface AND platform:ok","_exists_:(user_mau.1510.topfacemobappandroid OR user_mau.1510.topfacemobappios OR user_mau.1510.topface OR user_mau.1510.standalonetf)",0
"2018-02-01 00:00:00","first_app:topface AND platform:ok","_exists_:(user_mau.1511.topfacemobappandroid OR user_mau.1511.topfacemobappios OR user_mau.1511.topface OR user_mau.1511.standalonetf)",0
"2018-02-01 00:00:00","first_app:topface AND platform:ok","_exists_:(user_mau.1512.topfacemobappandroid OR user_mau.1512.topfacemobappios OR user_mau.1512.topface OR user_mau.1512.standalonetf)",0
"2018-02-01 00:00:00","first_app:topface AND platform:ok","_exists_:(user_mau.1601.topfacemobappandroid OR user_mau.1601.topfacemobappios OR user_mau.1601.topface OR user_mau.1601.standalonetf)",0
"2018-02-01 00:00:00","first_app:topface AND platform:ok","_exists_:(user_mau.1602.topfacemobappandroid OR user_mau.1602.topfacemobappios OR user_mau.1602.topface OR user_mau.1602.standalonetf)",0
"2018-02-01 00:00:00","first_app:topface AND platform:ok","_exists_:(user_mau.1603.topfacemobappandroid OR user_mau.1603.topfacemobappios OR user_mau.1603.topface OR user_mau.1603.standalonetf)",0
"2018-02-01 00:00:00","first_app:topface AND platform:ok","_exists_:(user_mau.1604.topfacemobappandroid OR user_mau.1604.topfacemobappios OR user_mau.1604.topface OR user_mau.1604.standalonetf)",0
"2018-02-01 00:00:00","first_app:topface AND platform:ok","_exists_:(user_mau.1605.topfacemobappandroid OR user_mau.1605.topfacemobappios OR user_mau.1605.topface OR user_mau.1605.standalonetf)",0
"2018-02-01 00:00:00","first_app:topface AND platform:ok","_exists_:(user_mau.1606.topfacemobappandroid OR user_mau.1606.topfacemobappios OR user_mau.1606.topface OR user_mau.1606.standalonetf)",0
"2018-02-01 00:00:00","first_app:topface AND platform:ok","_exists_:(user_mau.1607.topfacemobappandroid OR user_mau.1607.topfacemobappios OR user_mau.1607.topface OR user_mau.1607.standalonetf)",0
"2018-02-01 00:00:00","first_app:topface AND platform:ok","_exists_:(user_mau.1608.topfacemobappandroid OR user_mau.1608.topfacemobappios OR user_mau.1608.topface OR user_mau.1608.standalonetf)",0
"2018-02-01 00:00:00","first_app:topface AND platform:ok","_exists_:(user_mau.1609.topfacemobappandroid OR user_mau.1609.topfacemobappios OR user_mau.1609.topface OR user_mau.1609.standalonetf)",0
"2018-02-01 00:00:00","first_app:topface AND platform:ok","_exists_:(user_mau.1610.topfacemobappandroid OR user_mau.1610.topfacemobappios OR user_mau.1610.topface OR user_mau.1610.standalonetf)",0
"2018-02-01 00:00:00","first_app:topface AND platform:ok","_exists_:(user_mau.1611.topfacemobappandroid OR user_mau.1611.topfacemobappios OR user_mau.1611.topface OR user_mau.1611.standalonetf)",0
"2018-02-01 00:00:00","first_app:topface AND platform:ok","_exists_:(user_mau.1612.topfacemobappandroid OR user_mau.1612.topfacemobappios OR user_mau.1612.topface OR user_mau.1612.standalonetf)",0
"2018-02-01 00:00:00","first_app:topface AND platform:ok","_exists_:(user_mau.1701.topfacemobappandroid OR user_mau.1701.topfacemobappios OR user_mau.1701.topface OR user_mau.1701.standalonetf)",0
"2018-02-01 00:00:00","first_app:topface AND platform:ok","_exists_:(user_mau.1702.topfacemobappandroid OR user_mau.1702.topfacemobappios OR user_mau.1702.topface OR user_mau.1702.standalonetf)",0
"2018-02-01 00:00:00","first_app:topface AND platform:ok","_exists_:(user_mau.1703.topfacemobappandroid OR user_mau.1703.topfacemobappios OR user_mau.1703.topface OR user_mau.1703.standalonetf)",0
"2018-02-01 00:00:00","first_app:topface AND platform:ok","_exists_:(user_mau.1704.topfacemobappandroid OR user_mau.1704.topfacemobappios OR user_mau.1704.topface OR user_mau.1704.standalonetf)",0
"2018-02-01 00:00:00","first_app:topface AND platform:ok","_exists_:(user_mau.1705.topfacemobappandroid OR user_mau.1705.topfacemobappios OR user_mau.1705.topface OR user_mau.1705.standalonetf)",0
"2018-02-01 00:00:00","first_app:topface AND platform:ok","_exists_:(user_mau.1706.topfacemobappandroid OR user_mau.1706.topfacemobappios OR user_mau.1706.topface OR user_mau.1706.standalonetf)",0
"2018-02-01 00:00:00","first_app:topface AND platform:ok","_exists_:(user_mau.1707.topfacemobappandroid OR user_mau.1707.topfacemobappios OR user_mau.1707.topface OR user_mau.1707.standalonetf)",0
"2018-02-01 00:00:00","first_app:topface AND platform:ok","_exists_:(user_mau.1708.topfacemobappandroid OR user_mau.1708.topfacemobappios OR user_mau.1708.topface OR user_mau.1708.standalonetf)",0
"2018-02-01 00:00:00","first_app:topface AND platform:ok","_exists_:(user_mau.1709.topfacemobappandroid OR user_mau.1709.topfacemobappios OR user_mau.1709.topface OR user_mau.1709.standalonetf)",0
"2018-02-01 00:00:00","first_app:topface AND platform:ok","_exists_:(user_mau.1710.topfacemobappandroid OR user_mau.1710.topfacemobappios OR user_mau.1710.topface OR user_mau.1710.standalonetf)",0
"2018-02-01 00:00:00","first_app:topface AND platform:ok","_exists_:(user_mau.1711.topfacemobappandroid OR user_mau.1711.topfacemobappios OR user_mau.1711.topface OR user_mau.1711.standalonetf)",0
"2018-02-01 00:00:00","first_app:topface AND platform:ok","_exists_:(user_mau.1712.topfacemobappandroid OR user_mau.1712.topfacemobappios OR user_mau.1712.topface OR user_mau.1712.standalonetf)",0
"2018-02-01 00:00:00","first_app:topface AND platform:ok","_exists_:(user_mau.1801.topfacemobappandroid OR user_mau.1801.topfacemobappios OR user_mau.1801.topface OR user_mau.1801.standalonetf)",0
"2018-02-01 00:00:00","first_app:topface AND platform:ok","_exists_:(user_mau.1802.topfacemobappandroid OR user_mau.1802.topfacemobappios OR user_mau.1802.topface OR user_mau.1802.standalonetf)",2
"2018-02-01 00:00:00","first_app:topface AND platform:fb","*",3
"2018-02-01 00:00:00","first_app:topface AND platform:fb","_exists_:(user_mau.1501.topfacemobappandroid OR user_mau.1501.topfacemobappios OR user_mau.1501.topface OR user_mau.1501.standalonetf)",0
"2018-02-01 00:00:00","first_app:topface AND platform:fb","_exists_:(user_mau.1502.topfacemobappandroid OR user_mau.1502.topfacemobappios OR user_mau.1502.topface OR user_mau.1502.standalonetf)",0
"2018-02-01 00:00:00","first_app:topface AND platform:fb","_exists_:(user_mau.1503.topfacemobappandroid OR user_mau.1503.topfacemobappios OR user_mau.1503.topface OR user_mau.1503.standalonetf)",0
"2018-02-01 00:00:00","first_app:topface AND platform:fb","_exists_:(user_mau.1504.topfacemobappandroid OR user_mau.1504.topfacemobappios OR user_mau.1504.topface OR user_mau.1504.standalonetf)",0
"2018-02-01 00:00:00","first_app:topface AND platform:fb","_exists_:(user_mau.1505.topfacemobappandroid OR user_mau.1505.topfacemobappios OR user_mau.1505.topface OR user_mau.1505.standalonetf)",0
"2018-02-01 00:00:00","first_app:topface AND platform:fb","_exists_:(user_mau.1506.topfacemobappandroid OR user_mau.1506.topfacemobappios OR user_mau.1506.topface OR user_mau.1506.standalonetf)",0
"2018-02-01 00:00:00","first_app:topface AND platform:fb","_exists_:(user_mau.1507.topfacemobappandroid OR user_mau.1507.topfacemobappios OR user_mau.1507.topface OR user_mau.1507.standalonetf)",0
"2018-02-01 00:00:00","first_app:topface AND platform:fb","_exists_:(user_mau.1508.topfacemobappandroid OR user_mau.1508.topfacemobappios OR user_mau.1508.topface OR user_mau.1508.standalonetf)",0
"2018-02-01 00:00:00","first_app:topface AND platform:fb","_exists_:(user_mau.1509.topfacemobappandroid OR user_mau.1509.topfacemobappios OR user_mau.1509.topface OR user_mau.1509.standalonetf)",0
"2018-02-01 00:00:00","first_app:topface AND platform:fb","_exists_:(user_mau.1510.topfacemobappandroid OR user_mau.1510.topfacemobappios OR user_mau.1510.topface OR user_mau.1510.standalonetf)",0
"2018-02-01 00:00:00","first_app:topface AND platform:fb","_exists_:(user_mau.1511.topfacemobappandroid OR user_mau.1511.topfacemobappios OR user_mau.1511.topface OR user_mau.1511.standalonetf)",0
"2018-02-01 00:00:00","first_app:topface AND platform:fb","_exists_:(user_mau.1512.topfacemobappandroid OR user_mau.1512.topfacemobappios OR user_mau.1512.topface OR user_mau.1512.standalonetf)",0
"2018-02-01 00:00:00","first_app:topface AND platform:fb","_exists_:(user_mau.1601.topfacemobappandroid OR user_mau.1601.topfacemobappios OR user_mau.1601.topface OR user_mau.1601.standalonetf)",0
"2018-02-01 00:00:00","first_app:topface AND platform:fb","_exists_:(user_mau.1602.topfacemobappandroid OR user_mau.1602.topfacemobappios OR user_mau.1602.topface OR user_mau.1602.standalonetf)",0
"2018-02-01 00:00:00","first_app:topface AND platform:fb","_exists_:(user_mau.1603.topfacemobappandroid OR user_mau.1603.topfacemobappios OR user_mau.1603.topface OR user_mau.1603.standalonetf)",0
"2018-02-01 00:00:00","first_app:topface AND platform:fb","_exists_:(user_mau.1604.topfacemobappandroid OR user_mau.1604.topfacemobappios OR user_mau.1604.topface OR user_mau.1604.standalonetf)",0
"2018-02-01 00:00:00","first_app:topface AND platform:fb","_exists_:(user_mau.1605.topfacemobappandroid OR user_mau.1605.topfacemobappios OR user_mau.1605.topface OR user_mau.1605.standalonetf)",0
"2018-02-01 00:00:00","first_app:topface AND platform:fb","_exists_:(user_mau.1606.topfacemobappandroid OR user_mau.1606.topfacemobappios OR user_mau.1606.topface OR user_mau.1606.standalonetf)",0
"2018-02-01 00:00:00","first_app:topface AND platform:fb","_exists_:(user_mau.1607.topfacemobappandroid OR user_mau.1607.topfacemobappios OR user_mau.1607.topface OR user_mau.1607.standalonetf)",0
"2018-02-01 00:00:00","first_app:topface AND platform:fb","_exists_:(user_mau.1608.topfacemobappandroid OR user_mau.1608.topfacemobappios OR user_mau.1608.topface OR user_mau.1608.standalonetf)",0
"2018-02-01 00:00:00","first_app:topface AND platform:fb","_exists_:(user_mau.1609.topfacemobappandroid OR user_mau.1609.topfacemobappios OR user_mau.1609.topface OR user_mau.1609.standalonetf)",0
"2018-02-01 00:00:00","first_app:topface AND platform:fb","_exists_:(user_mau.1610.topfacemobappandroid OR user_mau.1610.topfacemobappios OR user_mau.1610.topface OR user_mau.1610.standalonetf)",0
"2018-02-01 00:00:00","first_app:topface AND platform:fb","_exists_:(user_mau.1611.topfacemobappandroid OR user_mau.1611.topfacemobappios OR user_mau.1611.topface OR user_mau.1611.standalonetf)",0
"2018-02-01 00:00:00","first_app:topface AND platform:fb","_exists_:(user_mau.1612.topfacemobappandroid OR user_mau.1612.topfacemobappios OR user_mau.1612.topface OR user_mau.1612.standalonetf)",0
"2018-02-01 00:00:00","first_app:topface AND platform:fb","_exists_:(user_mau.1701.topfacemobappandroid OR user_mau.1701.topfacemobappios OR user_mau.1701.topface OR user_mau.1701.standalonetf)",0
"2018-02-01 00:00:00","first_app:topface AND platform:fb","_exists_:(user_mau.1702.topfacemobappandroid OR user_mau.1702.topfacemobappios OR user_mau.1702.topface OR user_mau.1702.standalonetf)",0
"2018-02-01 00:00:00","first_app:topface AND platform:fb","_exists_:(user_mau.1703.topfacemobappandroid OR user_mau.1703.topfacemobappios OR user_mau.1703.topface OR user_mau.1703.standalonetf)",0
"2018-02-01 00:00:00","first_app:topface AND platform:fb","_exists_:(user_mau.1704.topfacemobappandroid OR user_mau.1704.topfacemobappios OR user_mau.1704.topface OR user_mau.1704.standalonetf)",0
"2018-02-01 00:00:00","first_app:topface AND platform:fb","_exists_:(user_mau.1705.topfacemobappandroid OR user_mau.1705.topfacemobappios OR user_mau.1705.topface OR user_mau.1705.standalonetf)",0
"2018-02-01 00:00:00","first_app:topface AND platform:fb","_exists_:(user_mau.1706.topfacemobappandroid OR user_mau.1706.topfacemobappios OR user_mau.1706.topface OR user_mau.1706.standalonetf)",0
"2018-02-01 00:00:00","first_app:topface AND platform:fb","_exists_:(user_mau.1707.topfacemobappandroid OR user_mau.1707.topfacemobappios OR user_mau.1707.topface OR user_mau.1707.standalonetf)",0
"2018-02-01 00:00:00","first_app:topface AND platform:fb","_exists_:(user_mau.1708.topfacemobappandroid OR user_mau.1708.topfacemobappios OR user_mau.1708.topface OR user_mau.1708.standalonetf)",0
"2018-02-01 00:00:00","first_app:topface AND platform:fb","_exists_:(user_mau.1709.topfacemobappandroid OR user_mau.1709.topfacemobappios OR user_mau.1709.topface OR user_mau.1709.standalonetf)",0
"2018-02-01 00:00:00","first_app:topface AND platform:fb","_exists_:(user_mau.1710.topfacemobappandroid OR user_mau.1710.topfacemobappios OR user_mau.1710.topface OR user_mau.1710.standalonetf)",0
"2018-02-01 00:00:00","first_app:topface AND platform:fb","_exists_:(user_mau.1711.topfacemobappandroid OR user_mau.1711.topfacemobappios OR user_mau.1711.topface OR user_mau.1711.standalonetf)",0
"2018-02-01 00:00:00","first_app:topface AND platform:fb","_exists_:(user_mau.1712.topfacemobappandroid OR user_mau.1712.topfacemobappios OR user_mau.1712.topface OR user_mau.1712.standalonetf)",0
"2018-02-01 00:00:00","first_app:topface AND platform:fb","_exists_:(user_mau.1801.topfacemobappandroid OR user_mau.1801.topfacemobappios OR user_mau.1801.topface OR user_mau.1801.standalonetf)",0
"2018-02-01 00:00:00","first_app:topface AND platform:fb","_exists_:(user_mau.1802.topfacemobappandroid OR user_mau.1802.topfacemobappios OR user_mau.1802.topface OR user_mau.1802.standalonetf)",3
"2018-03-01 00:00:00","first_app:topfacemobappandroid","*","1,443"
"2018-03-01 00:00:00","first_app:topfacemobappandroid","_exists_:(user_mau.1501.topfacemobappandroid OR user_mau.1501.topfacemobappios OR user_mau.1501.topface OR user_mau.1501.standalonetf)",0
"2018-03-01 00:00:00","first_app:topfacemobappandroid","_exists_:(user_mau.1502.topfacemobappandroid OR user_mau.1502.topfacemobappios OR user_mau.1502.topface OR user_mau.1502.standalonetf)",0
"2018-03-01 00:00:00","first_app:topfacemobappandroid","_exists_:(user_mau.1503.topfacemobappandroid OR user_mau.1503.topfacemobappios OR user_mau.1503.topface OR user_mau.1503.standalonetf)",0
"2018-03-01 00:00:00","first_app:topfacemobappandroid","_exists_:(user_mau.1504.topfacemobappandroid OR user_mau.1504.topfacemobappios OR user_mau.1504.topface OR user_mau.1504.standalonetf)",0
"2018-03-01 00:00:00","first_app:topfacemobappandroid","_exists_:(user_mau.1505.topfacemobappandroid OR user_mau.1505.topfacemobappios OR user_mau.1505.topface OR user_mau.1505.standalonetf)",0
"2018-03-01 00:00:00","first_app:topfacemobappandroid","_exists_:(user_mau.1506.topfacemobappandroid OR user_mau.1506.topfacemobappios OR user_mau.1506.topface OR user_mau.1506.standalonetf)",0
"2018-03-01 00:00:00","first_app:topfacemobappandroid","_exists_:(user_mau.1507.topfacemobappandroid OR user_mau.1507.topfacemobappios OR user_mau.1507.topface OR user_mau.1507.standalonetf)",0
"2018-03-01 00:00:00","first_app:topfacemobappandroid","_exists_:(user_mau.1508.topfacemobappandroid OR user_mau.1508.topfacemobappios OR user_mau.1508.topface OR user_mau.1508.standalonetf)",0
"2018-03-01 00:00:00","first_app:topfacemobappandroid","_exists_:(user_mau.1509.topfacemobappandroid OR user_mau.1509.topfacemobappios OR user_mau.1509.topface OR user_mau.1509.standalonetf)",0
"2018-03-01 00:00:00","first_app:topfacemobappandroid","_exists_:(user_mau.1510.topfacemobappandroid OR user_mau.1510.topfacemobappios OR user_mau.1510.topface OR user_mau.1510.standalonetf)",0
"2018-03-01 00:00:00","first_app:topfacemobappandroid","_exists_:(user_mau.1511.topfacemobappandroid OR user_mau.1511.topfacemobappios OR user_mau.1511.topface OR user_mau.1511.standalonetf)",0
"2018-03-01 00:00:00","first_app:topfacemobappandroid","_exists_:(user_mau.1512.topfacemobappandroid OR user_mau.1512.topfacemobappios OR user_mau.1512.topface OR user_mau.1512.standalonetf)",0
"2018-03-01 00:00:00","first_app:topfacemobappandroid","_exists_:(user_mau.1601.topfacemobappandroid OR user_mau.1601.topfacemobappios OR user_mau.1601.topface OR user_mau.1601.standalonetf)",0
"2018-03-01 00:00:00","first_app:topfacemobappandroid","_exists_:(user_mau.1602.topfacemobappandroid OR user_mau.1602.topfacemobappios OR user_mau.1602.topface OR user_mau.1602.standalonetf)",0
"2018-03-01 00:00:00","first_app:topfacemobappandroid","_exists_:(user_mau.1603.topfacemobappandroid OR user_mau.1603.topfacemobappios OR user_mau.1603.topface OR user_mau.1603.standalonetf)",0
"2018-03-01 00:00:00","first_app:topfacemobappandroid","_exists_:(user_mau.1604.topfacemobappandroid OR user_mau.1604.topfacemobappios OR user_mau.1604.topface OR user_mau.1604.standalonetf)",0
"2018-03-01 00:00:00","first_app:topfacemobappandroid","_exists_:(user_mau.1605.topfacemobappandroid OR user_mau.1605.topfacemobappios OR user_mau.1605.topface OR user_mau.1605.standalonetf)",0
"2018-03-01 00:00:00","first_app:topfacemobappandroid","_exists_:(user_mau.1606.topfacemobappandroid OR user_mau.1606.topfacemobappios OR user_mau.1606.topface OR user_mau.1606.standalonetf)",0
"2018-03-01 00:00:00","first_app:topfacemobappandroid","_exists_:(user_mau.1607.topfacemobappandroid OR user_mau.1607.topfacemobappios OR user_mau.1607.topface OR user_mau.1607.standalonetf)",0
"2018-03-01 00:00:00","first_app:topfacemobappandroid","_exists_:(user_mau.1608.topfacemobappandroid OR user_mau.1608.topfacemobappios OR user_mau.1608.topface OR user_mau.1608.standalonetf)",0
"2018-03-01 00:00:00","first_app:topfacemobappandroid","_exists_:(user_mau.1609.topfacemobappandroid OR user_mau.1609.topfacemobappios OR user_mau.1609.topface OR user_mau.1609.standalonetf)",0
"2018-03-01 00:00:00","first_app:topfacemobappandroid","_exists_:(user_mau.1610.topfacemobappandroid OR user_mau.1610.topfacemobappios OR user_mau.1610.topface OR user_mau.1610.standalonetf)",0
"2018-03-01 00:00:00","first_app:topfacemobappandroid","_exists_:(user_mau.1611.topfacemobappandroid OR user_mau.1611.topfacemobappios OR user_mau.1611.topface OR user_mau.1611.standalonetf)",0
"2018-03-01 00:00:00","first_app:topfacemobappandroid","_exists_:(user_mau.1612.topfacemobappandroid OR user_mau.1612.topfacemobappios OR user_mau.1612.topface OR user_mau.1612.standalonetf)",0
"2018-03-01 00:00:00","first_app:topfacemobappandroid","_exists_:(user_mau.1701.topfacemobappandroid OR user_mau.1701.topfacemobappios OR user_mau.1701.topface OR user_mau.1701.standalonetf)",0
"2018-03-01 00:00:00","first_app:topfacemobappandroid","_exists_:(user_mau.1702.topfacemobappandroid OR user_mau.1702.topfacemobappios OR user_mau.1702.topface OR user_mau.1702.standalonetf)",0
"2018-03-01 00:00:00","first_app:topfacemobappandroid","_exists_:(user_mau.1703.topfacemobappandroid OR user_mau.1703.topfacemobappios OR user_mau.1703.topface OR user_mau.1703.standalonetf)",0
"2018-03-01 00:00:00","first_app:topfacemobappandroid","_exists_:(user_mau.1704.topfacemobappandroid OR user_mau.1704.topfacemobappios OR user_mau.1704.topface OR user_mau.1704.standalonetf)",0
"2018-03-01 00:00:00","first_app:topfacemobappandroid","_exists_:(user_mau.1705.topfacemobappandroid OR user_mau.1705.topfacemobappios OR user_mau.1705.topface OR user_mau.1705.standalonetf)",0
"2018-03-01 00:00:00","first_app:topfacemobappandroid","_exists_:(user_mau.1706.topfacemobappandroid OR user_mau.1706.topfacemobappios OR user_mau.1706.topface OR user_mau.1706.standalonetf)",0
"2018-03-01 00:00:00","first_app:topfacemobappandroid","_exists_:(user_mau.1707.topfacemobappandroid OR user_mau.1707.topfacemobappios OR user_mau.1707.topface OR user_mau.1707.standalonetf)",0
"2018-03-01 00:00:00","first_app:topfacemobappandroid","_exists_:(user_mau.1708.topfacemobappandroid OR user_mau.1708.topfacemobappios OR user_mau.1708.topface OR user_mau.1708.standalonetf)",0
"2018-03-01 00:00:00","first_app:topfacemobappandroid","_exists_:(user_mau.1709.topfacemobappandroid OR user_mau.1709.topfacemobappios OR user_mau.1709.topface OR user_mau.1709.standalonetf)",0
"2018-03-01 00:00:00","first_app:topfacemobappandroid","_exists_:(user_mau.1710.topfacemobappandroid OR user_mau.1710.topfacemobappios OR user_mau.1710.topface OR user_mau.1710.standalonetf)",0
"2018-03-01 00:00:00","first_app:topfacemobappandroid","_exists_:(user_mau.1711.topfacemobappandroid OR user_mau.1711.topfacemobappios OR user_mau.1711.topface OR user_mau.1711.standalonetf)",0
"2018-03-01 00:00:00","first_app:topfacemobappandroid","_exists_:(user_mau.1712.topfacemobappandroid OR user_mau.1712.topfacemobappios OR user_mau.1712.topface OR user_mau.1712.standalonetf)",0
"2018-03-01 00:00:00","first_app:topfacemobappandroid","_exists_:(user_mau.1801.topfacemobappandroid OR user_mau.1801.topfacemobappios OR user_mau.1801.topface OR user_mau.1801.standalonetf)",0
"2018-03-01 00:00:00","first_app:topfacemobappandroid","_exists_:(user_mau.1802.topfacemobappandroid OR user_mau.1802.topfacemobappios OR user_mau.1802.topface OR user_mau.1802.standalonetf)",0
"2018-03-01 00:00:00","first_app:topfacemobappios","*",480
"2018-03-01 00:00:00","first_app:topfacemobappios","_exists_:(user_mau.1501.topfacemobappandroid OR user_mau.1501.topfacemobappios OR user_mau.1501.topface OR user_mau.1501.standalonetf)",0
"2018-03-01 00:00:00","first_app:topfacemobappios","_exists_:(user_mau.1502.topfacemobappandroid OR user_mau.1502.topfacemobappios OR user_mau.1502.topface OR user_mau.1502.standalonetf)",0
"2018-03-01 00:00:00","first_app:topfacemobappios","_exists_:(user_mau.1503.topfacemobappandroid OR user_mau.1503.topfacemobappios OR user_mau.1503.topface OR user_mau.1503.standalonetf)",0
"2018-03-01 00:00:00","first_app:topfacemobappios","_exists_:(user_mau.1504.topfacemobappandroid OR user_mau.1504.topfacemobappios OR user_mau.1504.topface OR user_mau.1504.standalonetf)",0
"2018-03-01 00:00:00","first_app:topfacemobappios","_exists_:(user_mau.1505.topfacemobappandroid OR user_mau.1505.topfacemobappios OR user_mau.1505.topface OR user_mau.1505.standalonetf)",0
"2018-03-01 00:00:00","first_app:topfacemobappios","_exists_:(user_mau.1506.topfacemobappandroid OR user_mau.1506.topfacemobappios OR user_mau.1506.topface OR user_mau.1506.standalonetf)",0
"2018-03-01 00:00:00","first_app:topfacemobappios","_exists_:(user_mau.1507.topfacemobappandroid OR user_mau.1507.topfacemobappios OR user_mau.1507.topface OR user_mau.1507.standalonetf)",0
"2018-03-01 00:00:00","first_app:topfacemobappios","_exists_:(user_mau.1508.topfacemobappandroid OR user_mau.1508.topfacemobappios OR user_mau.1508.topface OR user_mau.1508.standalonetf)",0
"2018-03-01 00:00:00","first_app:topfacemobappios","_exists_:(user_mau.1509.topfacemobappandroid OR user_mau.1509.topfacemobappios OR user_mau.1509.topface OR user_mau.1509.standalonetf)",0
"2018-03-01 00:00:00","first_app:topfacemobappios","_exists_:(user_mau.1510.topfacemobappandroid OR user_mau.1510.topfacemobappios OR user_mau.1510.topface OR user_mau.1510.standalonetf)",0
"2018-03-01 00:00:00","first_app:topfacemobappios","_exists_:(user_mau.1511.topfacemobappandroid OR user_mau.1511.topfacemobappios OR user_mau.1511.topface OR user_mau.1511.standalonetf)",0
"2018-03-01 00:00:00","first_app:topfacemobappios","_exists_:(user_mau.1512.topfacemobappandroid OR user_mau.1512.topfacemobappios OR user_mau.1512.topface OR user_mau.1512.standalonetf)",0
"2018-03-01 00:00:00","first_app:topfacemobappios","_exists_:(user_mau.1601.topfacemobappandroid OR user_mau.1601.topfacemobappios OR user_mau.1601.topface OR user_mau.1601.standalonetf)",0
"2018-03-01 00:00:00","first_app:topfacemobappios","_exists_:(user_mau.1602.topfacemobappandroid OR user_mau.1602.topfacemobappios OR user_mau.1602.topface OR user_mau.1602.standalonetf)",0
"2018-03-01 00:00:00","first_app:topfacemobappios","_exists_:(user_mau.1603.topfacemobappandroid OR user_mau.1603.topfacemobappios OR user_mau.1603.topface OR user_mau.1603.standalonetf)",0
"2018-03-01 00:00:00","first_app:topfacemobappios","_exists_:(user_mau.1604.topfacemobappandroid OR user_mau.1604.topfacemobappios OR user_mau.1604.topface OR user_mau.1604.standalonetf)",0
"2018-03-01 00:00:00","first_app:topfacemobappios","_exists_:(user_mau.1605.topfacemobappandroid OR user_mau.1605.topfacemobappios OR user_mau.1605.topface OR user_mau.1605.standalonetf)",0
"2018-03-01 00:00:00","first_app:topfacemobappios","_exists_:(user_mau.1606.topfacemobappandroid OR user_mau.1606.topfacemobappios OR user_mau.1606.topface OR user_mau.1606.standalonetf)",0
"2018-03-01 00:00:00","first_app:topfacemobappios","_exists_:(user_mau.1607.topfacemobappandroid OR user_mau.1607.topfacemobappios OR user_mau.1607.topface OR user_mau.1607.standalonetf)",0
"2018-03-01 00:00:00","first_app:topfacemobappios","_exists_:(user_mau.1608.topfacemobappandroid OR user_mau.1608.topfacemobappios OR user_mau.1608.topface OR user_mau.1608.standalonetf)",0
"2018-03-01 00:00:00","first_app:topfacemobappios","_exists_:(user_mau.1609.topfacemobappandroid OR user_mau.1609.topfacemobappios OR user_mau.1609.topface OR user_mau.1609.standalonetf)",0
"2018-03-01 00:00:00","first_app:topfacemobappios","_exists_:(user_mau.1610.topfacemobappandroid OR user_mau.1610.topfacemobappios OR user_mau.1610.topface OR user_mau.1610.standalonetf)",0
"2018-03-01 00:00:00","first_app:topfacemobappios","_exists_:(user_mau.1611.topfacemobappandroid OR user_mau.1611.topfacemobappios OR user_mau.1611.topface OR user_mau.1611.standalonetf)",0
"2018-03-01 00:00:00","first_app:topfacemobappios","_exists_:(user_mau.1612.topfacemobappandroid OR user_mau.1612.topfacemobappios OR user_mau.1612.topface OR user_mau.1612.standalonetf)",0
"2018-03-01 00:00:00","first_app:topfacemobappios","_exists_:(user_mau.1701.topfacemobappandroid OR user_mau.1701.topfacemobappios OR user_mau.1701.topface OR user_mau.1701.standalonetf)",0
"2018-03-01 00:00:00","first_app:topfacemobappios","_exists_:(user_mau.1702.topfacemobappandroid OR user_mau.1702.topfacemobappios OR user_mau.1702.topface OR user_mau.1702.standalonetf)",0
"2018-03-01 00:00:00","first_app:topfacemobappios","_exists_:(user_mau.1703.topfacemobappandroid OR user_mau.1703.topfacemobappios OR user_mau.1703.topface OR user_mau.1703.standalonetf)",0
"2018-03-01 00:00:00","first_app:topfacemobappios","_exists_:(user_mau.1704.topfacemobappandroid OR user_mau.1704.topfacemobappios OR user_mau.1704.topface OR user_mau.1704.standalonetf)",0
"2018-03-01 00:00:00","first_app:topfacemobappios","_exists_:(user_mau.1705.topfacemobappandroid OR user_mau.1705.topfacemobappios OR user_mau.1705.topface OR user_mau.1705.standalonetf)",0
"2018-03-01 00:00:00","first_app:topfacemobappios","_exists_:(user_mau.1706.topfacemobappandroid OR user_mau.1706.topfacemobappios OR user_mau.1706.topface OR user_mau.1706.standalonetf)",0
"2018-03-01 00:00:00","first_app:topfacemobappios","_exists_:(user_mau.1707.topfacemobappandroid OR user_mau.1707.topfacemobappios OR user_mau.1707.topface OR user_mau.1707.standalonetf)",0
"2018-03-01 00:00:00","first_app:topfacemobappios","_exists_:(user_mau.1708.topfacemobappandroid OR user_mau.1708.topfacemobappios OR user_mau.1708.topface OR user_mau.1708.standalonetf)",0
"2018-03-01 00:00:00","first_app:topfacemobappios","_exists_:(user_mau.1709.topfacemobappandroid OR user_mau.1709.topfacemobappios OR user_mau.1709.topface OR user_mau.1709.standalonetf)",0
"2018-03-01 00:00:00","first_app:topfacemobappios","_exists_:(user_mau.1710.topfacemobappandroid OR user_mau.1710.topfacemobappios OR user_mau.1710.topface OR user_mau.1710.standalonetf)",0
"2018-03-01 00:00:00","first_app:topfacemobappios","_exists_:(user_mau.1711.topfacemobappandroid OR user_mau.1711.topfacemobappios OR user_mau.1711.topface OR user_mau.1711.standalonetf)",0
"2018-03-01 00:00:00","first_app:topfacemobappios","_exists_:(user_mau.1712.topfacemobappandroid OR user_mau.1712.topfacemobappios OR user_mau.1712.topface OR user_mau.1712.standalonetf)",0
"2018-03-01 00:00:00","first_app:topfacemobappios","_exists_:(user_mau.1801.topfacemobappandroid OR user_mau.1801.topfacemobappios OR user_mau.1801.topface OR user_mau.1801.standalonetf)",0
"2018-03-01 00:00:00","first_app:topfacemobappios","_exists_:(user_mau.1802.topfacemobappandroid OR user_mau.1802.topfacemobappios OR user_mau.1802.topface OR user_mau.1802.standalonetf)",0
"2018-03-01 00:00:00","first_app:standalonetf","*",1
"2018-03-01 00:00:00","first_app:standalonetf","_exists_:(user_mau.1501.topfacemobappandroid OR user_mau.1501.topfacemobappios OR user_mau.1501.topface OR user_mau.1501.standalonetf)",0
"2018-03-01 00:00:00","first_app:standalonetf","_exists_:(user_mau.1502.topfacemobappandroid OR user_mau.1502.topfacemobappios OR user_mau.1502.topface OR user_mau.1502.standalonetf)",0
"2018-03-01 00:00:00","first_app:standalonetf","_exists_:(user_mau.1503.topfacemobappandroid OR user_mau.1503.topfacemobappios OR user_mau.1503.topface OR user_mau.1503.standalonetf)",0
"2018-03-01 00:00:00","first_app:standalonetf","_exists_:(user_mau.1504.topfacemobappandroid OR user_mau.1504.topfacemobappios OR user_mau.1504.topface OR user_mau.1504.standalonetf)",0
"2018-03-01 00:00:00","first_app:standalonetf","_exists_:(user_mau.1505.topfacemobappandroid OR user_mau.1505.topfacemobappios OR user_mau.1505.topface OR user_mau.1505.standalonetf)",0
"2018-03-01 00:00:00","first_app:standalonetf","_exists_:(user_mau.1506.topfacemobappandroid OR user_mau.1506.topfacemobappios OR user_mau.1506.topface OR user_mau.1506.standalonetf)",0
"2018-03-01 00:00:00","first_app:standalonetf","_exists_:(user_mau.1507.topfacemobappandroid OR user_mau.1507.topfacemobappios OR user_mau.1507.topface OR user_mau.1507.standalonetf)",0
"2018-03-01 00:00:00","first_app:standalonetf","_exists_:(user_mau.1508.topfacemobappandroid OR user_mau.1508.topfacemobappios OR user_mau.1508.topface OR user_mau.1508.standalonetf)",0
"2018-03-01 00:00:00","first_app:standalonetf","_exists_:(user_mau.1509.topfacemobappandroid OR user_mau.1509.topfacemobappios OR user_mau.1509.topface OR user_mau.1509.standalonetf)",0
"2018-03-01 00:00:00","first_app:standalonetf","_exists_:(user_mau.1510.topfacemobappandroid OR user_mau.1510.topfacemobappios OR user_mau.1510.topface OR user_mau.1510.standalonetf)",0
"2018-03-01 00:00:00","first_app:standalonetf","_exists_:(user_mau.1511.topfacemobappandroid OR user_mau.1511.topfacemobappios OR user_mau.1511.topface OR user_mau.1511.standalonetf)",0
"2018-03-01 00:00:00","first_app:standalonetf","_exists_:(user_mau.1512.topfacemobappandroid OR user_mau.1512.topfacemobappios OR user_mau.1512.topface OR user_mau.1512.standalonetf)",0
"2018-03-01 00:00:00","first_app:standalonetf","_exists_:(user_mau.1601.topfacemobappandroid OR user_mau.1601.topfacemobappios OR user_mau.1601.topface OR user_mau.1601.standalonetf)",0
"2018-03-01 00:00:00","first_app:standalonetf","_exists_:(user_mau.1602.topfacemobappandroid OR user_mau.1602.topfacemobappios OR user_mau.1602.topface OR user_mau.1602.standalonetf)",0
"2018-03-01 00:00:00","first_app:standalonetf","_exists_:(user_mau.1603.topfacemobappandroid OR user_mau.1603.topfacemobappios OR user_mau.1603.topface OR user_mau.1603.standalonetf)",0
"2018-03-01 00:00:00","first_app:standalonetf","_exists_:(user_mau.1604.topfacemobappandroid OR user_mau.1604.topfacemobappios OR user_mau.1604.topface OR user_mau.1604.standalonetf)",0
"2018-03-01 00:00:00","first_app:standalonetf","_exists_:(user_mau.1605.topfacemobappandroid OR user_mau.1605.topfacemobappios OR user_mau.1605.topface OR user_mau.1605.standalonetf)",0
"2018-03-01 00:00:00","first_app:standalonetf","_exists_:(user_mau.1606.topfacemobappandroid OR user_mau.1606.topfacemobappios OR user_mau.1606.topface OR user_mau.1606.standalonetf)",0
"2018-03-01 00:00:00","first_app:standalonetf","_exists_:(user_mau.1607.topfacemobappandroid OR user_mau.1607.topfacemobappios OR user_mau.1607.topface OR user_mau.1607.standalonetf)",0
"2018-03-01 00:00:00","first_app:standalonetf","_exists_:(user_mau.1608.topfacemobappandroid OR user_mau.1608.topfacemobappios OR user_mau.1608.topface OR user_mau.1608.standalonetf)",0
"2018-03-01 00:00:00","first_app:standalonetf","_exists_:(user_mau.1609.topfacemobappandroid OR user_mau.1609.topfacemobappios OR user_mau.1609.topface OR user_mau.1609.standalonetf)",0
"2018-03-01 00:00:00","first_app:standalonetf","_exists_:(user_mau.1610.topfacemobappandroid OR user_mau.1610.topfacemobappios OR user_mau.1610.topface OR user_mau.1610.standalonetf)",0
"2018-03-01 00:00:00","first_app:standalonetf","_exists_:(user_mau.1611.topfacemobappandroid OR user_mau.1611.topfacemobappios OR user_mau.1611.topface OR user_mau.1611.standalonetf)",0
"2018-03-01 00:00:00","first_app:standalonetf","_exists_:(user_mau.1612.topfacemobappandroid OR user_mau.1612.topfacemobappios OR user_mau.1612.topface OR user_mau.1612.standalonetf)",0
"2018-03-01 00:00:00","first_app:standalonetf","_exists_:(user_mau.1701.topfacemobappandroid OR user_mau.1701.topfacemobappios OR user_mau.1701.topface OR user_mau.1701.standalonetf)",0
"2018-03-01 00:00:00","first_app:standalonetf","_exists_:(user_mau.1702.topfacemobappandroid OR user_mau.1702.topfacemobappios OR user_mau.1702.topface OR user_mau.1702.standalonetf)",0
"2018-03-01 00:00:00","first_app:standalonetf","_exists_:(user_mau.1703.topfacemobappandroid OR user_mau.1703.topfacemobappios OR user_mau.1703.topface OR user_mau.1703.standalonetf)",0
"2018-03-01 00:00:00","first_app:standalonetf","_exists_:(user_mau.1704.topfacemobappandroid OR user_mau.1704.topfacemobappios OR user_mau.1704.topface OR user_mau.1704.standalonetf)",0
"2018-03-01 00:00:00","first_app:standalonetf","_exists_:(user_mau.1705.topfacemobappandroid OR user_mau.1705.topfacemobappios OR user_mau.1705.topface OR user_mau.1705.standalonetf)",0
"2018-03-01 00:00:00","first_app:standalonetf","_exists_:(user_mau.1706.topfacemobappandroid OR user_mau.1706.topfacemobappios OR user_mau.1706.topface OR user_mau.1706.standalonetf)",0
"2018-03-01 00:00:00","first_app:standalonetf","_exists_:(user_mau.1707.topfacemobappandroid OR user_mau.1707.topfacemobappios OR user_mau.1707.topface OR user_mau.1707.standalonetf)",0
"2018-03-01 00:00:00","first_app:standalonetf","_exists_:(user_mau.1708.topfacemobappandroid OR user_mau.1708.topfacemobappios OR user_mau.1708.topface OR user_mau.1708.standalonetf)",0
"2018-03-01 00:00:00","first_app:standalonetf","_exists_:(user_mau.1709.topfacemobappandroid OR user_mau.1709.topfacemobappios OR user_mau.1709.topface OR user_mau.1709.standalonetf)",0
"2018-03-01 00:00:00","first_app:standalonetf","_exists_:(user_mau.1710.topfacemobappandroid OR user_mau.1710.topfacemobappios OR user_mau.1710.topface OR user_mau.1710.standalonetf)",0
"2018-03-01 00:00:00","first_app:standalonetf","_exists_:(user_mau.1711.topfacemobappandroid OR user_mau.1711.topfacemobappios OR user_mau.1711.topface OR user_mau.1711.standalonetf)",0
"2018-03-01 00:00:00","first_app:standalonetf","_exists_:(user_mau.1712.topfacemobappandroid OR user_mau.1712.topfacemobappios OR user_mau.1712.topface OR user_mau.1712.standalonetf)",0
"2018-03-01 00:00:00","first_app:standalonetf","_exists_:(user_mau.1801.topfacemobappandroid OR user_mau.1801.topfacemobappios OR user_mau.1801.topface OR user_mau.1801.standalonetf)",0
"2018-03-01 00:00:00","first_app:standalonetf","_exists_:(user_mau.1802.topfacemobappandroid OR user_mau.1802.topfacemobappios OR user_mau.1802.topface OR user_mau.1802.standalonetf)",0
"2018-03-01 00:00:00","first_app:topface AND platform:vk","*",0
"2018-03-01 00:00:00","first_app:topface AND platform:vk","_exists_:(user_mau.1501.topfacemobappandroid OR user_mau.1501.topfacemobappios OR user_mau.1501.topface OR user_mau.1501.standalonetf)",0
"2018-03-01 00:00:00","first_app:topface AND platform:vk","_exists_:(user_mau.1502.topfacemobappandroid OR user_mau.1502.topfacemobappios OR user_mau.1502.topface OR user_mau.1502.standalonetf)",0
"2018-03-01 00:00:00","first_app:topface AND platform:vk","_exists_:(user_mau.1503.topfacemobappandroid OR user_mau.1503.topfacemobappios OR user_mau.1503.topface OR user_mau.1503.standalonetf)",0
"2018-03-01 00:00:00","first_app:topface AND platform:vk","_exists_:(user_mau.1504.topfacemobappandroid OR user_mau.1504.topfacemobappios OR user_mau.1504.topface OR user_mau.1504.standalonetf)",0
"2018-03-01 00:00:00","first_app:topface AND platform:vk","_exists_:(user_mau.1505.topfacemobappandroid OR user_mau.1505.topfacemobappios OR user_mau.1505.topface OR user_mau.1505.standalonetf)",0
"2018-03-01 00:00:00","first_app:topface AND platform:vk","_exists_:(user_mau.1506.topfacemobappandroid OR user_mau.1506.topfacemobappios OR user_mau.1506.topface OR user_mau.1506.standalonetf)",0
"2018-03-01 00:00:00","first_app:topface AND platform:vk","_exists_:(user_mau.1507.topfacemobappandroid OR user_mau.1507.topfacemobappios OR user_mau.1507.topface OR user_mau.1507.standalonetf)",0
"2018-03-01 00:00:00","first_app:topface AND platform:vk","_exists_:(user_mau.1508.topfacemobappandroid OR user_mau.1508.topfacemobappios OR user_mau.1508.topface OR user_mau.1508.standalonetf)",0
"2018-03-01 00:00:00","first_app:topface AND platform:vk","_exists_:(user_mau.1509.topfacemobappandroid OR user_mau.1509.topfacemobappios OR user_mau.1509.topface OR user_mau.1509.standalonetf)",0
"2018-03-01 00:00:00","first_app:topface AND platform:vk","_exists_:(user_mau.1510.topfacemobappandroid OR user_mau.1510.topfacemobappios OR user_mau.1510.topface OR user_mau.1510.standalonetf)",0
"2018-03-01 00:00:00","first_app:topface AND platform:vk","_exists_:(user_mau.1511.topfacemobappandroid OR user_mau.1511.topfacemobappios OR user_mau.1511.topface OR user_mau.1511.standalonetf)",0
"2018-03-01 00:00:00","first_app:topface AND platform:vk","_exists_:(user_mau.1512.topfacemobappandroid OR user_mau.1512.topfacemobappios OR user_mau.1512.topface OR user_mau.1512.standalonetf)",0
"2018-03-01 00:00:00","first_app:topface AND platform:vk","_exists_:(user_mau.1601.topfacemobappandroid OR user_mau.1601.topfacemobappios OR user_mau.1601.topface OR user_mau.1601.standalonetf)",0
"2018-03-01 00:00:00","first_app:topface AND platform:vk","_exists_:(user_mau.1602.topfacemobappandroid OR user_mau.1602.topfacemobappios OR user_mau.1602.topface OR user_mau.1602.standalonetf)",0
"2018-03-01 00:00:00","first_app:topface AND platform:vk","_exists_:(user_mau.1603.topfacemobappandroid OR user_mau.1603.topfacemobappios OR user_mau.1603.topface OR user_mau.1603.standalonetf)",0
"2018-03-01 00:00:00","first_app:topface AND platform:vk","_exists_:(user_mau.1604.topfacemobappandroid OR user_mau.1604.topfacemobappios OR user_mau.1604.topface OR user_mau.1604.standalonetf)",0
"2018-03-01 00:00:00","first_app:topface AND platform:vk","_exists_:(user_mau.1605.topfacemobappandroid OR user_mau.1605.topfacemobappios OR user_mau.1605.topface OR user_mau.1605.standalonetf)",0
"2018-03-01 00:00:00","first_app:topface AND platform:vk","_exists_:(user_mau.1606.topfacemobappandroid OR user_mau.1606.topfacemobappios OR user_mau.1606.topface OR user_mau.1606.standalonetf)",0
"2018-03-01 00:00:00","first_app:topface AND platform:vk","_exists_:(user_mau.1607.topfacemobappandroid OR user_mau.1607.topfacemobappios OR user_mau.1607.topface OR user_mau.1607.standalonetf)",0
"2018-03-01 00:00:00","first_app:topface AND platform:vk","_exists_:(user_mau.1608.topfacemobappandroid OR user_mau.1608.topfacemobappios OR user_mau.1608.topface OR user_mau.1608.standalonetf)",0
"2018-03-01 00:00:00","first_app:topface AND platform:vk","_exists_:(user_mau.1609.topfacemobappandroid OR user_mau.1609.topfacemobappios OR user_mau.1609.topface OR user_mau.1609.standalonetf)",0
"2018-03-01 00:00:00","first_app:topface AND platform:vk","_exists_:(user_mau.1610.topfacemobappandroid OR user_mau.1610.topfacemobappios OR user_mau.1610.topface OR user_mau.1610.standalonetf)",0
"2018-03-01 00:00:00","first_app:topface AND platform:vk","_exists_:(user_mau.1611.topfacemobappandroid OR user_mau.1611.topfacemobappios OR user_mau.1611.topface OR user_mau.1611.standalonetf)",0
"2018-03-01 00:00:00","first_app:topface AND platform:vk","_exists_:(user_mau.1612.topfacemobappandroid OR user_mau.1612.topfacemobappios OR user_mau.1612.topface OR user_mau.1612.standalonetf)",0
"2018-03-01 00:00:00","first_app:topface AND platform:vk","_exists_:(user_mau.1701.topfacemobappandroid OR user_mau.1701.topfacemobappios OR user_mau.1701.topface OR user_mau.1701.standalonetf)",0
"2018-03-01 00:00:00","first_app:topface AND platform:vk","_exists_:(user_mau.1702.topfacemobappandroid OR user_mau.1702.topfacemobappios OR user_mau.1702.topface OR user_mau.1702.standalonetf)",0
"2018-03-01 00:00:00","first_app:topface AND platform:vk","_exists_:(user_mau.1703.topfacemobappandroid OR user_mau.1703.topfacemobappios OR user_mau.1703.topface OR user_mau.1703.standalonetf)",0
"2018-03-01 00:00:00","first_app:topface AND platform:vk","_exists_:(user_mau.1704.topfacemobappandroid OR user_mau.1704.topfacemobappios OR user_mau.1704.topface OR user_mau.1704.standalonetf)",0
"2018-03-01 00:00:00","first_app:topface AND platform:vk","_exists_:(user_mau.1705.topfacemobappandroid OR user_mau.1705.topfacemobappios OR user_mau.1705.topface OR user_mau.1705.standalonetf)",0
"2018-03-01 00:00:00","first_app:topface AND platform:vk","_exists_:(user_mau.1706.topfacemobappandroid OR user_mau.1706.topfacemobappios OR user_mau.1706.topface OR user_mau.1706.standalonetf)",0
"2018-03-01 00:00:00","first_app:topface AND platform:vk","_exists_:(user_mau.1707.topfacemobappandroid OR user_mau.1707.topfacemobappios OR user_mau.1707.topface OR user_mau.1707.standalonetf)",0
"2018-03-01 00:00:00","first_app:topface AND platform:vk","_exists_:(user_mau.1708.topfacemobappandroid OR user_mau.1708.topfacemobappios OR user_mau.1708.topface OR user_mau.1708.standalonetf)",0
"2018-03-01 00:00:00","first_app:topface AND platform:vk","_exists_:(user_mau.1709.topfacemobappandroid OR user_mau.1709.topfacemobappios OR user_mau.1709.topface OR user_mau.1709.standalonetf)",0
"2018-03-01 00:00:00","first_app:topface AND platform:vk","_exists_:(user_mau.1710.topfacemobappandroid OR user_mau.1710.topfacemobappios OR user_mau.1710.topface OR user_mau.1710.standalonetf)",0
"2018-03-01 00:00:00","first_app:topface AND platform:vk","_exists_:(user_mau.1711.topfacemobappandroid OR user_mau.1711.topfacemobappios OR user_mau.1711.topface OR user_mau.1711.standalonetf)",0
"2018-03-01 00:00:00","first_app:topface AND platform:vk","_exists_:(user_mau.1712.topfacemobappandroid OR user_mau.1712.topfacemobappios OR user_mau.1712.topface OR user_mau.1712.standalonetf)",0
"2018-03-01 00:00:00","first_app:topface AND platform:vk","_exists_:(user_mau.1801.topfacemobappandroid OR user_mau.1801.topfacemobappios OR user_mau.1801.topface OR user_mau.1801.standalonetf)",0
"2018-03-01 00:00:00","first_app:topface AND platform:vk","_exists_:(user_mau.1802.topfacemobappandroid OR user_mau.1802.topfacemobappios OR user_mau.1802.topface OR user_mau.1802.standalonetf)",0
"2018-03-01 00:00:00","first_app:topface AND platform:ok","*",0
"2018-03-01 00:00:00","first_app:topface AND platform:ok","_exists_:(user_mau.1501.topfacemobappandroid OR user_mau.1501.topfacemobappios OR user_mau.1501.topface OR user_mau.1501.standalonetf)",0
"2018-03-01 00:00:00","first_app:topface AND platform:ok","_exists_:(user_mau.1502.topfacemobappandroid OR user_mau.1502.topfacemobappios OR user_mau.1502.topface OR user_mau.1502.standalonetf)",0
"2018-03-01 00:00:00","first_app:topface AND platform:ok","_exists_:(user_mau.1503.topfacemobappandroid OR user_mau.1503.topfacemobappios OR user_mau.1503.topface OR user_mau.1503.standalonetf)",0
"2018-03-01 00:00:00","first_app:topface AND platform:ok","_exists_:(user_mau.1504.topfacemobappandroid OR user_mau.1504.topfacemobappios OR user_mau.1504.topface OR user_mau.1504.standalonetf)",0
"2018-03-01 00:00:00","first_app:topface AND platform:ok","_exists_:(user_mau.1505.topfacemobappandroid OR user_mau.1505.topfacemobappios OR user_mau.1505.topface OR user_mau.1505.standalonetf)",0
"2018-03-01 00:00:00","first_app:topface AND platform:ok","_exists_:(user_mau.1506.topfacemobappandroid OR user_mau.1506.topfacemobappios OR user_mau.1506.topface OR user_mau.1506.standalonetf)",0
"2018-03-01 00:00:00","first_app:topface AND platform:ok","_exists_:(user_mau.1507.topfacemobappandroid OR user_mau.1507.topfacemobappios OR user_mau.1507.topface OR user_mau.1507.standalonetf)",0
"2018-03-01 00:00:00","first_app:topface AND platform:ok","_exists_:(user_mau.1508.topfacemobappandroid OR user_mau.1508.topfacemobappios OR user_mau.1508.topface OR user_mau.1508.standalonetf)",0
"2018-03-01 00:00:00","first_app:topface AND platform:ok","_exists_:(user_mau.1509.topfacemobappandroid OR user_mau.1509.topfacemobappios OR user_mau.1509.topface OR user_mau.1509.standalonetf)",0
"2018-03-01 00:00:00","first_app:topface AND platform:ok","_exists_:(user_mau.1510.topfacemobappandroid OR user_mau.1510.topfacemobappios OR user_mau.1510.topface OR user_mau.1510.standalonetf)",0
"2018-03-01 00:00:00","first_app:topface AND platform:ok","_exists_:(user_mau.1511.topfacemobappandroid OR user_mau.1511.topfacemobappios OR user_mau.1511.topface OR user_mau.1511.standalonetf)",0
"2018-03-01 00:00:00","first_app:topface AND platform:ok","_exists_:(user_mau.1512.topfacemobappandroid OR user_mau.1512.topfacemobappios OR user_mau.1512.topface OR user_mau.1512.standalonetf)",0
"2018-03-01 00:00:00","first_app:topface AND platform:ok","_exists_:(user_mau.1601.topfacemobappandroid OR user_mau.1601.topfacemobappios OR user_mau.1601.topface OR user_mau.1601.standalonetf)",0
"2018-03-01 00:00:00","first_app:topface AND platform:ok","_exists_:(user_mau.1602.topfacemobappandroid OR user_mau.1602.topfacemobappios OR user_mau.1602.topface OR user_mau.1602.standalonetf)",0
"2018-03-01 00:00:00","first_app:topface AND platform:ok","_exists_:(user_mau.1603.topfacemobappandroid OR user_mau.1603.topfacemobappios OR user_mau.1603.topface OR user_mau.1603.standalonetf)",0
"2018-03-01 00:00:00","first_app:topface AND platform:ok","_exists_:(user_mau.1604.topfacemobappandroid OR user_mau.1604.topfacemobappios OR user_mau.1604.topface OR user_mau.1604.standalonetf)",0
"2018-03-01 00:00:00","first_app:topface AND platform:ok","_exists_:(user_mau.1605.topfacemobappandroid OR user_mau.1605.topfacemobappios OR user_mau.1605.topface OR user_mau.1605.standalonetf)",0
"2018-03-01 00:00:00","first_app:topface AND platform:ok","_exists_:(user_mau.1606.topfacemobappandroid OR user_mau.1606.topfacemobappios OR user_mau.1606.topface OR user_mau.1606.standalonetf)",0
"2018-03-01 00:00:00","first_app:topface AND platform:ok","_exists_:(user_mau.1607.topfacemobappandroid OR user_mau.1607.topfacemobappios OR user_mau.1607.topface OR user_mau.1607.standalonetf)",0
"2018-03-01 00:00:00","first_app:topface AND platform:ok","_exists_:(user_mau.1608.topfacemobappandroid OR user_mau.1608.topfacemobappios OR user_mau.1608.topface OR user_mau.1608.standalonetf)",0
"2018-03-01 00:00:00","first_app:topface AND platform:ok","_exists_:(user_mau.1609.topfacemobappandroid OR user_mau.1609.topfacemobappios OR user_mau.1609.topface OR user_mau.1609.standalonetf)",0
"2018-03-01 00:00:00","first_app:topface AND platform:ok","_exists_:(user_mau.1610.topfacemobappandroid OR user_mau.1610.topfacemobappios OR user_mau.1610.topface OR user_mau.1610.standalonetf)",0
"2018-03-01 00:00:00","first_app:topface AND platform:ok","_exists_:(user_mau.1611.topfacemobappandroid OR user_mau.1611.topfacemobappios OR user_mau.1611.topface OR user_mau.1611.standalonetf)",0
"2018-03-01 00:00:00","first_app:topface AND platform:ok","_exists_:(user_mau.1612.topfacemobappandroid OR user_mau.1612.topfacemobappios OR user_mau.1612.topface OR user_mau.1612.standalonetf)",0
"2018-03-01 00:00:00","first_app:topface AND platform:ok","_exists_:(user_mau.1701.topfacemobappandroid OR user_mau.1701.topfacemobappios OR user_mau.1701.topface OR user_mau.1701.standalonetf)",0
"2018-03-01 00:00:00","first_app:topface AND platform:ok","_exists_:(user_mau.1702.topfacemobappandroid OR user_mau.1702.topfacemobappios OR user_mau.1702.topface OR user_mau.1702.standalonetf)",0
"2018-03-01 00:00:00","first_app:topface AND platform:ok","_exists_:(user_mau.1703.topfacemobappandroid OR user_mau.1703.topfacemobappios OR user_mau.1703.topface OR user_mau.1703.standalonetf)",0
"2018-03-01 00:00:00","first_app:topface AND platform:ok","_exists_:(user_mau.1704.topfacemobappandroid OR user_mau.1704.topfacemobappios OR user_mau.1704.topface OR user_mau.1704.standalonetf)",0
"2018-03-01 00:00:00","first_app:topface AND platform:ok","_exists_:(user_mau.1705.topfacemobappandroid OR user_mau.1705.topfacemobappios OR user_mau.1705.topface OR user_mau.1705.standalonetf)",0
"2018-03-01 00:00:00","first_app:topface AND platform:ok","_exists_:(user_mau.1706.topfacemobappandroid OR user_mau.1706.topfacemobappios OR user_mau.1706.topface OR user_mau.1706.standalonetf)",0
"2018-03-01 00:00:00","first_app:topface AND platform:ok","_exists_:(user_mau.1707.topfacemobappandroid OR user_mau.1707.topfacemobappios OR user_mau.1707.topface OR user_mau.1707.standalonetf)",0
"2018-03-01 00:00:00","first_app:topface AND platform:ok","_exists_:(user_mau.1708.topfacemobappandroid OR user_mau.1708.topfacemobappios OR user_mau.1708.topface OR user_mau.1708.standalonetf)",0
"2018-03-01 00:00:00","first_app:topface AND platform:ok","_exists_:(user_mau.1709.topfacemobappandroid OR user_mau.1709.topfacemobappios OR user_mau.1709.topface OR user_mau.1709.standalonetf)",0
"2018-03-01 00:00:00","first_app:topface AND platform:ok","_exists_:(user_mau.1710.topfacemobappandroid OR user_mau.1710.topfacemobappios OR user_mau.1710.topface OR user_mau.1710.standalonetf)",0
"2018-03-01 00:00:00","first_app:topface AND platform:ok","_exists_:(user_mau.1711.topfacemobappandroid OR user_mau.1711.topfacemobappios OR user_mau.1711.topface OR user_mau.1711.standalonetf)",0
"2018-03-01 00:00:00","first_app:topface AND platform:ok","_exists_:(user_mau.1712.topfacemobappandroid OR user_mau.1712.topfacemobappios OR user_mau.1712.topface OR user_mau.1712.standalonetf)",0
"2018-03-01 00:00:00","first_app:topface AND platform:ok","_exists_:(user_mau.1801.topfacemobappandroid OR user_mau.1801.topfacemobappios OR user_mau.1801.topface OR user_mau.1801.standalonetf)",0
"2018-03-01 00:00:00","first_app:topface AND platform:ok","_exists_:(user_mau.1802.topfacemobappandroid OR user_mau.1802.topfacemobappios OR user_mau.1802.topface OR user_mau.1802.standalonetf)",0
"2018-03-01 00:00:00","first_app:topface AND platform:fb","*",0
"2018-03-01 00:00:00","first_app:topface AND platform:fb","_exists_:(user_mau.1501.topfacemobappandroid OR user_mau.1501.topfacemobappios OR user_mau.1501.topface OR user_mau.1501.standalonetf)",0
"2018-03-01 00:00:00","first_app:topface AND platform:fb","_exists_:(user_mau.1502.topfacemobappandroid OR user_mau.1502.topfacemobappios OR user_mau.1502.topface OR user_mau.1502.standalonetf)",0
"2018-03-01 00:00:00","first_app:topface AND platform:fb","_exists_:(user_mau.1503.topfacemobappandroid OR user_mau.1503.topfacemobappios OR user_mau.1503.topface OR user_mau.1503.standalonetf)",0
"2018-03-01 00:00:00","first_app:topface AND platform:fb","_exists_:(user_mau.1504.topfacemobappandroid OR user_mau.1504.topfacemobappios OR user_mau.1504.topface OR user_mau.1504.standalonetf)",0
"2018-03-01 00:00:00","first_app:topface AND platform:fb","_exists_:(user_mau.1505.topfacemobappandroid OR user_mau.1505.topfacemobappios OR user_mau.1505.topface OR user_mau.1505.standalonetf)",0
"2018-03-01 00:00:00","first_app:topface AND platform:fb","_exists_:(user_mau.1506.topfacemobappandroid OR user_mau.1506.topfacemobappios OR user_mau.1506.topface OR user_mau.1506.standalonetf)",0
"2018-03-01 00:00:00","first_app:topface AND platform:fb","_exists_:(user_mau.1507.topfacemobappandroid OR user_mau.1507.topfacemobappios OR user_mau.1507.topface OR user_mau.1507.standalonetf)",0
"2018-03-01 00:00:00","first_app:topface AND platform:fb","_exists_:(user_mau.1508.topfacemobappandroid OR user_mau.1508.topfacemobappios OR user_mau.1508.topface OR user_mau.1508.standalonetf)",0
"2018-03-01 00:00:00","first_app:topface AND platform:fb","_exists_:(user_mau.1509.topfacemobappandroid OR user_mau.1509.topfacemobappios OR user_mau.1509.topface OR user_mau.1509.standalonetf)",0
"2018-03-01 00:00:00","first_app:topface AND platform:fb","_exists_:(user_mau.1510.topfacemobappandroid OR user_mau.1510.topfacemobappios OR user_mau.1510.topface OR user_mau.1510.standalonetf)",0
"2018-03-01 00:00:00","first_app:topface AND platform:fb","_exists_:(user_mau.1511.topfacemobappandroid OR user_mau.1511.topfacemobappios OR user_mau.1511.topface OR user_mau.1511.standalonetf)",0
"2018-03-01 00:00:00","first_app:topface AND platform:fb","_exists_:(user_mau.1512.topfacemobappandroid OR user_mau.1512.topfacemobappios OR user_mau.1512.topface OR user_mau.1512.standalonetf)",0
"2018-03-01 00:00:00","first_app:topface AND platform:fb","_exists_:(user_mau.1601.topfacemobappandroid OR user_mau.1601.topfacemobappios OR user_mau.1601.topface OR user_mau.1601.standalonetf)",0
"2018-03-01 00:00:00","first_app:topface AND platform:fb","_exists_:(user_mau.1602.topfacemobappandroid OR user_mau.1602.topfacemobappios OR user_mau.1602.topface OR user_mau.1602.standalonetf)",0
"2018-03-01 00:00:00","first_app:topface AND platform:fb","_exists_:(user_mau.1603.topfacemobappandroid OR user_mau.1603.topfacemobappios OR user_mau.1603.topface OR user_mau.1603.standalonetf)",0
"2018-03-01 00:00:00","first_app:topface AND platform:fb","_exists_:(user_mau.1604.topfacemobappandroid OR user_mau.1604.topfacemobappios OR user_mau.1604.topface OR user_mau.1604.standalonetf)",0
"2018-03-01 00:00:00","first_app:topface AND platform:fb","_exists_:(user_mau.1605.topfacemobappandroid OR user_mau.1605.topfacemobappios OR user_mau.1605.topface OR user_mau.1605.standalonetf)",0
"2018-03-01 00:00:00","first_app:topface AND platform:fb","_exists_:(user_mau.1606.topfacemobappandroid OR user_mau.1606.topfacemobappios OR user_mau.1606.topface OR user_mau.1606.standalonetf)",0
"2018-03-01 00:00:00","first_app:topface AND platform:fb","_exists_:(user_mau.1607.topfacemobappandroid OR user_mau.1607.topfacemobappios OR user_mau.1607.topface OR user_mau.1607.standalonetf)",0
"2018-03-01 00:00:00","first_app:topface AND platform:fb","_exists_:(user_mau.1608.topfacemobappandroid OR user_mau.1608.topfacemobappios OR user_mau.1608.topface OR user_mau.1608.standalonetf)",0
"2018-03-01 00:00:00","first_app:topface AND platform:fb","_exists_:(user_mau.1609.topfacemobappandroid OR user_mau.1609.topfacemobappios OR user_mau.1609.topface OR user_mau.1609.standalonetf)",0
"2018-03-01 00:00:00","first_app:topface AND platform:fb","_exists_:(user_mau.1610.topfacemobappandroid OR user_mau.1610.topfacemobappios OR user_mau.1610.topface OR user_mau.1610.standalonetf)",0
"2018-03-01 00:00:00","first_app:topface AND platform:fb","_exists_:(user_mau.1611.topfacemobappandroid OR user_mau.1611.topfacemobappios OR user_mau.1611.topface OR user_mau.1611.standalonetf)",0
"2018-03-01 00:00:00","first_app:topface AND platform:fb","_exists_:(user_mau.1612.topfacemobappandroid OR user_mau.1612.topfacemobappios OR user_mau.1612.topface OR user_mau.1612.standalonetf)",0
"2018-03-01 00:00:00","first_app:topface AND platform:fb","_exists_:(user_mau.1701.topfacemobappandroid OR user_mau.1701.topfacemobappios OR user_mau.1701.topface OR user_mau.1701.standalonetf)",0
"2018-03-01 00:00:00","first_app:topface AND platform:fb","_exists_:(user_mau.1702.topfacemobappandroid OR user_mau.1702.topfacemobappios OR user_mau.1702.topface OR user_mau.1702.standalonetf)",0
"2018-03-01 00:00:00","first_app:topface AND platform:fb","_exists_:(user_mau.1703.topfacemobappandroid OR user_mau.1703.topfacemobappios OR user_mau.1703.topface OR user_mau.1703.standalonetf)",0
"2018-03-01 00:00:00","first_app:topface AND platform:fb","_exists_:(user_mau.1704.topfacemobappandroid OR user_mau.1704.topfacemobappios OR user_mau.1704.topface OR user_mau.1704.standalonetf)",0
"2018-03-01 00:00:00","first_app:topface AND platform:fb","_exists_:(user_mau.1705.topfacemobappandroid OR user_mau.1705.topfacemobappios OR user_mau.1705.topface OR user_mau.1705.standalonetf)",0
"2018-03-01 00:00:00","first_app:topface AND platform:fb","_exists_:(user_mau.1706.topfacemobappandroid OR user_mau.1706.topfacemobappios OR user_mau.1706.topface OR user_mau.1706.standalonetf)",0
"2018-03-01 00:00:00","first_app:topface AND platform:fb","_exists_:(user_mau.1707.topfacemobappandroid OR user_mau.1707.topfacemobappios OR user_mau.1707.topface OR user_mau.1707.standalonetf)",0
"2018-03-01 00:00:00","first_app:topface AND platform:fb","_exists_:(user_mau.1708.topfacemobappandroid OR user_mau.1708.topfacemobappios OR user_mau.1708.topface OR user_mau.1708.standalonetf)",0
"2018-03-01 00:00:00","first_app:topface AND platform:fb","_exists_:(user_mau.1709.topfacemobappandroid OR user_mau.1709.topfacemobappios OR user_mau.1709.topface OR user_mau.1709.standalonetf)",0
"2018-03-01 00:00:00","first_app:topface AND platform:fb","_exists_:(user_mau.1710.topfacemobappandroid OR user_mau.1710.topfacemobappios OR user_mau.1710.topface OR user_mau.1710.standalonetf)",0
"2018-03-01 00:00:00","first_app:topface AND platform:fb","_exists_:(user_mau.1711.topfacemobappandroid OR user_mau.1711.topfacemobappios OR user_mau.1711.topface OR user_mau.1711.standalonetf)",0
"2018-03-01 00:00:00","first_app:topface AND platform:fb","_exists_:(user_mau.1712.topfacemobappandroid OR user_mau.1712.topfacemobappios OR user_mau.1712.topface OR user_mau.1712.standalonetf)",0
"2018-03-01 00:00:00","first_app:topface AND platform:fb","_exists_:(user_mau.1801.topfacemobappandroid OR user_mau.1801.topfacemobappios OR user_mau.1801.topface OR user_mau.1801.standalonetf)",0
"2018-03-01 00:00:00","first_app:topface AND platform:fb","_exists_:(user_mau.1802.topfacemobappandroid OR user_mau.1802.topfacemobappios OR user_mau.1802.topface OR user_mau.1802.standalonetf)",0
